PIVlab, ASCII chart output - 13-Mar-2024
FRAME: 19, filenames: A:[19]2 vortices tapados mismo sentido clase 4.mp4 & B:[20]2 vortices tapados mismo sentido clase 4.mp4, conversion factor xy (px -> m): 0.00030272, conversion factor uv (px/frame -> m/s): 0.0090842
x [m],y [m],u [m/s],v [m/s],Vector type [-],vorticity [1/s],magnitude [m/s],divergence [1/s],dcev [1],simple shear [1/s],simple strain [1/s],vector direction [degrees]
0.1262357086,0.237637952,0.01461247355,-0.002417601412,1,-0.3919493556,0.01481111627,-2.069634914,0,-1.308609247,-0.427538693,-9.394360542
0.1262357086,0.2424815297,0.01049407944,-0.006394411903,1,-0.4609238207,0.01228878368,-0.7123295665,0,-0.3943540156,0.2240040749,-31.35542107
0.1262357086,0.2473251075,0.01046986878,-0.006952806376,1,-0.09744979441,0.01256820094,0.01204564422,0,0.1192601025,0.1948539317,-33.58724976
0.1262357086,0.2521686852,0.01059971936,-0.007279857993,1,-0.0665506497,0.01285886392,0.05161327869,0,0.03501785547,0.1810337901,-34.48117447
0.1262357086,0.257012248,0.01031713746,-0.007579663768,1,-0.08038341999,0.01280213334,-0.003648653626,0,-0.05260369554,0.09834140539,-36.30350876
0.1262357086,0.2618558407,0.009955585934,-0.00777385477,1,-0.0256893076,0.01263117231,-0.08384038508,0,-0.1211638749,0.01873382553,-37.98462677
0.1262357086,0.2666994035,0.009605842642,-0.008076489903,1,-0.0870853141,0.01254997589,-0.2082858682,0,-0.260112375,0.006377518177,-40.05676651
0.1262357086,0.2715429962,0.008273907006,-0.008813593537,1,-0.2544658184,0.0120887123,-0.1293127686,0,-0.2314925343,0.05100692809,-46.80900955
0.1262357086,0.276386559,0.007252065465,-0.008949882351,1,-0.2673357725,0.01151923835,-0.003189042676,0,-0.1693404019,0.01294823922,-50.9822464
0.1262357086,0.2812301517,0.006158831995,-0.008891755715,1,-0.1934517622,0.01081640087,0.1120621711,0,-0.173712641,0.2732390761,-55.29177475
0.1262357086,0.2860737145,0.005473676138,-0.009730555117,1,-0.143743068,0.01116444543,0.1657256782,0,-0.07551580667,0.5700001717,-60.64117813
0.1262357086,0.2909172773,0.005096837878,-0.01084988471,1,-0.06771476567,0.01198739931,0.2269705385,0,-0.1066330969,0.5131083727,-64.83776093
0.1262357086,0.29576087,0.004629208706,-0.01111648604,1,0.06534919143,0.01204183698,0.1272217035,0,-0.2743396461,0.1895778775,-67.39182281
0.1262357086,0.3006044328,0.004084576387,-0.01115191169,1,0.1463122517,0.01187640056,0.08462909609,0,-0.3866673112,-0.02990260907,-69.88388824
0.1262357086,0.3054480255,0.003465030342,-0.01056174282,1,0.2810246348,0.01111561246,-0.07448638231,0,-0.843993783,-0.07398875803,-71.83669281
0.1262357086,0.3102915883,0.001357791363,-0.01115432195,1,0.1458258033,0.01123665925,-0.2286095172,0,-1.196058035,0.3591070175,-83.05965424
0.1262357086,0.315135181,-0.001621851348,-0.0134083936,1,-0.4284688532,0.01350612473,0.1671147048,0,-0.6279699206,0.8249053955,-96.89686584
0.1262357086,0.3199787438,-0.00375915179,-0.01434038207,1,-0.8124406338,0.01482490357,0.1487463117,0,0.2692677677,1.355735064,-104.6888733
0.1262357086,0.3248223364,-0.004252751358,-0.0192545373,1,-1.78557992,0.01971859857,-0.1291189492,0,1.419656515,0.2995548248,-102.4549637
0.1262357086,0.3296658993,-0.005531529896,-0.01641669683,1,-1.766696334,0.01732356101,-0.3968670964,0,1.836806536,-0.8363214135,-108.6210098
0.1262357086,0.3345094621,-0.003913168795,-0.01712601259,1,-2.161579609,0.01756739058,-1.538245559,0,2.175849676,-1.978486657,-102.8707199
0.1262357086,0.3393530548,-0.005462410394,-0.01428435463,1,-3.03835535,0.01529315952,-0.2721383572,0,0.7646905184,-3.905814171,-110.9271088
0.1262357086,0.3441966176,-0.01492584124,0.0004739803553,1,-2.38999033,0.0149333654,3.504502296,0,-4.461876869,-3.716393471,178.1811371
0.1262357086,0.3490402102,-0.03864996135,0.02069061622,1,0.1364459991,0.04383972287,9.16881752,0,-9.932530403,0.8210320473,151.8383789
0.1310792714,0.237637952,0.008564864285,-0.004637551494,1,0.2837097645,0.009739804082,-1.093953848,0,0.02457372844,-0.435084343,-28.43387794
0.1310792714,0.2424815297,0.009311461821,-0.006233194377,1,0.1739225239,0.01120517869,-0.2750464678,0,0.3228321671,0.09460401535,-33.79878616
0.1310792714,0.2473251075,0.01097093429,-0.006427982356,1,0.1708545983,0.01271535922,0.02811062336,0,0.211440891,0.1934196055,-30.36647034
0.1310792714,0.2521686852,0.01116313972,-0.007033881266,1,0.004043940455,0.0131943617,0.004022985697,0,-0.0916800499,0.2279084474,-32.21498108
0.1310792714,0.257012248,0.01054646261,-0.007512387354,1,-0.07790623605,0.01294850744,0.02530244738,0,-0.2039572448,0.2258137465,-35.46278381
0.1310792714,0.2618558407,0.009797912091,-0.008005073294,1,-0.08760686219,0.01265228353,-0.05148425698,0,-0.2075464278,0.1514930278,-39.24945068
0.1310792714,0.2666994035,0.009116864763,-0.008495523594,1,-0.1132539064,0.01246158686,-0.1398288161,0,-0.2405433804,0.01561081782,-42.97951889
0.1310792714,0.2715429962,0.008084267378,-0.008757957257,1,-0.1661497355,0.01191877481,-0.06662197411,0,-0.2139751911,-0.02181306668,-47.29061508
0.1310792714,0.276386559,0.007275700103,-0.008712559007,1,-0.1355698258,0.01135096885,-0.02240230888,2.983788013,-0.06930352747,-0.004647954367,-50.13535309
0.1310792714,0.2812301517,0.007091947366,-0.008843951859,1,0.0006239044014,0.01133627817,-0.00842308253,0,-0.004806088284,0.1676377952,-51.27394485
0.1310792714,0.2860737145,0.007255443372,-0.009565323591,1,-0.0502750501,0.01200570166,-0.09270948172,0,0.008405014873,0.3408937752,-52.81912994
0.1310792714,0.2909172773,0.006889147218,-0.01094413642,1,-0.2821806371,0.01293191686,-0.1247386038,6.049190998,-0.101629734,0.3653566837,-57.81028366
0.1310792714,0.29576087,0.005396428052,-0.01193913817,1,-0.2291887999,0.01310207881,-0.07969436049,0,-0.3224768043,0.2296916544,-65.67728424
0.1310792714,0.3006044328,0.004217111971,-0.01244267169,1,-0.08074621856,0.01313788816,-0.1030221134,0,-0.3922454715,0.1751097888,-71.27728271
0.1310792714,0.3054480255,0.00310545601,-0.01328629162,1,0.0832413137,0.01364439074,-0.165109992,0,-0.6083251238,0.2398385704,-76.84421539
0.1310792714,0.3102915883,0.001673827763,-0.01440407149,1,0.2306332886,0.01450099889,0.1294727176,0,-0.710619688,0.254431963,-83.37165833
0.1310792714,0.315135181,0.0007806044887,-0.0138915414,1,0.1173831671,0.01391345635,0.7225042582,0,-0.4868320823,0.1685024798,-86.78377533
0.1310792714,0.3199787438,-0.0001156268481,-0.01172072068,1,-0.276786834,0.01172129065,0.6642203927,0,-0.6771768332,0.1688456982,-90.56521606
0.1310792714,0.3248223364,-0.003839992918,-0.01149215549,1,-1.309998035,0.01211673114,0.5270761251,29.26683235,-0.4247560501,-0.3051433861,-108.4765549
0.1310792714,0.3296658993,-0.008518042974,-0.007689800579,1,-1.131252646,0.0114756301,0.1289784312,24.06763458,-0.6422213316,-0.8765724301,-137.925354
0.1310792714,0.3345094621,-0.01242992561,-0.006621706765,1,-1.577701569,0.0140836807,-0.6498126984,37.38595963,0.119594276,-1.189825058,-151.9547424
0.1310792714,0.3393530548,-0.01558049861,-0.005074208602,1,-1.093176126,0.01638595574,-0.8619940281,12.49529552,0.4719267786,-1.291022062,-161.9607697
0.1310792714,0.3441966176,-0.01543899532,-0.004543676041,1,0.8204553723,0.0160937123,0.01669479907,14.91311646,-0.5884429812,-0.268211484,-163.6009064
0.1310792714,0.3490402102,-0.01445672847,-0.003694242798,1,3.146206379,0.01492127404,2.891699791,0,-2.74061203,2.54095459,-165.6655121
0.1359228492,0.237637952,0.007206469309,-0.003672745079,1,0.2044697404,0.00808840245,-0.3074398637,0,0.7921589613,0.5185662508,-27.00546646
0.1359228492,0.2424815297,0.009620093741,-0.005673157517,1,0.2921955287,0.01116829924,-0.04459220171,0,0.603092432,0.592019558,-30.52868462
0.1359228492,0.2473251075,0.01154286601,-0.006756223738,1,0.2677516341,0.01337476447,-0.04458849132,5.348098755,0.1664319485,0.3828530312,-30.34112167
0.1359228492,0.2521686852,0.01172309555,-0.007743503898,1,0.1475409269,0.01404965576,0.02301472425,0,-0.1494877636,0.3190725446,-33.44612122
0.1359228492,0.257012248,0.01153343637,-0.008190200664,1,0.02050170302,0.01414565463,0.145815447,0,-0.2854112685,0.2720210552,-35.37957382
0.1359228492,0.2618558407,0.01043998543,-0.008354790509,1,-0.1672761142,0.01337145548,0.06922152638,0,-0.3549107015,0.173034206,-38.66918564
0.1359228492,0.2666994035,0.009004184045,-0.008693025447,1,-0.2077610195,0.01251575164,-0.09830510616,0,-0.3278801739,0.0442442745,-43.99271011
0.1359228492,0.2715429962,0.007845565677,-0.009045239538,1,-0.1866146028,0.01197369024,-0.09548427165,0,-0.2021761835,-0.1087200493,-49.06262207
0.1359228492,0.276386559,0.007121045608,-0.008628916927,1,-0.1459463537,0.01118782815,-0.1284331977,1.417161584,-0.04308045655,-0.1546913385,-50.46871948
0.1359228492,0.2812301517,0.006929999683,-0.008918056265,1,-0.01254333183,0.01129409671,-0.1768036187,0,-0.07938693464,-0.008040517569,-52.15011215
0.1359228492,0.2860737145,0.006675774232,-0.009446334094,1,-0.09985081851,0.01156715956,-0.198280558,0,-0.03800457343,0.02001278102,-54.75094986
0.1359228492,0.2909172773,0.006262288429,-0.009975373745,1,-0.278845787,0.01177812926,-0.2701274753,1.797774553,0.006311058998,0.1679781973,-57.88043213
0.1359228492,0.29576087,0.005355731118,-0.01156833302,1,-0.3498638272,0.01274794806,-0.1971771419,7.507079601,-0.02765676379,0.3572284281,-65.15753174
0.1359228492,0.3006044328,0.004433738068,-0.01266068034,1,-0.2108451128,0.01341457665,-0.05418874323,4.560345173,-0.1047785282,0.429557085,-70.69987488
0.1359228492,0.3054480255,0.003826983506,-0.01391139347,1,-0.09227509052,0.01442818996,0.01775795221,0,-0.1588775814,0.6480083466,-74.61858368
0.1359228492,0.3102915883,0.003217260586,-0.01571334712,1,-0.001599960029,0.01603932865,0.202521503,0,-0.2323554456,0.7028869987,-78.42878723
0.1359228492,0.315135181,0.002693802351,-0.01633495279,1,0.1145118177,0.01655558124,0.4754014611,0,-0.7217897177,0.5923299789,-80.63561249
0.1359228492,0.3199787438,0.0002758625778,-0.01627969928,1,0.2082166076,0.0162820369,0.4095001221,0,-1.42046237,0.1270338446,-89.02920532
0.1359228492,0.3248223364,-0.003177804407,-0.01496680547,1,-0.1149069667,0.01530044805,0.3442003131,0,-1.831674099,-0.116545938,-101.9872284
0.1359228492,0.3296658993,-0.009152553976,-0.01404803898,1,0.09572887421,0.01676653326,0.7637005448,0,-2.087192535,-0.4878088832,-123.0849838
0.1359228492,0.3345094621,-0.01282358356,-0.008905041032,1,0.01615911722,0.01561230421,0.8211986423,0,-1.407308817,-0.6951124072,-145.2228546
0.1359228492,0.3393530548,-0.01589069515,-0.006703668274,1,0.1113850474,0.0172468368,0.1751388013,0,-0.7969312668,-0.3523479998,-157.1269989
0.1359228492,0.3441966176,-0.01614408009,-0.006350117736,1,0.5686120987,0.01734806411,-0.4376335442,8.436102867,0.1651796699,-0.2066196501,-158.5282745
0.1359228492,0.3490402102,-0.01233651768,-0.007822602056,1,0.6740168333,0.01460762694,-0.8244153857,0,0.8981890678,-0.2164021134,-147.62117
0.1407664269,0.237637952,0.009587471373,-0.001791032846,1,0.2707764804,0.009753327817,-0.08106476068,0,0.7101089954,1.131389618,-10.58144379
0.1407664269,0.2424815297,0.01196296886,-0.004727341235,1,0.1774167418,0.01286314055,0.1675171256,0,0.4464761019,1.2261765,-21.56217384
0.1407664269,0.2473251075,0.01260934491,-0.006918732077,1,0.02976151556,0.01438278239,-0.07545313239,0,0.1471938491,0.6977814436,-28.75352287
0.1407664269,0.2521686852,0.01282006595,-0.008472562768,1,0.05965569243,0.01536679547,0.08418759704,0,-0.06771972775,0.5126667023,-33.46004105
0.1407664269,0.257012248,0.01257028617,-0.008994100615,1,-0.03697253764,0.01545658242,0.2311617732,0,-0.3447224498,0.3222789764,-35.58390808
0.1407664269,0.2618558407,0.01097129658,-0.008913896047,1,-0.2005001456,0.01413601451,0.1289974004,0,-0.5665504932,0.146180883,-39.0929718
0.1407664269,0.2666994035,0.008855016902,-0.00907733012,1,-0.2122500688,0.01268105861,-0.08091493696,0,-0.5880072713,-0.09754829854,-45.71027756
0.1407664269,0.2715429962,0.007095187902,-0.008833331056,1,-0.2629476488,0.01133002341,-0.1447315216,0,-0.3462409675,-0.3229076862,-51.22756195
0.1407664269,0.276386559,0.0059043644,-0.008214320056,1,-0.1068097427,0.01011615433,-0.3341342211,0,-0.07870342582,-0.2650978565,-54.29182816
0.1407664269,0.2812301517,0.006196640432,-0.009167714044,1,0.05654158443,0.01106550172,-0.3442259431,0,0.04413299263,-0.1271454096,-55.94445801
0.1407664269,0.2860737145,0.006391989533,-0.009265766479,1,-0.06214955449,0.01125664078,-0.1583977491,0,0.1029746383,-0.07679602504,-55.40014267
0.1407664269,0.2909172773,0.006394379307,-0.009562957101,1,-0.1686061025,0.01150383521,-0.1216376498,0,0.1231147945,0.1080968156,-56.23088455
0.1407664269,0.29576087,0.006171648856,-0.01037850324,1,-0.2626023591,0.01207487378,-0.08182893693,4.267876625,0.18845433,0.4066473246,-59.26187897
0.1407664269,0.3006044328,0.006035237573,-0.01192892995,1,-0.171940133,0.01336874906,0.04686716199,0,0.2046634704,0.7138086557,-63.16365051
0.1407664269,0.3054480255,0.00633014692,-0.01360888593,1,-0.1534960717,0.01500908192,0.2539035678,0,0.1584524661,0.9956741929,-65.05459595
0.1407664269,0.3102915883,0.006059244275,-0.01552175358,1,-0.1621798575,0.01666251197,0.3804495931,0,0.08415855467,1.275107861,-68.67576599
0.1407664269,0.315135181,0.005952244624,-0.01794223301,1,-0.2042340636,0.01890378073,0.2923333049,0,-0.5340894461,1.136255026,-71.64699554
0.1407664269,0.3199787438,0.002483116928,-0.01960935444,1,-0.1979701519,0.01976594701,0.3221212626,0,-1.596070647,0.7072120905,-82.78309631
0.1407664269,0.3248223364,-0.002737331204,-0.01980745047,1,0.2341763973,0.01999570057,0.3492434621,0,-2.229572773,0.07126635313,-97.86827087
0.1407664269,0.3296658993,-0.007181740366,-0.0182629507,1,0.03980410099,0.01962429099,0.9089230299,0,-1.914846539,-0.3899279833,-111.4667816
0.1407664269,0.3345094621,-0.01181921735,-0.01351638418,1,-0.1402633786,0.01795512624,1.026277423,0,-1.770944595,-0.7883402705,-131.1676483
0.1407664269,0.3393530548,-0.01643882506,-0.00947370939,1,-0.2128075063,0.01897330023,0.6421138644,0,-1.178781271,-0.8069496751,-150.0451202
0.1407664269,0.3441966176,-0.01855948567,-0.006497732364,1,-0.4951379597,0.01966405474,0.3542150557,8.296113968,-0.1364580095,-1.063179851,-160.7046967
0.1407664269,0.3490402102,-0.01949800923,-0.002608447336,1,-1.473059058,0.0196717158,-0.2163347602,0,1.085527062,-1.822285175,-172.3802032
0.1456100047,0.237637952,0.01229379885,-0.001544803963,1,0.9143710732,0.01239047572,-0.3245389163,0,0.7689954638,0.8420134783,-7.162086964
0.1456100047,0.2424815297,0.01637055725,-0.004369947594,1,-0.07983464003,0.01694377698,0.5307736993,0,0.5471261144,1.489285707,-14.94600773
0.1456100047,0.2473251075,0.01455716137,-0.006187431049,1,-0.4097092152,0.01581756026,-0.02546855807,10.59982872,0.0470533967,0.798407793,-23.0276165
0.1456100047,0.2521686852,0.01461400557,-0.008360456675,1,-0.1282591075,0.01683646068,0.03046411276,2.885215044,0.05742462352,0.7517048717,-29.77323532
0.1456100047,0.257012248,0.01421406958,-0.009680811316,1,-0.106205523,0.01719761267,0.1986909807,0,-0.4803800583,0.5635714531,-34.25770187
0.1456100047,0.2618558407,0.01177283283,-0.01012778375,1,-0.2118433118,0.01552970055,0.01114752144,0,-1.042247534,0.182967484,-40.70433426
0.1456100047,0.2666994035,0.008139783517,-0.01051303465,1,-0.1646077037,0.01329586376,-0.1263699532,0,-1.11385107,-0.2665775418,-52.25094986
0.1456100047,0.2715429962,0.00558051886,-0.009448677301,1,-0.1427406967,0.01097359043,-0.1137655675,0,-0.6668189764,-0.5308648348,-59.43331528
0.1456100047,0.276386559,0.004218618385,-0.008492781781,1,-0.04923600331,0.009482830763,-0.288181901,0,-0.143522948,-0.3853247762,-63.58503723
0.1456100047,0.2812301517,0.004646875896,-0.008978158236,1,-0.07218825817,0.01010944042,-0.329436034,0,0.3442963064,-0.2976908386,-62.63502121
0.1456100047,0.2860737145,0.005536594894,-0.008646542206,1,-0.1098115593,0.01026725769,-0.09106107801,0,0.4297881126,-0.1768981516,-57.36755753
0.1456100047,0.2909172773,0.006196702365,-0.008562400937,1,-0.1479119807,0.01056947652,-0.1443004906,0,0.4353894591,0.007872708142,-54.10633469
0.1456100047,0.29576087,0.006929014344,-0.009383604862,1,-0.09458304942,0.01166461594,-0.1285939962,0,0.4912790656,0.3409288526,-53.55720901
0.1456100047,0.3006044328,0.008118130267,-0.01083657146,1,-0.02092498541,0.01354013756,0.109533608,0,0.6300606728,0.7323875427,-53.16157913
0.1456100047,0.3054480255,0.009879410267,-0.01240044646,1,-0.06901606917,0.01585477218,0.3044611216,0,0.7127450705,1.064976692,-51.45574188
0.1456100047,0.3102915883,0.01123608183,-0.01452018786,1,-0.465696305,0.01835988462,0.385909915,0,0.4107515514,1.528079391,-52.26640701
0.1456100047,0.315135181,0.009613281116,-0.01793263294,1,-0.9410862923,0.02034685388,0.02774858475,23.33088112,-0.2924158573,1.789116025,-61.80524063
0.1456100047,0.3199787438,0.005261518527,-0.02305150777,1,-0.4084146023,0.02364435606,0.1159679294,0,-1.811909676,1.967395544,-77.14247131
0.1456100047,0.3248223364,-0.001141032437,-0.02690016665,1,0.5867432356,0.02692435496,0.8448663354,0,-3.043662548,0.9406701326,-92.42887115
0.1456100047,0.3296658993,-0.006638761144,-0.02351554111,1,-0.145629108,0.02443468571,1.211526275,0,-2.028407812,-0.8730536699,-105.7651062
0.1456100047,0.3345094621,-0.01167111658,-0.01680337265,1,-0.5237380862,0.02045894228,0.7675192952,0,-1.551242352,-1.737468719,-124.7826767
0.1456100047,0.3393530548,-0.01668909006,-0.01138243731,1,-0.8366646171,0.02020112798,0.833643198,0,-0.7957835793,-1.68320477,-145.7049103
0.1456100047,0.3441966176,-0.01957800612,-0.004612823483,1,-1.047774911,0.02011408657,1.818604112,0,-0.09221753478,-1.47494185,-166.7422028
0.1456100047,0.3490402102,-0.0222107321,0.004570108373,1,-1.466323018,0.0226760339,3.219359636,0,0.3792266846,-0.5724258423,168.3730164
0.1504535824,0.237637952,0.01209389977,-0.002495171037,1,2.28047514,0.01234861463,-0.6998708248,0,1.705579996,-1.032089233,-11.6574955
0.1504535824,0.2424815297,0.02174728364,-0.001690608216,1,-0.1352894902,0.02181289718,0.4428560138,0,1.014647007,0.8993771672,-4.445166111
0.1504535824,0.2473251075,0.01635313593,-0.004706366919,1,-0.9321943521,0.0170169007,-0.01355844736,24.08996391,-0.1287406981,1.200953007,-16.05560684
0.1504535824,0.2521686852,0.01660856232,-0.007573189214,1,-0.3185374141,0.01825369895,-0.06081211567,2.31790328,0.2997966409,1.198605418,-24.51208496
0.1504535824,0.257012248,0.01626236364,-0.0108064441,1,-0.2977650166,0.01952546276,0.1334224343,0,-0.6719839573,1.240627527,-33.60429382
0.1504535824,0.2618558407,0.0119115077,-0.01293602306,1,-0.3396744728,0.01758478582,-0.2245130241,0,-1.58258605,0.3677392304,-47.3610878
0.1504535824,0.2666994035,0.006951745134,-0.01367506385,1,-0.1896766424,0.01534060389,-0.2714111805,0,-1.449326158,-0.5943704247,-63.05340195
0.1504535824,0.2715429962,0.003972870298,-0.0113717448,1,-0.1433201134,0.01204575785,0.01820144057,0,-0.7464277148,-1.014931202,-70.74246216
0.1504535824,0.276386559,0.0026421824,-0.008671006188,1,-0.1905729473,0.009064627811,-0.001153290272,4.937940598,0.02256334573,-0.87267977,-73.0532608
0.1504535824,0.2812301517,0.003159102751,-0.007150438614,1,-0.1704772115,0.007817205042,-0.1008539945,0,0.6766992211,-0.5176600814,-66.16390228
0.1504535824,0.2860737145,0.005094108172,-0.006652173586,1,-0.2305748463,0.008378624916,-0.08928258717,0,0.7621005177,-0.1744982153,-52.55579376
0.1504535824,0.2909172773,0.005733580794,-0.00673769135,1,-0.271412611,0.008847057819,-0.1486512423,0,0.7062154412,0.03482078016,-49.60317612
0.1504535824,0.29576087,0.007200109307,-0.007540834602,1,-0.04916611314,0.01042620558,-0.1143712029,0,0.9533669949,0.3064208329,-46.32411194
0.1504535824,0.3006044328,0.01011314802,-0.008775830269,1,0.06245601177,0.01338995714,0.05006454885,0,1.127370238,0.5211068988,-40.95028305
0.1504535824,0.3054480255,0.01296312548,-0.009822364897,1,-0.1053448915,0.01626411639,0.212703377,0,1.182369471,0.7290117741,-37.1517868
0.1504535824,0.3102915883,0.01532980055,-0.0112766102,1,-0.682742238,0.019030625,0.2193527818,0,1.052147627,1.247101784,-36.3382225
0.1504535824,0.315135181,0.01475236937,-0.01480034739,1,-1.239439011,0.02089695446,-0.2061289549,26.66505623,0.6704895496,2.917736053,-45.09301758
0.1504535824,0.3199787438,0.01257404964,-0.02640729211,1,-1.301568985,0.02924810722,-0.06863164902,31.04110718,-0.5237998366,4.595535278,-64.53816986
0.1504535824,0.3248223364,0.005911053624,-0.03739160299,1,-1.298316717,0.03785594553,0.942233026,0,-2.441970348,1.14353931,-81.01673126
0.1504535824,0.3296658993,-0.005542322062,-0.02738233469,1,-3.211772919,0.02793760225,2.313905954,44.80781555,-1.418764114,-1.587854385,-101.4423676
0.1504535824,0.3345094621,-0.01651724242,-0.01849318109,1,-1.26324439,0.02479550429,-0.5894414186,0,-1.835998058,-4.327718735,-131.7697296
0.1504535824,0.3393530548,-0.02055374347,-0.009275699034,1,-0.2215031534,0.02254983224,-0.7950806618,0,0.143525973,-4.227205753,-155.7108154
0.1504535824,0.3441966176,-0.01689493097,-0.001869415981,1,0.6117324829,0.01699804142,0.5436897278,0,2.253167152,-2.678373814,-173.6859283
0.1504535824,0.3490402102,-0.006677379832,0.006330616307,1,1.996530533,0.009201309644,1.467090607,0,2.222466469,-1.918839216,136.5270233
0.1552971601,0.237637952,0.003904915648,-0.004329353105,1,4.20191288,0.005830237176,0.444009304,0,3.629839897,-1.839101315,-47.95071411
0.1552971601,0.2424815297,0.0228717681,0.001199858845,1,1.420475602,0.02290321887,-0.01798076928,0,1.966170549,-0.4378175735,3.002998352
0.1552971601,0.2473251075,0.02030839957,-0.002295840997,1,-0.8339612484,0.02043775842,-0.1056186557,20.43292427,0.2668655217,1.249860048,-6.449838161
0.1552971601,0.2521686852,0.02012499608,-0.005365507677,1,-0.575838387,0.02082796395,-0.1571950316,0,0.6916595101,1.7417202,-14.92833996
0.1552971601,0.257012248,0.02086938731,-0.01149336994,1,-0.9176132679,0.02382496372,-0.06775426865,16.44483185,-0.6635394096,2.158371925,-28.84283638
0.1552971601,0.2618558407,0.01246656012,-0.01614792272,1,-1.485178947,0.02040025778,-0.08305168152,0,-2.008743286,0.9741989374,-52.33105087
0.1552971601,0.2666994035,0.003946302924,-0.01661424525,1,-1.141855359,0.01707648858,-0.2706245482,0,-1.276559234,-1.050636172,-76.63841248
0.1552971601,0.2715429962,0.0007527811686,-0.0123698758,1,-0.511015892,0.01239276025,-0.05811619759,10.55992699,-0.3065952361,-1.948001385,-86.51750183
0.1552971601,0.276386559,-1.385984979e-05,-0.007460439578,1,-0.371493876,0.007460452616,0.009401381016,0,0.5569505095,-1.538025618,-90.10644531
0.1552971601,0.2812301517,0.001651054947,-0.004874793347,1,-0.07168507576,0.005146804266,0.1078887284,0,0.9538453817,-0.6399050951,-71.28916168
0.1552971601,0.2860737145,0.004258952104,-0.0038384418,1,-0.141733855,0.005733437836,-0.04450152814,0,0.9663955569,-0.2607906461,-42.02721405
0.1552971601,0.2909172773,0.005645355675,-0.003827183507,1,-0.2630105913,0.00682036439,-0.08522575349,0,1.00631845,0.05708972365,-34.13471603
0.1552971601,0.29576087,0.00785922166,-0.004527757876,1,-0.1235532165,0.009070168249,-0.08441491425,0,1.205251217,0.2978218198,-29.94657516
0.1552971601,0.3006044328,0.01088464353,-0.005678576883,1,-0.01250946522,0.01227687672,-0.03864105046,0,1.371310711,0.2990316749,-27.55129242
0.1552971601,0.3054480255,0.01444068085,-0.006163301878,1,-0.08458971977,0.01570094191,0.1951647103,0,1.623601913,0.2857045829,-23.1128521
0.1552971601,0.3102915883,0.01833896898,-0.006117113866,1,-0.3557846546,0.01933227479,0.2154872715,0,2.07073164,0.7354425192,-18.44654465
0.1552971601,0.315135181,0.02274716087,-0.008681745268,1,-0.7637014389,0.02434760891,-0.06111550331,0,2.590648413,2.657372713,-20.88999557
0.1552971601,0.3199787438,0.02718792856,-0.01928432286,1,-4.117021561,0.03333269432,-0.9485936165,99.14385223,1.27086246,3.95641613,-35.34797287
0.1552971601,0.3248223364,0.008961567655,-0.03243954107,1,-7.042187691,0.03365462273,0.6370612383,181.8644562,0.7844164371,-0.2823746204,-74.55695343
0.1552971601,0.3296658993,-0.003122073831,-0.01483096369,1,-7.919210434,0.01515601575,1.66528821,199.34758,-1.257780313,-0.9901931286,-101.8877945
0.1552971601,0.3345094621,-0.03548776358,-0.01957754977,1,-5.531774521,0.04052976519,-2.08962822,119.5335846,-2.291544437,-3.166636467,-151.1157837
0.1552971601,0.3393530548,-0.04101492465,-0.009614390321,1,-0.6398692727,0.04212671891,0.2853310108,0,1.789897203,-4.445705414,-166.8073883
0.1552971601,0.3441966176,-0.02991751395,0.003337592818,1,0.05611419678,0.03010310978,-3.279467821,0,3.374431133,-6.43392086,173.6344147
0.1552971601,0.3490402102,-0.02439881116,0.005664446857,1,2.06724596,0.02504771389,1.529131889,0,0.2115182281,0.5683350563,166.929718
0.1601407379,0.237637952,0.00533666322,-0.005266050342,1,2.5304811,0.007497416809,1.647567034,0,3.33416152,-0.9201869369,-44.61842346
0.1601407379,0.2424815297,0.01953958906,0.0009525078931,1,1.527149558,0.01956279203,-0.1391444802,0,1.891541362,-1.355522871,2.790822029
0.1601407379,0.2473251075,0.02189535834,0.000625572924,1,-0.113581419,0.02190429345,-0.2092298567,0,1.092969656,0.2834787369,1.636554241
0.1601407379,0.2521686852,0.02428333275,-0.001433964469,1,-0.484300822,0.02432563528,-0.6242487431,0,1.411937714,1.481922984,-3.379470825
0.1601407379,0.257012248,0.02638843283,-0.009575817734,1,-2.341194391,0.02807215042,-0.9046727419,53.49793625,0.6780677438,1.993594527,-19.94478989
0.1601407379,0.2618558407,0.01622784883,-0.01547194738,1,-4.310322285,0.02242151275,-0.1835977733,109.1539841,-1.023816705,0.7974323034,-43.63400269
0.1601407379,0.2666994035,0.0005521160783,-0.01432751305,1,-4.4839077,0.0143381469,0.2827973068,116.766861,-0.05235958099,-0.7681469321,-87.79317474
0.1601407379,0.2715429962,-0.005743915681,-0.01038161758,1,-2.357167721,0.01186467614,-0.07742273808,51.94490814,1.260056496,-2.173703671,-118.9547653
0.1601407379,0.276386559,-0.004761827644,-0.004174013622,1,-0.4912039042,0.006332250312,-0.3608797789,0,1.797295451,-2.05351615,-138.7635956
0.1601407379,0.2812301517,0.0005822401145,-0.002183202188,1,0.1129555106,0.002259507775,-0.04181954265,0,1.616598487,-0.6383106112,-75.06729126
0.1601407379,0.2860737145,0.003615401918,-0.001284862752,1,0.001424610615,0.003836926306,-0.03787153959,0,1.033982992,-0.3668865561,-19.56449509
0.1601407379,0.2909172773,0.005597301759,-0.0005895972135,1,-0.1573059261,0.0056282687,-0.001533409581,0,1.110807896,-0.03873634338,-6.013132095
0.1601407379,0.29576087,0.008233762346,-0.001104667434,1,-0.1407075524,0.00830753427,-0.07267174125,0,1.333435178,0.2336292118,-7.641352654
0.1601407379,0.3006044328,0.01137437019,-0.002073189709,1,-0.1487401724,0.0115617644,0.02514680848,0,1.606028795,0.1168018878,-10.32982159
0.1601407379,0.3054480255,0.01529225335,-0.001548605971,1,-0.1694173813,0.01537046488,0.3511717916,0,1.936981201,-0.1752161086,-5.782478809
0.1601407379,0.3102915883,0.01993570291,0.0004764109617,1,-0.1538604498,0.01994139515,0.2877349854,0,2.638653755,-0.3306741714,1.368958116
0.1601407379,0.315135181,0.02732754312,0.001446706941,1,-1.818003893,0.02736581117,0.2853586078,0,3.305947304,0.4478561282,3.030381918
0.1601407379,0.3199787438,0.02714267187,-0.0003106582444,1,-5.989263058,0.02714444883,-0.08250512183,148.0055237,1.922323704,0.1094073802,-0.6557434201
0.1601407379,0.3248223364,0.007629005704,0.0005171638331,1,-7.101106644,0.007646514568,0.2933393121,183.1915131,1.028091431,-0.7789006233,3.878098965
0.1601407379,0.3296658993,-0.002272446407,0.004882819019,1,-8.283258438,0.00538571598,-1.282521963,207.341217,-1.958247185,-0.5978939533,114.9570999
0.1601407379,0.3345094621,-0.04197636992,-0.002798875095,1,-8.365869522,0.04206957668,-0.02544787526,218.0166931,0.4311578274,0.4679385126,-176.185318
0.1601407379,0.3393530548,-0.04070483893,0.002493063686,1,-5.534826279,0.04078111425,2.374501467,127.8300629,0.9997255802,-1.135710478,176.495163
0.1601407379,0.3441966176,-0.06394248456,0.01420310978,1,3.738827229,0.0655009076,1.982736468,0,5.383913517,3.046167135,167.476593
0.1601407379,0.3490402102,0.003481864464,-0.002657745034,1,13.3709507,0.004380295519,-1.115712166,0,14.4696846,5.84641552,-37.35488892
0.1649843156,0.237637952,0.007428037934,-0.0004366646463,1,0.2936786413,0.00744086178,1.607249498,0,3.093979359,0.2027160525,-3.364317894
0.1649843156,0.2424815297,0.01563223079,0.002964819083,1,0.8215122223,0.01591090113,0.03447538614,0,1.912002563,-0.7882321477,10.73920059
0.1649843156,0.2473251075,0.02066802979,0.003548183246,1,0.2422805429,0.02097038552,-0.2224722505,0,1.542965174,-0.398840189,9.741292953
0.1649843156,0.2521686852,0.02427920699,0.003819070989,1,-0.5331741571,0.02457773685,-0.2895858288,0,1.663669825,-0.2033844441,8.939265251
0.1649843156,0.257012248,0.02614366449,0.003130660858,1,-3.530632734,0.0263304431,-0.8991063237,77.18035126,1.705640554,-0.06324720383,6.828559399
0.1649843156,0.2618558407,0.01543971524,-0.0002294777078,1,-6.731902122,0.01544142049,0.4130271673,169.8785706,1.663708687,0.05799199641,-0.8515141606
0.1649843156,0.2666994035,0.00159547443,0.004850301426,1,-6.836421013,0.005105973221,0.7542952895,172.6138763,1.553045511,-0.3564349413,71.79172516
0.1649843156,0.2715429962,-0.01015072409,0.00515043037,1,-4.688817978,0.01138262451,-0.1569074988,111.2898407,1.942160606,0.09625598788,153.0969696
0.1649843156,0.276386559,-0.0117081739,0.003624084406,1,-0.9011422396,0.01225623675,-0.6876016855,0,2.657594919,-0.1214474142,162.8008881
0.1649843156,0.2812301517,-0.001643208438,0.002408218337,1,0.4988219738,0.002915415913,-0.4856126308,0,2.392976046,0.02253444493,124.3070374
0.1649843156,0.2860737145,0.002298474777,0.001162834698,1,0.2031872869,0.002575882478,-0.1364980042,0,1.261336803,-0.117257081,26.83557129
0.1649843156,0.2909172773,0.005450305995,0.002315023681,1,0.04782795906,0.00592158502,0.1576391309,0,1.261195421,-0.1416298002,23.01341438
0.1649843156,0.29576087,0.008638831787,0.00261236704,1,-0.1660761833,0.009025180712,0.09016390145,0,1.429992557,-0.01425469294,16.82522202
0.1649843156,0.3006044328,0.01157218311,0.002820783295,1,-0.357553184,0.01191101316,0.1569979787,0,1.731352568,-0.1375852227,13.69901562
0.1649843156,0.3054480255,0.015292936,0.004039203748,1,-0.4897415638,0.01581736468,0.3780386746,0,1.843865871,-0.5691666007,14.79522324
0.1649843156,0.3102915883,0.01813098975,0.007408645935,1,-0.1933262348,0.01958624087,0.8577017188,0,2.465532541,-1.639895439,22.22580147
0.1649843156,0.315135181,0.02629854344,0.0161365103,1,-1.211227059,0.03085450269,0.6797833443,0,3.108015537,-1.720800877,31.53284264
0.1649843156,0.3199787438,0.02731823176,0.01903606206,1,-4.949905396,0.03329650685,-1.262191772,122.7446136,0.8849701881,0.6375712752,34.86979675
0.1649843156,0.3248223364,0.006609714124,0.006934860256,1,-9.960300446,0.009580219164,0.7024633884,255,1.795210361,1.36960268,46.3751564
0.1649843156,0.3296658993,-0.01223001443,0.01580472104,1,-6.818344593,0.01998405531,0.248065114,173.8441772,-1.430591822,-3.075248241,127.733429
0.1649843156,0.3345094621,-0.03334452584,0.02303153835,1,-5.561586857,0.04052541405,2.270909309,130.576889,0.8574755192,0.9843602777,145.3666229
0.1649843156,0.3393530548,-0.03501474485,0.02203622088,1,0.6875905991,0.04137181863,-0.01587128639,0,5.04885006,2.405033827,147.8161011
0.1649843156,0.3441966176,-0.005559628364,0.01130569633,1,3.363461018,0.01259873994,3.777668476,0,3.558997154,6.05903244,116.1858597
0.1649843156,0.3490402102,-0.001485281391,0.01098625455,1,-1.318576217,0.01108620036,-2.744076967,0,3.000941992,-2.612174273,97.6993866
0.1698278934,0.237637952,0.01410337258,0.008297424763,1,-0.4311490059,0.01636314206,0.02262681723,0,1.168346643,0.8744938374,30.46953964
0.1698278934,0.2424815297,0.01588870957,0.006234382745,1,-0.03985619545,0.01706805825,-0.314819634,0,1.027269006,-0.03158175945,21.42395782
0.1698278934,0.2473251075,0.01888598315,0.006925540045,1,-0.05280166864,0.02011575177,-0.04303127527,0,1.292976618,-0.6566762924,20.13812065
0.1698278934,0.2521686852,0.02189559303,0.009206620045,1,-0.7231231928,0.02375244908,0.3057445288,0,1.309718609,-1.52367878,22.80569458
0.1698278934,0.257012248,0.02172719873,0.01578648016,1,-1.876050234,0.02685673349,0.7458120584,32.78233719,1.176913023,-2.554687738,36.00128937
0.1698278934,0.2618558407,0.0185092669,0.02519284748,1,-4.384137154,0.03126135841,0.8588120937,111.6759338,0.4102121592,-1.313350201,53.6951561
0.1698278934,0.2666994035,0.00247918372,0.02630751766,1,-4.923742294,0.02642407641,-0.1325578988,128.3836212,-0.1441957951,0.581130445,84.61642456
0.1698278934,0.2715429962,-0.00603768602,0.02173604257,1,-3.181305408,0.02255901694,-0.436412096,78.9806366,0.877284646,2.298035622,105.5238571
0.1698278934,0.276386559,-0.008680519648,0.01306300703,1,-1.005595088,0.01568418182,-0.4516745806,0,1.909259915,2.592513561,123.6044998
0.1698278934,0.2812301517,-0.001660714974,0.006991280243,1,0.2782610655,0.00718581723,-0.4897677004,0,2.006587029,1.414329052,103.3624344
0.1698278934,0.2860737145,0.002386319451,0.003840366378,1,0.125279963,0.004521386232,0.001724049449,0,1.389216661,0.3534976244,58.14408875
0.1698278934,0.2909172773,0.005674844142,0.005287442822,1,-0.002577543259,0.007756346371,0.2950335145,0,1.285743713,-0.2800887227,42.97603989
0.1698278934,0.29576087,0.008601434529,0.006626015529,1,-0.1336522698,0.01085765846,0.1905247867,0,1.329783201,-0.3787123859,37.60844421
0.1698278934,0.3006044328,0.01146839745,0.008044587448,1,-0.1764890552,0.01400855184,0.1935228854,0,1.366740465,-0.4523608685,35.04801178
0.1698278934,0.3054480255,0.01436651032,0.009754403494,1,-0.3477911055,0.01736505143,0.2789846361,0,1.31374836,-0.8173562288,34.17525864
0.1698278934,0.3102915883,0.0161470864,0.01335479971,1,-0.008361697197,0.02095421404,0.8787955046,0,1.643265486,-1.725248456,39.59318924
0.1698278934,0.315135181,0.02228529379,0.02236729302,1,0.5002340674,0.03157420084,0.2635291815,0,1.145282507,-2.749989986,45.10521698
0.1698278934,0.3199787438,0.02411727421,0.02795101516,1,-0.9428720474,0.03691750392,1.97352612,0,-0.01098385453,-5.270829201,49.21103668
0.1698278934,0.3248223364,0.01766521856,0.05745588988,1,-6.296224594,0.06011022627,0.1101818234,155.9438171,-1.979352713,-0.5149358511,72.90958405
0.1698278934,0.3296658993,-0.01596612856,0.03097882122,1,-5.965616226,0.03485117853,-2.525114059,115.6681976,-3.092681885,3.495977879,117.2660599
0.1698278934,0.3345094621,-0.02620921843,0.02829235233,1,-1.939441681,0.03856657073,1.135409236,35.64203644,-0.7789239287,2.655289173,132.811142
0.1698278934,0.3393530548,-0.0291327443,0.02361716516,1,0.786747396,0.03750316426,0.3568410873,0,1.259582758,3.070155144,140.9692078
0.1698278934,0.3441966176,-0.01629765891,0.01515020523,1,-0.01962774992,0.02225179598,-1.380869389,0,1.396954775,-0.2756969929,137.0896606
0.1698278934,0.3490402102,-0.02246155404,0.01826417632,1,-1.334241629,0.02894998342,0.3041157424,0,-1.210933208,-0.9816946983,140.8843842
0.1746714562,0.237637952,0.01177330501,0.007310605142,1,1.635222197,0.01385841519,-0.6721679568,0,-0.7346043587,-1.011962175,31.83811378
0.1746714562,0.2424815297,0.01395441126,0.008133514784,1,0.408626467,0.01615176909,-0.2639128268,0,0.7280626297,-0.8329033852,30.23633957
0.1746714562,0.2473251075,0.01727894694,0.01006655488,1,-0.0624551475,0.01999743842,0.191313535,0,0.9761693478,-0.9507695436,30.22468376
0.1746714562,0.2521686852,0.01838005707,0.0136652831,1,-0.7302728891,0.02290341631,0.1262034774,0,0.7516002655,-1.494780064,36.63022232
0.1746714562,0.257012248,0.01738224737,0.01791790314,1,-0.8744965792,0.02496385016,0.08723831177,22.17506981,-0.1871006787,-1.83840549,45.86935425
0.1746714562,0.2618558407,0.01323812827,0.02299228869,1,-0.8927093148,0.02653098851,0.2064602971,0,-1.91803956,-1.875155687,60.06822205
0.1746714562,0.2666994035,0.003768166993,0.02800037153,1,-1.083154559,0.02825278603,0.5960846543,0,-1.884062648,0.221112296,82.33543396
0.1746714562,0.2715429962,-0.00113381946,0.02480849624,1,-0.5743514895,0.02483439259,-0.1354644299,7.43085146,-0.4800419211,1.982387781,92.61675262
0.1746714562,0.276386559,-0.00133886945,0.01774238981,1,-0.005094766617,0.01779283397,-0.2966895103,0,0.8244867325,2.599725246,94.31545258
0.1746714562,0.2812301517,0.0028349692,0.01077948604,1,-0.1075320244,0.01114604715,-0.5073844194,0,1.213715434,1.651678443,75.26507568
0.1746714562,0.2860737145,0.004019015934,0.007284800522,1,-0.4560597241,0.008319904096,0.05313271284,0,1.010965943,0.5123788714,61.11453247
0.1746714562,0.2909172773,0.00552269211,0.008555098437,1,-0.2152449191,0.01018282119,0.235709399,0,0.9808599949,-0.2630580962,57.15597916
0.1746714562,0.29576087,0.007727331948,0.009700619616,1,0.01633319259,0.01240216475,-0.01864722371,0,0.9738007784,-0.3779737353,51.45982742
0.1746714562,0.3006044328,0.01031848323,0.01029552426,1,0.1971796155,0.01457631309,-0.02089710534,0,0.8264363408,-0.5135839581,44.93618774
0.1746714562,0.3054480255,0.01268529519,0.01208698656,1,0.09083390236,0.01752175577,0.2043418586,0,0.6756764054,-0.8512607813,43.61643982
0.1746714562,0.3102915883,0.01403113548,0.01540841814,1,-0.03622429073,0.02083967626,0.2926746905,0,0.3603441715,-1.18843329,47.67853546
0.1746714562,0.315135181,0.01425519492,0.01926084794,1,-0.05046139657,0.02396227978,-0.3804180026,0,-0.5035965443,-2.061264277,53.49439621
0.1746714562,0.3199787438,0.01134751271,0.0235497281,1,-0.7174441814,0.02614107355,-0.8305021524,0,-1.265787125,-2.602557182,64.27275848
0.1746714562,0.3248223364,0.004649259616,0.02784393355,1,1.111098051,0.028229421,-0.8668351173,0,-5.008027077,-2.140738964,80.52045441
0.1746714562,0.3296658993,-0.007527566981,0.02971998043,1,-1.603971839,0.03065846488,1.480539322,0,-2.449505329,1.313584805,104.2131424
0.1746714562,0.3345094621,-0.01498401258,0.02865258791,1,-0.8491848707,0.03233405948,1.410701513,0,-1.398798108,2.524247885,117.6075363
0.1746714562,0.3393530548,-0.01841584779,0.0243264325,1,0.2206484079,0.03051096201,0.9008926153,0,0.06853631884,3.065733433,127.1268234
0.1746714562,0.3441966176,-0.01358332392,0.0181670133,1,0.7868945003,0.02268362977,-0.814907074,0,2.030994654,1.815984011,126.7851562
0.1746714562,0.3490402102,-0.004767182749,0.01158350706,1,1.539278507,0.01252611913,0.3584661484,0,2.101052999,3.076905489,112.3695755
0.179515034,0.237637952,0.005946170073,-0.003180996515,1,2.282797813,0.006743565667,1.464396834,0,-0.3709739447,-3.062252998,-28.14525223
0.179515034,0.2424815297,0.01057620347,0.00778159406,1,1.032794833,0.01313047204,1.006439447,0,0.8792906404,-2.118768454,36.34431076
0.179515034,0.2473251075,0.01520750485,0.01195619069,1,0.2316532433,0.01934473217,0.4662908316,0,0.73676157,-1.309789419,38.1745491
0.179515034,0.2521686852,0.01526679564,0.01638417691,1,-0.4209190607,0.02239455841,0.1989269257,9.671066284,0.01580317318,-1.279267788,47.02188492
0.179515034,0.257012248,0.0132452976,0.01911593042,1,-0.383161515,0.02325632609,-0.2580268383,0,-0.6160939932,-1.051327109,55.28218079
0.179515034,0.2618558407,0.01042682398,0.02022658847,1,0.03133791685,0.02275595628,-0.1169158816,0,-1.436902761,-0.8007766008,62.72885132
0.179515034,0.2666994035,0.006437334698,0.02242826298,1,0.3978309035,0.02333380096,0.5622242689,0,-1.950155973,0.1562745124,73.98552704
0.179515034,0.2715429962,0.002908016788,0.02219283767,1,0.374328047,0.0223825518,0.0994310379,0,-1.192512274,1.20339179,82.53482819
0.179515034,0.276386559,0.002474395791,0.01708114333,1,0.2582234144,0.01725943573,-0.3182196021,0,-0.05718676001,1.499032497,81.75740051
0.179515034,0.2812301517,0.003881753422,0.01339083537,1,-0.1707389951,0.01394211221,-0.3119933307,0,0.7180655599,0.9546601772,73.83411407
0.179515034,0.2860737145,0.00512541458,0.01094600838,1,-0.4932500422,0.01208656188,-0.006480559707,0,0.836102128,0.4704357982,64.90888977
0.179515034,0.2909172773,0.005542378873,0.01108086109,1,-0.2806606889,0.01238965057,0.03264556453,0,0.601695776,-0.03291937336,63.42689133
0.179515034,0.29576087,0.006680373102,0.01126357727,1,0.08531719446,0.01309563033,-0.1579226851,0,0.60368222,-0.1603125334,59.32802582
0.179515034,0.3006044328,0.008879601024,0.0110924365,1,0.2545633912,0.0142087806,-0.08835184574,0,0.6853904724,-0.3616109788,51.32239914
0.179515034,0.3054480255,0.01123311277,0.01258712914,1,0.2231197506,0.01687064394,0.108628422,0,0.3815605044,-0.7550245523,48.25336838
0.179515034,0.3102915883,0.01180841681,0.01527560689,1,0.0104989633,0.01930758543,0.3187083304,0,-0.1703558564,-1.247359633,52.29510117
0.179515034,0.315135181,0.01045883354,0.02017250098,1,-0.4619086385,0.02272260934,0.3801975846,0,-0.4298713207,-1.688411713,62.59461975
0.179515034,0.3199787438,0.007489011157,0.02529507689,1,-0.816463232,0.02638041228,0.190023005,9.619695663,-0.7032834888,-1.388350725,73.50777435
0.179515034,0.3248223364,0.003097822191,0.02781747654,1,-0.8087291718,0.02798943594,-0.03111453354,0,-1.239674568,-0.3590421081,83.64558411
0.179515034,0.3296658993,-0.00243259198,0.0268834196,1,-0.5247497559,0.0269932542,0.5159831643,0,-1.591014385,0.9675546288,95.17041779
0.179515034,0.3345094621,-0.007150014862,0.02563026175,1,-0.1105519533,0.02660888992,0.8487844467,0,-1.435313702,1.675243855,105.5873871
0.179515034,0.3393530548,-0.009920112789,0.0228803996,1,-0.1057374775,0.02493834868,0.9949653149,0,-0.7818001509,1.914568424,113.4398041
0.179515034,0.3441966176,-0.01144887228,0.02117609233,1,0.1384582222,0.02407287993,0.4773857594,0,0.7076151371,0.8686726093,118.3979111
0.179515034,0.3490402102,-0.005822090432,0.0209851712,1,-0.1466331482,0.02177783661,-0.4262869358,0,2.470025063,-0.3474524021,105.5060501
0.1843586117,0.237637952,0.004033963662,-0.005543143954,1,-1.09360671,0.006855604239,3.835555553,0,2.965278625,-1.504773736,-53.9551506
0.1843586117,0.2424815297,0.008566758595,0.007390005514,1,0.527586937,0.01131377555,1.791450024,0,1.363459945,-1.936420441,40.78227997
0.1843586117,0.2473251075,0.01319339592,0.0125130862,1,0.5858015418,0.01818359271,0.2446782589,10.23269844,0.3599009514,-1.487631202,43.48404694
0.1843586117,0.2521686852,0.01314734202,0.01578058116,1,0.1310543716,0.02053970098,-0.2410590649,0,-0.5755831003,-1.124000788,50.20116043
0.1843586117,0.257012248,0.01104028989,0.01678967662,1,0.07665321231,0.020094309,-0.5504461527,0,-0.9756020308,-0.5711270571,56.67251587
0.1843586117,0.2618558407,0.008793213405,0.01588075049,1,0.277484268,0.01815265417,-0.1902086437,0,-1.06038034,-0.1567700207,61.02658463
0.1843586117,0.2666994035,0.007248271722,0.01662771404,1,0.4811932743,0.01813886128,0.2984332442,0,-1.22789526,0.0220605135,66.44689178
0.1843586117,0.2715429962,0.005176504143,0.01721938327,1,0.4140093923,0.01798063703,0.3646746576,0,-1.006088734,0.4499500096,73.26812744
0.1843586117,0.276386559,0.0043804897,0.0162146762,1,0.2652258873,0.01679596491,0.1444272697,5.103680134,-0.1059898585,0.5851972103,74.88210297
0.1843586117,0.2812301517,0.005947776139,0.01508447994,1,-0.006193488836,0.01621473394,-0.0211469084,0,0.395519197,0.4931537509,68.48079681
0.1843586117,0.2860737145,0.006266219076,0.01372362114,1,-0.425293088,0.01508652698,-0.1331003606,5.80088377,0.3372566104,0.3325939178,65.45851135
0.1843586117,0.2909172773,0.005521365907,0.01282886043,1,-0.284118861,0.01396657247,-0.1685086042,0,0.2675434649,0.1437110454,66.71362305
0.1843586117,0.29576087,0.006185934879,0.01221136097,1,0.1021806598,0.01368879527,-0.124023512,0,0.43826437,-0.0318206884,63.1344986
0.1843586117,0.3006044328,0.00813905336,0.01238226891,1,0.1506115943,0.01481771842,-0.1348457038,0,0.5448434353,-0.2676082253,56.68247223
0.1843586117,0.3054480255,0.009554425254,0.01285440661,1,0.002223715186,0.01601633057,-0.1027213931,0,0.2855980992,-0.5466421843,53.37731171
0.1843586117,0.3102915883,0.009533140808,0.01453243382,1,-0.2032666504,0.01738023013,0.2885314524,0,-0.1344314218,-1.066173077,56.73550034
0.1843586117,0.315135181,0.007918758318,0.01941602305,1,-0.1785455346,0.02096875571,0.6384608746,0,-0.6451888084,-1.336420059,67.81208038
0.1843586117,0.3199787438,0.005543319508,0.02409792319,1,-0.01655298471,0.02472727932,0.3752257526,0,-1.048620939,-0.9338464737,77.04543304
0.1843586117,0.3248223364,0.002759505529,0.02575661615,1,-0.007568657398,0.02590401657,-0.01565340906,0,-1.207495213,-0.1101128235,83.88478088
0.1843586117,0.3296658993,-0.0003419366258,0.02455544472,1,-0.07557916641,0.02455782518,0.05374801159,0,-1.063704371,0.7806128263,90.79779053
0.1843586117,0.3345094621,-0.002758685732,0.02223600075,1,0.02913957834,0.02240647376,0.3515013754,0,-0.8511266708,1.074845672,97.07219696
0.1843586117,0.3393530548,-0.004323294852,0.02105187066,1,-0.2434183806,0.02149121091,0.701654911,0,-0.6453667879,0.9725768566,101.6051407
0.1843586117,0.3441966176,-0.007063585799,0.0209237691,1,-0.4878578484,0.02208389342,1.318454266,0,-0.3775261343,0.6566246748,108.6539993
0.1843586117,0.3490402102,-0.008514849469,0.02425749414,1,0.5248498321,0.02570853382,0.9450027943,0,-1.124100685,-0.4315477908,109.3420639
0.1892021894,0.237637952,0.01723549329,0.01647853106,1,-5.014463902,0.02384542301,0.833104074,0,1.974783063,2.752479076,43.71378708
0.1892021894,0.2424815297,0.009874028154,0.01183020975,1,-1.623429298,0.01540942211,-0.2488200963,41.85105133,-0.03822004795,0.9107582569,50.15009689
0.1892021894,0.2473251075,0.009187165648,0.01086202357,1,0.5900779366,0.01422629878,-0.912463069,0,-0.841752708,-1.146032929,49.7752533
0.1892021894,0.2521686852,0.008655021898,0.01296152361,1,0.4089691341,0.01558558643,-0.7411139607,0,-0.6927050352,-1.392952442,56.26708984
0.1892021894,0.257012248,0.007812870666,0.01401924994,1,0.04328258708,0.0160493087,-0.5270174742,0,-0.02445684746,-0.6890906096,60.86925125
0.1892021894,0.2618558407,0.008746205829,0.01374653727,1,-0.5872462392,0.016293047,-0.2697969973,0,0.6237482429,-0.2968244255,57.53352356
0.1892021894,0.2666994035,0.007989671081,0.01415015943,1,-0.8433343172,0.01624998078,0.07819397748,18.45642281,0.4526125193,-0.2455222756,60.54942322
0.1892021894,0.2715429962,0.006853714585,0.01531448215,1,-0.4144800603,0.01677816361,0.283511281,7.888548851,0.00542652607,0.04959912598,65.8899765
0.1892021894,0.276386559,0.006008388475,0.01528313104,1,0.04274761677,0.01642177999,0.00159145263,0,-0.1843287796,-0.002967118984,68.53829956
0.1892021894,0.2812301517,0.006167955231,0.01533656195,1,0.1491185725,0.01653039083,-0.3004362285,0,-0.1319229007,-0.1675481498,68.09132385
0.1892021894,0.2860737145,0.006091677118,0.01463947725,1,-0.06293983757,0.01585631818,-0.4208266139,0,-0.0910140425,-0.0938603878,67.40717316
0.1892021894,0.2909172773,0.005422269925,0.01375288051,1,-0.1938847005,0.01478319056,-0.1904036254,0,0.1595820785,0.1704974622,68.48246002
0.1892021894,0.29576087,0.005925529636,0.01289142482,1,-0.0934843719,0.01418804936,-0.03883870691,0,0.4048274159,0.1162019446,65.31417847
0.1892021894,0.3006044328,0.006930284202,0.01300192904,1,-0.00454069674,0.01473360136,-0.04107371718,0,0.4509751797,-0.2616235614,61.94150162
0.1892021894,0.3054480255,0.008087869734,0.0139596751,1,-0.3460565209,0.01613338664,0.05318582058,0,0.5755490661,-0.4850705862,59.91312027
0.1892021894,0.3102915883,0.00804184936,0.01560901571,1,-0.6806242466,0.01755883545,0.2758664489,10.57416153,0.4721717834,-0.5401837826,62.74223328
0.1892021894,0.315135181,0.007078214083,0.01791227795,1,-0.3264963925,0.01926008426,0.5671564341,0,-0.3462627828,-0.4005495906,68.43805695
0.1892021894,0.3199787438,0.00478328811,0.02029617503,1,0.4399242103,0.02085220627,0.6515140533,0,-1.387477994,-0.1935764402,76.73884583
0.1892021894,0.3248223364,0.002488663653,0.02200553939,1,0.776756525,0.02214581706,0.4201428294,0,-1.432178736,0.04827238619,83.54768372
0.1892021894,0.3296658993,0.00160869956,0.02209735848,1,0.2917749584,0.02215583809,0.1154049784,0,-0.8554211259,0.2473151535,85.83618164
0.1892021894,0.3345094621,-0.0002413919719,0.02136662416,1,-0.4213169217,0.02136798762,-0.06248217076,7.939179897,-0.2846778035,0.1778003871,90.64727783
0.1892021894,0.3393530548,-0.001810840913,0.02093353122,1,0.03537769616,0.0210117083,0.060778521,0,-0.374183476,-0.01021621563,94.9440155
0.1892021894,0.3441966176,-0.001882423996,0.02171049267,1,-1.00061512,0.02179194801,-0.859883368,0,0.6859117746,0.778405726,94.95547485
0.1892021894,0.3490402102,-0.003335131332,0.0129983509,1,1.568460822,0.01341939718,-1.044011354,0,-2.168307781,2.553376913,104.3905869
0.1940457672,0.237637952,0.02140101418,0.02830981836,1,-4.430483818,0.03548871726,-1.873864293,0,0.4548662901,3.593882561,52.91227722
0.1940457672,0.2424815297,0.01177290734,0.01506808959,1,-2.545005322,0.01912194118,-1.954563022,0,-1.208026886,2.738644123,51.99899673
0.1940457672,0.2473251075,0.003222910687,0.005577903241,1,0.165802896,0.006442061625,-1.708660841,0,-2.016104937,-0.7540869713,59.98069382
0.1940457672,0.2521686852,0.002810825128,0.01044453681,1,0.7185846567,0.01081614941,-0.08306920528,0,-0.3207242191,-2.330104351,74.93747711
0.1940457672,0.257012248,0.005149975885,0.0164615754,1,-0.1699918807,0.01724835485,0.6168962717,0,0.838488102,-1.716453195,72.62779999
0.1940457672,0.2618558407,0.006048738491,0.02174629644,1,-1.518680096,0.02257185429,0.1082075238,0,1.78456378,-1.222040176,74.45607758
0.1940457672,0.2666994035,0.006437804084,0.0229047332,1,-1.730945349,0.02379227057,-0.5777544379,0,1.883975029,-0.06303924322,74.30099487
0.1940457672,0.2715429962,0.006789950188,0.01925323345,1,-1.026253819,0.02041544579,-0.8173140287,0,0.6001271009,0.7909845114,70.57402039
0.1940457672,0.276386559,0.004373826552,0.01511481404,1,-0.2861788273,0.01573492773,-0.9083288908,0,-0.3556799293,0.23338902,73.86095428
0.1940457672,0.2812301517,0.003681057366,0.01372323371,1,0.2710932493,0.01420835406,-0.6710915565,0,-0.3950788975,-0.3557931185,74.98470306
0.1940457672,0.2860737145,0.003773292527,0.01358764153,1,0.3971824646,0.01410183497,-0.3942433,0,-0.03713932633,-0.5630592108,74.48001099
0.1940457672,0.2909172773,0.005424948875,0.0145409042,1,0.1250428855,0.01551992167,0.1076362655,0,0.4504319727,-0.1065300778,69.54036713
0.1940457672,0.29576087,0.006560649723,0.01462497283,1,-0.2290795743,0.01602909714,0.13604936,0,0.4867334664,0.12620309,65.8393631
0.1940457672,0.3006044328,0.006672915537,0.01458859537,1,-0.234477967,0.01604228653,0.2248920947,0,0.4206849635,-0.3311642408,65.42034912
0.1940457672,0.3054480255,0.007462557871,0.01731827483,1,-0.5303121209,0.01885768957,0.4414992332,0,0.8565139174,-0.6997016668,66.68848419
0.1940457672,0.3102915883,0.008252899162,0.02011609077,1,-0.8001292348,0.02174321562,0.2502393723,0,1.060922742,-0.1630931348,67.69345093
0.1940457672,0.315135181,0.008725731634,0.01932028309,1,-0.3414349556,0.02119933255,-0.1625139117,0,0.2399556041,0.8428034186,65.69435883
0.1940457672,0.3199787438,0.007761375979,0.01524675824,1,0.6608145237,0.01710855216,0.1748046279,0,-1.424180031,1.054901123,63.02158737
0.1940457672,0.3248223364,0.005028311163,0.01505746692,1,0.7793511152,0.01587486081,0.9116657972,0,-2.089632511,0.1370001733,71.53370667
0.1940457672,0.3296658993,0.00141492649,0.0189989116,1,-0.1064887047,0.0190515276,0.7693521976,0,-1.385892868,-0.8493645191,85.74081421
0.1940457672,0.3345094621,-0.002200132934,0.02289782278,1,-0.883202076,0.02300328016,-0.3972542882,0,-0.2509427369,-0.411544919,95.48839569
0.1940457672,0.3393530548,-0.004078392405,0.01906812936,1,-0.1576616168,0.01949940622,0.1713266075,0,-0.9279194474,-1.107639313,102.0728226
0.1940457672,0.3441966176,-0.007458229084,0.02909259312,1,-1.227391243,0.03003338352,-2.483863831,0,1.820810318,0.1815141439,104.3787918
0.1940457672,0.3490402102,-0.001204120461,0.006158163771,1,2.703430653,0.006274782121,-4.295037746,0,-0.1210050583,5.17497015,101.0635834
