PIVlab, ASCII chart output - 13-Mar-2024
FRAME: 5, filenames: A:[5]2 vortices tapados mismo sentido clase 4.mp4 & B:[6]2 vortices tapados mismo sentido clase 4.mp4, conversion factor xy (px -> m): 0.00030272, conversion factor uv (px/frame -> m/s): 0.0090842
x [m],y [m],u [m/s],v [m/s],Vector type [-],vorticity [1/s],magnitude [m/s],divergence [1/s],dcev [1],simple shear [1/s],simple strain [1/s],vector direction [degrees]
0.1262357086,0.237637952,0.003843551036,-0.007363938261,1,-0.02811431885,0.008306652308,0.9773386717,0,1.347346783,0.741808176,-62.43803787
0.1262357086,0.2424815297,0.007038453594,-0.006793532986,1,0.2501489818,0.009782224894,0.3456867933,0,0.8157433271,0.2653697729,-43.98558044
0.1262357086,0.2473251075,0.009006283246,-0.00697491644,1,0.05322273076,0.01139133889,-0.1371388286,0,0.4012944102,0.09806513041,-37.7559967
0.1262357086,0.2521686852,0.009239942767,-0.007932761684,1,0.003503233194,0.01217806432,-0.3528323472,0,0.1544184089,0.1115972623,-40.64705658
0.1262357086,0.257012248,0.00977118779,-0.009224413894,1,-0.2068860978,0.01343748253,-0.3435124755,0,0.1999305636,0.008615642786,-43.35123825
0.1262357086,0.2618558407,0.009206253104,-0.009638321586,1,-0.385117054,0.01332862861,-0.05105295777,0,0.04138870537,-0.1090874523,-46.31344986
0.1262357086,0.2666994035,0.008106312715,-0.008943319321,1,-0.3698754311,0.01207042951,0.238279894,0,-0.1798999906,-0.1905951053,-47.8105278
0.1262357086,0.2715429962,0.006543373223,-0.007561032195,1,-0.2636120021,0.009999247268,0.2720840573,0,-0.3964399397,-0.08479385078,-49.1268425
0.1262357086,0.276386559,0.00490929978,-0.007214753423,1,-0.1279692054,0.008726619184,0.2452009171,0,-0.30229491,0.2769344151,-55.7665596
0.1262357086,0.2812301517,0.004459355492,-0.00771473581,1,-0.07566261292,0.008910835721,0.4829918444,0,-0.01701879688,0.4075742066,-59.97076035
0.1262357086,0.2860737145,0.004460390192,-0.006849462166,1,0.1018449143,0.008173751645,0.6082651019,0,0.03103031963,0.3448311687,-56.92770386
0.1262357086,0.2909172773,0.005102945026,-0.006438776851,1,0.185978651,0.008215710521,0.2886240482,0,-0.08262524009,0.408773005,-51.602005
0.1262357086,0.29576087,0.004960990511,-0.007431413047,1,-0.09988141805,0.008935173973,0.1975046843,0,-0.1031332687,0.6759476066,-56.27410889
0.1262357086,0.3006044328,0.004119627643,-0.008756152354,1,-0.1617250592,0.009676855989,0.3872157931,0,-0.1382103115,0.9590794444,-64.8037796
0.1262357086,0.3054480255,0.003508230206,-0.01020127907,1,-0.2274287343,0.01078766771,0.7045701742,0,0.07147128135,0.9910358191,-71.02185059
0.1262357086,0.3102915883,0.003364235628,-0.01014367118,1,-0.09867758304,0.0106870085,0.6615514755,0,0.05803216249,0.801437974,-71.65145874
0.1262357086,0.315135181,0.003311360953,-0.01087883022,1,0.2877197862,0.01137163397,0.2388809621,0,-0.2442649007,0.7497547865,-73.07049561
0.1262357086,0.3199787438,0.003574712668,-0.01261812821,1,0.2520990372,0.01311471406,-0.07948440313,0,-0.4769350886,0.4366750121,-74.18258667
0.1262357086,0.3248223364,0.0022223501,-0.01337888837,1,-0.1813581586,0.01356220897,-0.2257537991,0,-0.7128552198,0.1319656223,-80.56877899
0.1262357086,0.3296658993,-0.0007564792759,-0.01435077004,1,-0.4952794611,0.01437069383,-0.2194179296,0,-0.5741617084,0.2171523869,-93.01746368
0.1262357086,0.3345094621,-0.002957555465,-0.01549344417,1,-0.7126710415,0.01577320322,0.02756756917,0,-0.4619938135,0.04580916092,-100.8072128
0.1262357086,0.3393530548,-0.006446059793,-0.01443912461,1,-0.1678871512,0.01581265405,0.5809211731,0,-0.3246884346,-0.3278673887,-114.0574188
0.1262357086,0.3441966176,-0.005343383644,-0.01109165605,1,1.412449598,0.01231164392,0.3256258965,0,0.01690405607,-1.872576594,-115.7223358
0.1262357086,0.3490402102,0.0004771256936,-0.003791959723,1,3.575668573,0.003821859136,-1.022169232,0,-1.172283411,-4.036334991,-82.82841492
0.1310792714,0.237637952,0.008006948978,-0.004032872152,1,-0.2652103901,0.008965226822,0.2424737811,0,0.4763560295,0.8168074489,-26.73309517
0.1310792714,0.2424815297,0.008518299088,-0.00542378705,1,-0.01277216524,0.01009846013,0.06156378984,0,0.1995568871,0.4949398637,-32.48579788
0.1310792714,0.2473251075,0.008911655284,-0.006131962873,1,0.005071559921,0.01081751194,-0.1412269473,0,0.02330106683,0.3013159633,-34.53121948
0.1310792714,0.2521686852,0.008655724116,-0.007567278109,1,-0.05183782429,0.01149718463,-0.212434411,0,0.0618481189,0.2226227522,-41.16162109
0.1310792714,0.257012248,0.008960140869,-0.008239192888,1,-0.08033286035,0.01217244472,-0.1584513038,0,0.1139245331,0.0558819361,-42.59972382
0.1310792714,0.2618558407,0.008818428032,-0.008605417795,1,-0.1649609953,0.0123214405,-0.06970902532,4.455930233,0.01252284646,-0.01932323538,-44.29958344
0.1310792714,0.2666994035,0.008221794851,-0.008483240381,1,-0.2152202576,0.01181369089,0.04536444694,4.056190491,-0.1608403474,-0.1038445458,-45.89664459
0.1310792714,0.2715429962,0.006996949203,-0.007882712409,1,-0.1294758618,0.0105401352,0.121381104,0,-0.2933515608,-0.05334679782,-48.40670776
0.1310792714,0.276386559,0.006173797417,-0.007636932191,1,0.01442554593,0.00982031133,0.1826172322,0,-0.09305282682,0.1186151356,-51.04746628
0.1310792714,0.2812301517,0.006616111845,-0.007572713308,1,-0.01208490133,0.01005579066,0.283691138,0,0.1348832995,0.1565181017,-48.85700607
0.1310792714,0.2860737145,0.006768580992,-0.007020959631,1,-0.01748925075,0.009752310812,0.3207526505,0,0.05377997831,0.220942542,-46.04851913
0.1310792714,0.2909172773,0.006791888271,-0.007089276798,1,0.0375257358,0.009817718528,0.1693450212,0,0.02600584738,0.2557127178,-46.22731018
0.1310792714,0.29576087,0.007076301146,-0.007439288311,1,0.00552733615,0.01026728097,0.08846715093,0,0.1159060597,0.4208512008,-46.43247986
0.1310792714,0.3006044328,0.007380060386,-0.008699204773,1,-0.07694417983,0.01140795555,0.187457487,0,0.1880843639,0.6082456708,-49.69004822
0.1310792714,0.3054480255,0.007614617236,-0.009477408603,1,-0.2498371601,0.01215745322,0.3821741939,0,0.1522266567,0.6020425558,-51.21989059
0.1310792714,0.3102915883,0.006907276344,-0.009764154442,1,-0.2080563307,0.01196031738,0.2069944143,0,-0.1860731244,0.7623220086,-54.72396851
0.1310792714,0.315135181,0.005705620628,-0.01216718089,1,0.04743811488,0.01343854144,0.0359621942,0,-0.5568809509,0.9897065163,-64.87646484
0.1310792714,0.3199787438,0.004439750221,-0.0143836895,1,-0.05492934585,0.01505330205,0.0740442872,0,-0.7111170292,0.5899598598,-72.84634399
0.1310792714,0.3248223364,0.001995215658,-0.01466605812,1,-0.09172567725,0.01480115298,0.1611976624,0,-0.9822151661,0.1938421726,-82.25286865
0.1310792714,0.3296658993,-0.00076196593,-0.01454180572,1,-0.1498086452,0.01456175465,0.03457817435,0,-0.8360500932,0.08006136119,-92.99945831
0.1310792714,0.3345094621,-0.002779853065,-0.01488635875,1,-0.3856337368,0.01514368691,-0.1487099826,0,-0.6613718271,-0.09150902182,-100.5774841
0.1310792714,0.3393530548,-0.005833218805,-0.01481886301,1,-0.5192767382,0.0159256123,-0.04278673232,0,-0.7834601402,-0.1284664571,-111.4863205
0.1310792714,0.3441966176,-0.009089760482,-0.01447136234,1,-0.2604438961,0.01708929799,-0.6136995554,0,-0.9659734964,-0.5163338184,-122.1337814
0.1310792714,0.3490402102,-0.01177346706,-0.01529046148,1,0.7063345909,0.0192979984,-1.719504118,0,-1.814481735,-1.381284475,-127.5958252
0.1359228492,0.237637952,0.008974254131,-0.003772109048,1,0.03111773729,0.009734785184,-0.2251598835,0,0.2825611234,0.5977827311,-22.79826164
0.1359228492,0.2424815297,0.009733918123,-0.005765102338,1,0.01839406788,0.01131307054,0.06641161442,0,0.148307398,0.7094303966,-30.63696289
0.1359228492,0.2473251075,0.009781685658,-0.00688662054,1,-0.01605013013,0.01196273044,0.1450142264,0,-0.07574716955,0.4788611531,-35.14677429
0.1359228492,0.2521686852,0.009289290756,-0.007382115815,1,-0.03980773687,0.01186535042,0.1177303791,0,-0.06492900848,0.406132102,-38.47385025
0.1359228492,0.257012248,0.00927438587,-0.008283514529,1,0.01055799425,0.01243506465,-0.01540262997,0,-0.1167339832,0.2729277015,-41.76996613
0.1359228492,0.2618558407,0.008775019087,-0.008778666146,1,-0.05922172219,0.01241233014,-0.02826870047,0,-0.2404174507,0.05357407779,-45.01190186
0.1359228492,0.2666994035,0.007823060267,-0.008679926395,1,-0.09378119558,0.01168509293,-0.03807488084,0,-0.2989278734,-0.1255908757,-47.97223663
0.1359228492,0.2715429962,0.006872902159,-0.008354775608,1,-0.06988374144,0.01081845909,0.02879482508,0,-0.2304562926,-0.1662250459,-50.55820465
0.1359228492,0.276386559,0.006368339993,-0.007735332474,1,-0.03846203536,0.01001953706,0.1245336235,0,-0.01962773874,-0.1545763016,-50.53607559
0.1359228492,0.2812301517,0.00659153983,-0.007002884988,1,-0.0729515627,0.009617109783,0.07034044713,0,0.2207325995,-0.1838245094,-46.73314667
0.1359228492,0.2860737145,0.007084128913,-0.00650426466,1,-0.1053290516,0.009617189877,0.04838239774,0,0.2230527848,-0.05656323209,-42.55646896
0.1359228492,0.2909172773,0.007161742076,-0.006494574249,1,-0.1800625622,0.009667990729,-0.009629378095,0,0.2510392368,0.07141015679,-42.20308685
0.1359228492,0.29576087,0.007427909877,-0.006896785926,1,-0.1405708194,0.01013605017,-0.0590753518,0,0.308201015,0.1428195834,-42.87658691
0.1359228492,0.3006044328,0.007973671891,-0.007472468074,1,-0.1894605458,0.01092781872,0.1174553186,0,0.364422828,0.3976343274,-43.14149094
0.1359228492,0.3054480255,0.00827535335,-0.008253854699,1,-0.2616945505,0.01168792509,0.08400598168,0,0.2793501019,0.6135165691,-44.92547607
0.1359228492,0.3102915883,0.008059187792,-0.01003719401,1,-0.03942900896,0.01287228707,-0.184261471,0,0.04023543,0.9620064497,-51.23789215
0.1359228492,0.315135181,0.008279259317,-0.01380589232,1,-0.01980876923,0.01609809883,-0.06745934486,0,-0.2420481741,1.121584296,-59.04929352
0.1359228492,0.3199787438,0.00679086335,-0.01579641923,1,-0.2109101266,0.01719426364,0.1439831555,0,-0.6845537424,0.9463125467,-66.73719025
0.1359228492,0.3248223364,0.003942010459,-0.01769203693,1,-0.1966645122,0.01812588237,0.2359270751,0,-1.246912599,0.6237002611,-77.43895721
0.1359228492,0.3296658993,-0.0002012146579,-0.01767462865,1,-0.2372669578,0.01767577417,0.2079477608,0,-1.427433968,0.02976565808,-90.65224457
0.1359228492,0.3345094621,-0.004121073056,-0.01682900079,1,-0.36129269,0.01732623763,-0.06572817266,0,-1.099264383,-0.4695439935,-103.7597809
0.1359228492,0.3393530548,-0.007275536656,-0.01571871527,1,-0.5240970254,0.01732083783,-0.1169507802,0,-0.8582915664,-0.5959484577,-114.8374481
0.1359228492,0.3441966176,-0.01081677992,-0.01450893842,1,-0.777128756,0.01809729449,-0.2582948506,3.590787649,-0.7230485082,-0.1998679191,-126.7054596
0.1359228492,0.3490402102,-0.01454176195,-0.01600171067,1,-1.215710878,0.02162215486,-0.2131686211,0,-0.322396189,0.4032219052,-132.2634125
0.1407664269,0.237637952,0.00981177669,-0.00281498651,1,0.390011698,0.01020760089,-0.3523646891,0,0.6275722384,0.4650291502,-16.00811958
0.1407664269,0.2424815297,0.01227615029,-0.004794541746,1,-0.008163824677,0.01317920722,0.1185608804,0,0.4462010264,0.8630774021,-21.33349991
0.1407664269,0.2473251075,0.01193344407,-0.006421110127,1,-0.298286289,0.01355130039,0.1818681657,6.709326744,0.07467939705,0.7794456482,-28.28366661
0.1407664269,0.2521686852,0.01119309291,-0.007688954938,1,-0.1855408996,0.01357959397,0.2062681913,0,-0.1707996577,0.7089204192,-34.48662949
0.1407664269,0.257012248,0.01020748354,-0.008855741471,1,-0.139362067,0.0135135809,0.07650993764,0,-0.3256033957,0.4469175935,-40.94403839
0.1407664269,0.2618558407,0.008940996602,-0.009483053349,1,-0.07038231194,0.01303340774,-0.02851039916,0,-0.503246665,0.09973009676,-46.68522263
0.1407664269,0.2666994035,0.007429067045,-0.009476884268,1,-0.02791795135,0.01204169262,-0.03447140753,0,-0.5108783245,-0.2043035775,-51.90658951
0.1407664269,0.2715429962,0.006331295241,-0.008660458028,1,-0.08312499523,0.01072794572,0.004227370024,0,-0.206079334,-0.3944815099,-53.83103943
0.1407664269,0.276386559,0.006028283387,-0.007545706816,1,-0.141923517,0.009658047929,0.02760879695,3.24464798,0.08724237978,-0.4906499982,-51.37855911
0.1407664269,0.2812301517,0.006066442933,-0.006150231231,1,-0.1973902583,0.008638695814,-0.04435501993,0,0.3420504928,-0.4810755849,-45.39295959
0.1407664269,0.2860737145,0.006728956476,-0.00543041667,1,-0.2366040051,0.008646865375,-0.05008412898,0,0.4481601417,-0.2873122692,-38.90429688
0.1407664269,0.2909172773,0.007091128267,-0.00500120176,1,-0.2926453054,0.008677333593,-0.001803681254,0,0.4481019676,-0.03582597151,-35.19439316
0.1407664269,0.29576087,0.007481922861,-0.005265627056,1,-0.119999826,0.009149097838,-0.04326777905,0,0.6947420835,0.1663346887,-35.13711548
0.1407664269,0.3006044328,0.009874937125,-0.006016427651,1,0.01800119877,0.01156338118,0.1468416601,0,0.7069173455,0.4753570557,-31.35237885
0.1407664269,0.3054480255,0.01099312212,-0.006856816821,1,-0.1717424095,0.01295625977,0.1842963398,0,0.336787194,0.8783836365,-31.95331573
0.1407664269,0.3102915883,0.01067434438,-0.009378293529,1,-0.2569098771,0.01420894172,-0.01032304764,3.986687183,0.2193827927,1.308288574,-41.30197906
0.1407664269,0.315135181,0.01081135683,-0.0132436147,1,-0.3115693629,0.01709616184,-0.06022620201,8.475242615,0.1146772578,1.44682622,-50.7736969
0.1407664269,0.3199787438,0.009720682167,-0.01667781919,1,-0.1806149483,0.01930391975,0.0213176012,0,-0.7799290419,1.365241885,-59.76419067
0.1407664269,0.3248223364,0.006158887409,-0.01975301653,1,-0.1329451203,0.02069090493,0.3265867829,0,-1.793578029,1.075754642,-72.68280029
0.1407664269,0.3296658993,0.000389417517,-0.02030647174,1,-0.1090774536,0.02031020634,0.2020159364,0,-2.271685123,-0.06477824599,-88.90137482
0.1407664269,0.3345094621,-0.005372485612,-0.01846078224,1,-0.4052634239,0.01922664978,-0.06487470865,0,-1.592354774,-0.86364609,-106.2261353
0.1407664269,0.3393530548,-0.009286201559,-0.01643756032,1,-0.381970346,0.01887927204,-0.07145908475,0,-0.8436570764,-0.949190855,-119.4637527
0.1407664269,0.3441966176,-0.01130890753,-0.01420942042,1,-0.2498971373,0.01816036925,0.2900095284,0,-0.07356782258,-0.8401340246,-128.5153656
0.1407664269,0.3490402102,-0.0108529292,-0.01096362248,1,-0.4481596947,0.01542683039,0.6978622675,0,0.6364407539,-0.6423816681,-134.7093048
0.1456100047,0.237637952,0.009519953281,-0.002621466061,1,1.204856277,0.009874289855,-0.579231739,0,0.8467701674,-0.1898977607,-15.39571571
0.1456100047,0.2424815297,0.01448855922,-0.003564350773,1,0.1683065891,0.01492055412,0.02489104867,0,0.8470442295,0.5325046778,-13.82095623
0.1456100047,0.2473251075,0.01443788409,-0.00508013228,1,-0.3527284265,0.01530556288,0.1283154488,7.920481205,0.194481492,0.9017859697,-19.38499641
0.1456100047,0.2521686852,0.01372207794,-0.007310715504,1,-0.3992007375,0.01554805413,0.1995525658,9.409204483,-0.1434229463,1.047162175,-28.04736519
0.1456100047,0.257012248,0.01180964801,-0.009185588919,1,-0.4350084364,0.01496137772,0.09417322278,0,-0.5151364803,0.8301091194,-37.87591171
0.1456100047,0.2618558407,0.009119977243,-0.01087527815,1,-0.1532040536,0.01419315487,-0.1013575569,0,-0.9086376429,0.2772042453,-50.01689529
0.1456100047,0.2666994035,0.006666535046,-0.01101918239,1,-0.06339240074,0.01287886128,-0.008189499378,0,-0.7907904983,-0.4056154788,-58.82632828
0.1456100047,0.2715429962,0.004982675891,-0.008950314485,1,-0.1367569417,0.01024378743,-0.002225637436,0,-0.3878492713,-0.9093717337,-60.89513779
0.1456100047,0.276386559,0.004125563893,-0.006625349633,1,-0.2025271654,0.007804840337,-0.05399987102,5.831520081,0.009260870516,-0.9955048561,-58.08973312
0.1456100047,0.2812301517,0.004046575632,-0.004390061833,1,-0.1917999238,0.005970545579,-0.06355157495,0,0.4652257562,-0.7733148336,-47.33142853
0.1456100047,0.2860737145,0.005449923221,-0.003187556285,1,-0.1667472422,0.006313649938,-0.1575747281,0,0.7722734213,-0.4638274908,-30.32255363
0.1456100047,0.2909172773,0.00697947992,-0.002906707348,1,-0.2188072205,0.007560561411,-0.08562006801,0,0.7502471805,-0.1345582753,-22.61000633
0.1456100047,0.29576087,0.008023994043,-0.002950520255,1,-0.1015544534,0.008549272083,-0.01592478156,0,0.9290129542,0.2378012538,-20.18909073
0.1456100047,0.3006044328,0.01098733954,-0.004135649186,1,0.02796763182,0.0117398994,-0.1539109647,0,1.086607695,0.4324803054,-20.62640381
0.1456100047,0.3054480255,0.01342252642,-0.005790751893,1,-0.05041405559,0.01461838,-0.1515038013,0,0.7438365221,0.5906302929,-23.3363533
0.1456100047,0.3102915883,0.01434598491,-0.007730233483,1,-0.2330030948,0.01629612781,0.005445480347,0,0.5577296019,1.233996391,-28.31769753
0.1456100047,0.315135181,0.01499536447,-0.01174133364,1,-0.4386566579,0.01904520579,-0.02542579174,10.41843128,0.2653936446,2.239224434,-38.06085587
0.1456100047,0.3199787438,0.013506772,-0.01869924366,1,0.224418819,0.02306717634,-0.05966365337,0,-1.104141474,2.829545021,-54.15879822
0.1456100047,0.3248223364,0.01073435973,-0.0257354416,1,0.1811407804,0.02788439393,0.1503200531,0,-2.87403965,2.101386786,-67.35877991
0.1456100047,0.3296658993,0.0004635067598,-0.02814938687,1,-1.045484304,0.02815320343,0.629172802,0,-2.950085878,-0.02255231142,-89.05665588
0.1456100047,0.3345094621,-0.008618435822,-0.02257877029,1,-0.8664830923,0.02416771278,0.3817394972,0,-1.751961589,-1.722997308,-110.8921204
0.1456100047,0.3393530548,-0.01221913379,-0.01795493066,1,-0.4715482593,0.02171835117,0.2426160574,0,-0.5324440598,-1.599802256,-124.2370453
0.1456100047,0.3441966176,-0.01348135062,-0.01365487371,1,-0.4592942595,0.01918860152,0.1761847734,12.64225292,0.03524750471,-1.311675429,-134.6336365
0.1456100047,0.3490402102,-0.0142730372,-0.01074836403,1,-0.2875694633,0.0178674832,0.1604830027,0,-0.03933112323,-1.039663196,-143.0182953
0.1504535824,0.237637952,0.006086437963,-0.004549404141,1,2.242947817,0.007598802913,-0.024713099,0,1.427686572,-1.280966759,-36.77685547
0.1504535824,0.2424815297,0.01497593988,-0.001507023117,1,0.8397196531,0.01505157445,0.0781802386,0,1.397548556,-0.08259920776,-5.74630785
0.1504535824,0.2473251075,0.01692282036,-0.003770656418,1,-0.1421622336,0.01733781211,0.002435803413,0,0.6078742743,1.02297318,-12.56116199
0.1504535824,0.2521686852,0.01723165251,-0.006450075191,1,-0.5461762547,0.01839927398,0.2574139237,14.18668461,0.0840164274,1.387404919,-20.52165413
0.1504535824,0.257012248,0.0146843167,-0.009243847802,1,-0.7288335562,0.01735159568,0.2292513251,0,-0.8069999218,1.610870361,-32.19061661
0.1504535824,0.2618558407,0.009792723693,-0.0131420549,1,-0.2509501576,0.01638935693,0.1645025611,0,-1.660766125,0.9400131106,-53.30858231
0.1504535824,0.2666994035,0.005424770527,-0.0130000934,1,-0.4127693772,0.01408653799,0.06546145678,0,-1.213470936,-0.6087120175,-67.34985352
0.1504535824,0.2715429962,0.001915902365,-0.009876643308,1,-0.4040032327,0.01006075367,-0.09641343355,0,-0.5209009051,-1.434308529,-79.02192688
0.1504535824,0.276386559,0.0009449252975,-0.006519895047,1,-0.1905773431,0.006588012911,-0.01113635302,0,0.2106272429,-1.437513113,-81.75356293
0.1504535824,0.2812301517,0.002013015561,-0.002967876149,1,-0.08120018244,0.003586156759,0.1238408685,0,0.6539630294,-1.040112257,-55.852211
0.1504535824,0.2860737145,0.003719146596,-0.000882197055,1,-0.01721486449,0.003822345287,-0.07632637024,0,0.8454609513,-0.6255841851,-13.34417248
0.1504535824,0.2909172773,0.006024677306,-0.0003075113636,1,0.05038407445,0.006032519974,-0.1993902028,0,0.948351264,-0.3249592483,-2.92195344
0.1504535824,0.29576087,0.008556598797,-0.0002739936463,1,0.03190565109,0.008560984395,-0.1144153029,0,1.041584253,0.005601521581,-1.834060073
0.1504535824,0.3006044328,0.01122420933,-0.0008888221928,1,-0.247050792,0.01125934627,-0.2744989693,0,1.189219356,0.2903332412,-4.52768755
0.1504535824,0.3054480255,0.01312006544,-0.003009802429,1,-0.3424568176,0.01346087083,-0.4470904469,0,1.468374014,0.5149042606,-12.92035675
0.1504535824,0.3102915883,0.01667767763,-0.005548318382,1,0.0930749774,0.01757637039,-0.2593711019,0,1.644070148,1.149440765,-18.40121651
0.1504535824,0.315135181,0.02153406292,-0.009833492339,1,-0.2807829976,0.02367305383,-0.7928166389,0,1.61433053,2.833528519,-24.54372597
0.1504535824,0.3199787438,0.02313681878,-0.0231128037,1,-1.401297808,0.03270342574,-1.543055892,0,0.4786619544,3.560099125,-44.97024918
0.1504535824,0.3248223364,0.01706520468,-0.03455102071,1,-1.961485147,0.03853562102,-0.1479136944,0,-2.128298998,1.177295446,-63.71462631
0.1504535824,0.3296658993,0.003327630926,-0.02953155711,1,-4.667710304,0.02971844561,1.302805066,128.2411499,-1.306028128,-1.133697867,-83.57099915
0.1504535824,0.3345094621,-0.01186897233,-0.02274966612,1,-2.29846549,0.02565969154,0.365160346,46.18169022,-1.662959337,-2.27731657,-117.5519791
0.1504535824,0.3393530548,-0.01585983858,-0.0167325139,1,-1.217559814,0.02305453271,0.2752625942,34.97683716,0.1976996064,-1.982489347,-133.4662476
0.1504535824,0.3441966176,-0.01680874452,-0.011814069,1,-0.3370971084,0.02054522187,-0.2114446163,0,0.4916382432,-1.650722265,-144.8984375
0.1504535824,0.3490402102,-0.01511130668,-0.009761260822,1,0.532700181,0.01798982546,-0.1554027498,0,0.168200165,-1.003041387,-147.139267
0.1552971601,0.237637952,0.003195791738,-0.006570247468,1,2.16216445,0.007306246087,1.426214337,0,2.491983652,-0.9306321144,-64.06154633
0.1552971601,0.2424815297,0.01446715556,-0.0008624630864,1,1.62160635,0.01449284051,0.463642478,0,1.72483325,-0.5940417051,-3.411664486
0.1552971601,0.2473251075,0.01940453239,-0.001447271905,1,0.1442501545,0.01945842989,0.05969578028,0,1.346740723,0.7608025074,-4.265463352
0.1552971601,0.2521686852,0.02168888599,-0.004258328117,1,-0.5625502467,0.0221029669,-0.2073125243,0,0.8346405029,1.468501329,-11.10798168
0.1552971601,0.257012248,0.02072242089,-0.009564193897,1,-1.248353243,0.02282307111,-0.5176568627,33.19501114,-0.2420948148,2.258287668,-24.77513695
0.1552971601,0.2618558407,0.01446978468,-0.0177038312,1,-1.813186288,0.02286482789,-0.289814502,21.98131371,-1.632027745,0.8112823963,-50.74001312
0.1552971601,0.2666994035,0.004035258666,-0.01489744242,1,-1.949944258,0.01543428376,0.4036775529,33.69694138,-1.539476156,-1.286666632,-74.84401703
0.1552971601,0.2715429962,-0.002431494417,-0.009516517632,1,-1.26619029,0.00982223358,0.3535868526,36.03227997,-0.1638149023,-1.755465508,-104.3325806
0.1552971601,0.276386559,-0.002891082549,-0.00468208408,1,-0.5171524882,0.005502751097,0.2157826424,0,0.93833673,-1.577783346,-121.6944122
0.1552971601,0.2812301517,-0.0003914562694,-0.0008292415878,1,-0.1178041697,0.0009169948753,0.1195060313,0,1.137968898,-1.051728487,-115.2703705
0.1552971601,0.2860737145,0.002050164854,0.0009908810025,1,-0.04599285126,0.002277064137,-0.08326685429,0,1.043442249,-0.5523240566,25.79530334
0.1552971601,0.2909172773,0.004439752549,0.001442666515,1,0.06106597185,0.004668264184,-0.2030806243,0,1.06347084,-0.3990216553,18.00120735
0.1552971601,0.29576087,0.007496946026,0.001939936657,1,0.1109113097,0.007743872236,-0.0823367089,0,1.256730795,-0.3669136167,14.50784111
0.1552971601,0.3006044328,0.01106403396,0.002821036847,1,-0.127145946,0.01141801663,0.08537110686,0,1.418349028,-0.1293899268,14.30413342
0.1552971601,0.3054480255,0.01375098806,0.00298014842,1,-0.3419145346,0.0140702147,-0.1308671087,0,1.909572482,0.4965419769,12.22817707
0.1552971601,0.3102915883,0.01865710691,-0.0002178677532,1,-0.2284989357,0.01865837909,-0.565464437,0,2.526123762,0.5788037181,-0.6690391898
0.1552971601,0.315135181,0.02487971261,-0.002562203445,1,-1.821185112,0.02501129732,0.2658290863,0,2.774895668,2.201514959,-5.87980032
0.1552971601,0.3199787438,0.02327647805,-0.009593512863,1,-3.716617584,0.02517597936,-3.447750092,0,1.825564384,1.503386259,-22.3992424
0.1552971601,0.3248223364,0.01572025008,-0.02654341795,1,-5.999090195,0.03084930032,-1.754575968,165.9450226,1.458255053,-1.285231709,-59.36400223
0.1552971601,0.3296658993,0.001282590209,-0.01186681911,1,-6.68222332,0.0119359307,-0.5489734411,199.03685,-0.254894495,-2.003021002,-83.83130646
0.1552971601,0.3345094621,-0.0178801138,-0.01950064674,1,-4.222872257,0.02645701542,-2.060224295,109.9503174,-0.2719064951,-2.218538523,-132.5176697
0.1552971601,0.3393530548,-0.02048821934,-0.01110001188,1,-1.567421079,0.02330187522,0.05646938086,43.10771179,0.6134182215,-1.97917819,-151.5522614
0.1552971601,0.3441966176,-0.02250090055,-0.009640829638,1,-0.52499336,0.02447929978,-0.7336015701,0,0.6497291923,-0.4417023957,-156.8066101
0.1552971601,0.3490402102,-0.01988405176,-0.01251384802,1,0.7978442907,0.02349408157,-1.151233673,0,0.2826960981,0.03508347273,-147.8161163
0.1601407379,0.237637952,0.008486829698,-0.002951899776,1,0.3991906643,0.008985543624,0.9313133955,0,2.019480705,0.1282442808,-19.17876244
0.1601407379,0.2424815297,0.01434434112,-0.001007035957,1,1.045660615,0.01437964663,0.441491127,0,1.51652348,-0.5919597745,-4.015827656
0.1601407379,0.2473251075,0.0208969675,0.002053699922,1,0.2327546477,0.02099763975,0.2745762467,0,1.624545336,0.00114966929,5.612856865
0.1601407379,0.2521686852,0.02334031835,0.0003173268633,1,-0.7533156276,0.0233424753,-0.5311917067,0,1.211289644,0.7950316668,0.7789255381
0.1601407379,0.257012248,0.0231151972,-0.004369956441,1,-2.631424904,0.02352464385,-1.076775789,71.01919556,0.3558703661,1.520875454,-10.70549202
0.1601407379,0.2618558407,0.0123184938,-0.01226459909,1,-4.063281536,0.0173829142,-1.383792639,113.3882751,-0.4720546007,-0.01249176264,-44.87438583
0.1601407379,0.2666994035,0.001147944131,-0.01101195905,1,-3.835192204,0.01107163075,-0.3711717725,113.8481598,0.2856054306,-1.966562033,-84.0486908
0.1601407379,0.2715429962,-0.004874204751,-0.004537202884,1,-3.561448097,0.006659135222,-0.7281156778,81.90260315,2.157532454,-3.111031532,-137.050766
0.1601407379,0.276386559,-0.00565203093,0.0005298801116,1,-1.126252055,0.005676814821,0.4958468378,0,1.615957856,-1.083927751,174.6441498
0.1601407379,0.2812301517,-0.002502276329,0.003114558058,1,-0.3567740917,0.00399522949,0.107947737,0,1.655946732,-0.6899513602,128.7788544
0.1601407379,0.2860737145,0.0006406127359,0.00439456664,1,-0.2450726628,0.00444101356,-0.02070271969,0,1.403439879,-0.3165915608,81.70619202
0.1601407379,0.2909172773,0.003108347999,0.004547714256,1,-0.2577843666,0.005508496426,-0.007061049342,0,1.442860246,-0.1890145391,55.64751816
0.1601407379,0.29576087,0.006380619947,0.005275872536,1,-0.09183305502,0.008279320784,0.03647784889,0,1.723406553,-0.3865954876,39.58594894
0.1601407379,0.3006044328,0.01101100072,0.006596902851,1,-0.08473145962,0.01283593662,0.04669527709,0,1.841825008,-0.4941399693,30.92663956
0.1601407379,0.3054480255,0.01489123981,0.007895450108,1,-0.5095560551,0.0168548841,-0.074833408,0,1.692831516,-0.3219665289,27.9328804
0.1601407379,0.3102915883,0.0167422872,0.007793911267,1,0.3819172382,0.01846751757,0.03801083565,0,3.456896782,-0.8977711201,24.96303558
0.1601407379,0.315135181,0.03348483518,0.01242798287,1,-3.243208408,0.03571678698,-0.8757849932,50.86249161,2.619053125,-0.03699877858,20.36253738
0.1601407379,0.3199787438,0.01371914335,0.003731185105,1,-6.505156517,0.01421747636,-2.557707548,178.878418,0.07536911964,-0.3158167601,15.21468735
0.1601407379,0.3248223364,0.002341660205,0.001569211017,1,-7.075249672,0.002818828914,-2.132104635,188.8276825,2.37783432,-1.692042589,33.82712936
0.1601407379,0.3296658993,-0.009033152834,0.001599709387,1,-7.108069897,0.009173708037,-3.892295122,177.8609314,-0.1046273708,-2.822407484,169.957428
0.1601407379,0.3345094621,-0.03259349242,-0.003612857312,1,-4.902889729,0.03279311582,-3.139164686,102.3774567,1.570750356,-1.535152197,-173.6748047
0.1601407379,0.3393530548,-0.02517262846,-0.006169449072,1,-0.6042017937,0.02591762505,-2.274795532,0,2.687800407,-1.756304383,-166.2290649
0.1601407379,0.3441966176,-0.02250142023,-0.006124209147,1,-0.5074455142,0.02331994474,-1.15780735,0,1.468545437,0.09890252352,-164.7746124
0.1601407379,0.3490402102,-0.02051746659,-0.01225642115,1,-0.231040746,0.02389950491,-1.786692977,0,1.050248265,0.7453993559,-149.1473694
0.1649843156,0.237637952,0.008327841759,0.001277753385,1,0.6480235457,0.008425295353,0.01697336137,0,1.58607173,-0.04101873189,8.722953796
0.1649843156,0.2424815297,0.01373834908,0.001418197993,1,0.6539131999,0.01381135453,0.4794428349,0,1.908694506,-0.3497420251,5.893718243
0.1649843156,0.2473251075,0.0207400322,0.005293974653,1,0.4403690696,0.02140502632,0.2268544585,0,1.464930296,-0.5657812357,14.31921291
0.1649843156,0.2521686852,0.02296681516,0.00525739044,1,-0.6123124361,0.02356087416,-0.3148216307,0,1.052776814,-0.2345146686,12.8935709
0.1649843156,0.257012248,0.02287345193,0.004905002192,1,-3.121893406,0.02339345589,-1.116050482,87.19799042,-0.02867901325,0.0332724452,12.10325432
0.1649843156,0.2618558407,0.00770677207,-0.0003094440908,1,-6.488875389,0.007712982129,0.06607232243,193.9074249,0.2618277073,0.03366671503,-2.299318075
0.1649843156,0.2666994035,-0.007287736982,0.005061961245,1,-7.166110039,0.008873250335,1.971183181,202.73172,1.233827114,-1.84691453,145.2166901
0.1649843156,0.2715429962,-0.0210267026,0.01818380877,1,-3.296848297,0.02779879607,-0.4336688519,0,3.616496325,-1.16413331,139.1468811
0.1649843156,0.276386559,-0.005739498418,0.008600022644,1,0.3309707642,0.01033935416,-0.7166966796,0,3.347356796,1.195997,123.7184296
0.1649843156,0.2812301517,-0.003210436087,0.008919528686,1,-0.4837186337,0.00947970897,0.09404817969,0,1.754670143,0.0165111199,109.7955017
0.1649843156,0.2860737145,0.0004164538113,0.008975579403,1,-0.2023275495,0.008985235356,0.1166604757,0,1.585706234,-0.04031943157,87.34346008
0.1649843156,0.2909172773,0.003490045201,0.00967987068,1,-0.4716830254,0.01028981619,0.2295791805,0,1.583396435,-0.1330889463,70.17340088
0.1649843156,0.29576087,0.005801124033,0.01073219068,1,-0.5398342013,0.01219971105,0.1860547364,0,1.656107187,-0.3244341314,61.60722733
0.1649843156,0.3006044328,0.008896800689,0.0121524632,1,-0.407132864,0.01506105717,-0.08169505,0,1.651653528,-0.6836041212,53.79219818
0.1649843156,0.3054480255,0.01182905678,0.01364758424,1,-0.5593556166,0.01806054078,-0.4220167398,0,1.714697957,-0.9430308342,49.08285904
0.1649843156,0.3102915883,0.01449279115,0.01467603538,1,-0.6812167168,0.02062588185,0.5787863731,0,2.462857723,-1.936819553,45.35993576
0.1649843156,0.315135181,0.02045857348,0.0258321166,1,-3.062244892,0.03295226023,-1.388532162,55.47732925,2.002191544,-2.95839262,51.62140656
0.1649843156,0.3199787438,0.009358339012,0.02227977663,1,-6.235074997,0.02416540869,-1.625971675,174.8584442,1.432658672,-0.2656571269,67.21577454
0.1649843156,0.3248223364,-0.002802304458,0.0192433279,1,-8.697002411,0.01944630034,-1.687649131,255,0.3149895668,-1.641220927,98.28543854
0.1649843156,0.3296658993,-0.03124059364,0.02205489762,1,-7.933073997,0.03824124858,-3.649867773,210.6212769,0.1457841396,-2.124462366,144.7790833
0.1649843156,0.3345094621,-0.04052053019,0.01185493078,1,-3.417564631,0.04221910238,-2.473909378,51.62252426,1.606388807,1.07921648,163.6923065
0.1649843156,0.3393530548,-0.04001316428,0.004845056683,1,-0.6890099049,0.04030543193,-2.588555813,0,3.350418806,-0.1265546083,173.0958557
0.1649843156,0.3441966176,-0.02762978896,-6.996402226e-05,1,0.102968812,0.02762987651,-2.044035435,0,3.011573315,0.2585768104,-179.8549194
0.1649843156,0.3490402102,-0.02492763847,-0.006307825446,1,-1.074309945,0.02571333945,-1.233809829,0,2.190072775,1.341906905,-165.7996521
0.1698278934,0.237637952,0.008370364085,0.001591609791,1,0.628739357,0.008520341478,1.094121933,0,2.097424507,-0.3424133658,10.76616287
0.1698278934,0.2424815297,0.01497255731,0.005070595071,1,0.5356058478,0.0158078596,0.6067554355,0,1.711696863,-0.5132084489,18.7091465
0.1698278934,0.2473251075,0.01925534941,0.007016242016,1,0.2262455523,0.02049380727,-0.2738676071,0,0.9520173073,-0.9576020241,20.02066994
0.1698278934,0.2521686852,0.02067956515,0.008382315747,1,-0.7843132615,0.02231384441,-0.3800850809,14.09995174,0.4984349608,-1.122517943,22.06482506
0.1698278934,0.257012248,0.01787067764,0.010612268,1,-2.0911026,0.02078416012,0.6378002167,57.91881943,0.46462363,-1.850162506,30.70340347
0.1698278934,0.2618558407,0.01280158758,0.02043295652,1,-4.119314671,0.0241119545,2.476670504,95.56433868,0.7910256386,-1.458751917,57.93217087
0.1698278934,0.2666994035,0.001749849995,0.02967379242,1,-4.835784912,0.02972534113,2.178164959,128.5431824,-0.4113428593,0.4201335311,86.62519836
0.1698278934,0.2715429962,-0.01261328347,0.02894811891,1,-0.6999668479,0.03157670796,0.8020788431,0,-0.3489174247,3.802714348,113.5437317
0.1698278934,0.276386559,-0.003330502659,0.01513998117,1,0.1003355384,0.01550197694,-0.8562201262,0,2.097731829,2.23896122,102.4063644
0.1698278934,0.2812301517,-0.001966773765,0.01395636797,1,-0.3826963007,0.0140942689,0.2067769915,0,1.278909683,0.6372303367,98.02146912
0.1698278934,0.2860737145,0.001010376494,0.01305504702,1,-0.1513838768,0.01309408713,0.2163769305,0,1.295681953,0.1037978604,85.57449341
0.1698278934,0.2909172773,0.003575705923,0.01450165175,1,-0.2295453846,0.01493598241,0.2943024635,0,1.199900866,-0.2955587506,76.14874268
0.1698278934,0.29576087,0.00571036851,0.01591208577,1,-0.3442575336,0.01690570265,0.09736683965,0,1.114041567,-0.3294133544,70.25846863
0.1698278934,0.3006044328,0.007304214407,0.01656879485,1,-0.3918999732,0.01810736023,-0.03145185113,0,0.9223254919,-0.6503992081,66.21012115
0.1698278934,0.3054480255,0.008279525675,0.01891000569,1,-0.4406576455,0.02064313181,0.07733809948,0,1.031199098,-1.255083084,66.35435486
0.1698278934,0.3102915883,0.01016454771,0.02302248031,1,-0.678671658,0.0251664985,0.9632642269,0,1.535608768,-2.762900829,66.17829132
0.1698278934,0.315135181,0.01243016683,0.03695797548,1,-1.235939503,0.03899231926,0.0825521946,36.80891418,0.07818871737,-3.602321148,71.41053772
0.1698278934,0.3199787438,0.004556891974,0.04087045044,1,-4.264827251,0.04112370312,-0.1809439659,122.7383881,-1.146905541,-1.88660872,83.63802338
0.1698278934,0.3248223364,-0.01378198061,0.04521949589,1,-6.103437424,0.04727309942,-0.634285152,165.7607117,-2.47667861,-0.6053469777,106.9501572
0.1698278934,0.3296658993,-0.03700156882,0.04073028639,1,-3.307912827,0.05502792448,-0.9697377682,73.98239136,-1.970601559,4.088200569,132.2536926
0.1698278934,0.3345094621,-0.03934879601,0.02072105184,1,-1.107569456,0.04447122291,-0.9114646912,0,0.8346497416,4.731976986,152.2287445
0.1698278934,0.3393530548,-0.03832347691,0.01339583844,1,-0.2045560479,0.04059725627,0.4664664268,0,1.897388935,3.100306749,160.7331085
0.1698278934,0.3441966176,-0.03114942834,0.007963841781,1,0.6882454157,0.03215135634,-0.374032855,0,3.096061707,1.657723069,165.6586456
0.1698278934,0.3490402102,-0.01999389008,0.003554870375,1,0.9293996096,0.02030745521,0.3414124846,0,3.676908016,2.161950111,169.9182892
0.1746714562,0.237637952,0.01196879521,0.008391433395,1,-0.4154319167,0.01461739466,-0.1199117601,0,1.333206177,0.4072835147,35.03465271
0.1746714562,0.2424815297,0.01419145055,0.00711467769,1,0.1117653847,0.01587500982,-0.281524688,0,0.4676673412,-0.3677972257,26.62623405
0.1746714562,0.2473251075,0.01477532275,0.008809301071,1,-0.07586663961,0.01720215008,-0.4147759378,0,0.3850184679,-1.314068556,30.80412292
0.1746714562,0.2521686852,0.01568885148,0.01147047151,1,-0.1649366021,0.01943480782,-0.02302789688,0,0.6245081425,-1.772675395,36.17137909
0.1746714562,0.257012248,0.01700128987,0.01728384197,1,-0.9470707178,0.02424407192,0.7132818699,16.04171562,0.3170160949,-1.764981747,45.47217941
0.1746714562,0.2618558407,0.01263713278,0.0234741345,1,-1.278778553,0.02665955946,0.7224168181,0,-1.137614012,-1.178701401,61.70451736
0.1746714562,0.2666994035,0.005297304131,0.02649205551,1,-0.3138968945,0.02701648511,0.2159191966,0,-2.031517267,0.9571054578,78.69237518
0.1746714562,0.2715429962,0.001276936615,0.01988414116,1,0.4611132741,0.01992510073,0.9289674759,0,-1.357021093,2.625544786,86.32557678
0.1746714562,0.276386559,0.0009579046746,0.01827455126,1,-0.4423744082,0.01829963923,0.3579874337,0,0.3599221706,0.9601265192,86.99945068
0.1746714562,0.2812301517,0.0008775727474,0.01696763374,1,-0.3577066064,0.01699031331,0.2281388342,0,0.5660935044,0.7009311914,87.03927612
0.1746714562,0.2860737145,0.001967242919,0.01598454453,1,-0.1885240376,0.01610514522,0.1281517446,0,0.7266377211,0.2033318877,82.9838028
0.1746714562,0.2909172773,0.003483960172,0.01660349406,1,0.03621286154,0.01696508192,0.1873694807,0,0.5232800841,-0.1865318269,78.14938354
0.1746714562,0.29576087,0.004677190445,0.01779556461,1,0.0404612124,0.01839995198,-0.03126220405,0,0.3952181339,-0.4265304208,75.27406311
0.1746714562,0.3006044328,0.005594206974,0.01851800643,1,-0.08455890417,0.01934455149,-0.01355987787,0,0.3833826184,-0.6290266514,73.1906662
0.1746714562,0.3054480255,0.006124566309,0.02077662572,1,-0.1426020861,0.02166052908,0.3794966936,0,0.1801605821,-1.041570902,73.57545471
0.1746714562,0.3102915883,0.005776124541,0.02540105768,1,-0.3092323244,0.0260495171,0.5053212047,0,-0.2511471808,-1.852556229,77.18896484
0.1746714562,0.315135181,0.003410324687,0.03219718859,1,0.3394502401,0.0323772952,0.04333817959,0,-1.667419553,-2.430161953,83.9537735
0.1746714562,0.3199787438,-0.0006559978938,0.03738164902,1,-0.1388220787,0.03738740459,-0.3509161472,0,-2.383460999,-1.303229332,91.00535583
0.1746714562,0.3248223364,-0.008806549944,0.03680979088,1,0.055783391,0.0378485918,-0.4727556705,0,-3.251788855,1.354280114,103.4548187
0.1746714562,0.3296658993,-0.01613609865,0.02853225917,1,0.1184672117,0.03277900815,0.693392992,0,-2.84560442,3.903341055,119.4898453
0.1746714562,0.3345094621,-0.02201561071,0.02126220614,1,-0.6376798153,0.03060667403,0.8505603075,0,-0.7251865864,3.639053822,135.997345
0.1746714562,0.3393530548,-0.02273724787,0.01502597518,1,-0.3024049103,0.02725366689,1.026798844,0,0.4269957244,3.02320385,146.5411682
0.1746714562,0.3441966176,-0.02141214535,0.01159246359,1,0.5999418497,0.02434882335,0.3412085772,0,1.451191068,1.998258591,151.5690308
0.1746714562,0.3490402102,-0.01280242577,0.006999924313,1,1.37886107,0.01459112857,-0.8049501181,0,2.176235437,1.091385722,151.3316956
0.179515034,0.237637952,0.009762269445,0.01006126124,1,0.1222443581,0.01401894726,-0.9158192873,0,0.7305350304,0.4331133366,45.86410522
0.179515034,0.2424815297,0.01182752103,0.006794431247,1,0.02147853374,0.01364018116,-0.5705376863,0,0.209610939,-0.4027506113,29.87561989
0.179515034,0.2473251075,0.01088156924,0.00924857147,1,-0.03937334567,0.01428091805,-0.09523630142,0,0.07125661522,-1.212512851,40.36220551
0.179515034,0.2521686852,0.01198195014,0.01220604684,1,0.1736147106,0.01710423082,0.09920889139,0,0.2176516056,-1.446425676,45.53081894
0.179515034,0.257012248,0.01277669519,0.01673496142,1,0.0919342041,0.02105475962,0.07570743561,0,-0.378996551,-1.763975978,52.63923645
0.179515034,0.2618558407,0.01059154142,0.0211166963,1,0.00745433569,0.02362404764,-0.02005940676,0,-1.111022472,-0.9737792015,63.36294174
0.179515034,0.2666994035,0.007431477308,0.02135437727,1,0.05005139112,0.02261053585,0.05124729872,0,-1.286388397,0.2525116503,70.81173706
0.179515034,0.2715429962,0.004603246693,0.02014185674,1,-0.4128797948,0.02066117711,0.2197325379,0,-0.4909154475,0.7004549503,77.12664032
0.179515034,0.276386559,0.003053874709,0.01902596094,1,-0.2625841498,0.01926949248,0.1942157298,1.909498334,-0.1647867709,0.5474665761,80.88117981
0.179515034,0.2812301517,0.002533242339,0.01843085885,1,-0.2149402648,0.01860413514,0.1236068159,3.713319302,0.1245248765,0.4411951303,82.17398071
0.179515034,0.2860737145,0.002615940757,0.0174876973,1,-0.07772350311,0.01768227108,-0.04314569384,0,0.2937877774,0.2810088098,81.49235535
0.179515034,0.2909172773,0.00357976323,0.01686079614,1,0.06207489222,0.01723662205,0.04565719515,0,0.1190055087,0.0161999166,78.01335907
0.179515034,0.29576087,0.00349301775,0.01763037592,1,0.1619518697,0.01797307283,0.0688238591,4.253487587,-0.03559110314,-0.3388306499,78.79340363
0.179515034,0.3006044328,0.004191801418,0.01883530244,1,0.1706217825,0.01929610968,0.05676332116,1.234082103,0.1555224359,-0.5301898718,77.45327759
0.179515034,0.3054480255,0.005072722677,0.02047332935,1,0.06637486815,0.02109240927,0.2070875168,0,-0.1804809719,-0.7154778838,76.08395386
0.179515034,0.3102915883,0.003639119677,0.02330381982,1,0.01864442229,0.02358625084,0.3871436119,0,-0.8864543438,-1.0093925,81.12438202
0.179515034,0.315135181,0.0008694180869,0.0272375606,1,0.2684498429,0.02725143172,0.3111893535,0,-1.733110428,-1.070963383,88.17175293
0.179515034,0.3199787438,-0.003455077531,0.02999838442,1,0.399977088,0.03019669838,-0.0812844038,0,-2.543366432,-0.4862489104,96.57011414
0.179515034,0.3248223364,-0.009512254968,0.0291990377,1,0.3692066669,0.03070939332,-0.1731714159,0,-2.698453188,0.5751984715,108.0442047
0.179515034,0.3296658993,-0.01473696437,0.02637359686,1,0.06226611137,0.03021166474,-0.3184819818,0,-1.732685447,1.519386292,119.1954651
0.179515034,0.3345094621,-0.01760303602,0.02029720694,1,-0.02650934458,0.02686714567,0.0553047061,0,-0.7931411862,2.005279541,130.9339294
0.179515034,0.3393530548,-0.01870700531,0.01692874171,1,-0.2127036601,0.02522963285,0.04899674654,0,-0.2446067482,1.744082689,137.8567657
0.179515034,0.3441966176,-0.01981805451,0.01208692696,1,0.002754121087,0.0232131239,-0.3873764277,0,0.01799210906,1.576406002,148.6212006
0.179515034,0.3490402102,-0.01860651933,0.007417008746,1,0.187445879,0.02003034204,-1.697050571,0,0.3128171563,0.2312363386,158.266571
0.1843586117,0.237637952,0.009630771354,0.01133773662,1,-0.2288321853,0.014876022,-0.9184376597,0,0.1654417515,0.4490742087,49.653965
0.1843586117,0.2424815297,0.009477253072,0.008025911637,1,-0.4820871949,0.01241908222,-0.6773666739,0,0.2364767641,-0.2659785151,40.25994492
0.1843586117,0.2473251075,0.008441138081,0.009345145896,1,-0.1890890896,0.01259303652,-0.04898142815,4.001765251,0.1243123114,-0.8041785359,47.90961456
0.1843586117,0.2521686852,0.009163501672,0.01168376766,1,0.05079954118,0.014848575,0.09384170175,0,0.02825203538,-1.074244261,51.89315033
0.1843586117,0.257012248,0.008824029937,0.01500285231,1,0.0922318548,0.01740543172,0.1069383621,0,-0.3689081669,-1.20881176,59.53779602
0.1843586117,0.2618558407,0.007823398337,0.01805670559,1,0.257676214,0.01967867278,0.1259250939,0,-0.6820414066,-0.909684062,66.57444763
0.1843586117,0.2666994035,0.006768584251,0.0200189054,1,0.1907567382,0.02113221027,-0.007333025336,0,-0.6221449375,-0.3065878153,71.31911469
0.1843586117,0.2715429962,0.005733936094,0.01950616948,1,0.0357106179,0.0203314703,-0.09047676623,0,-0.4936951399,0.1718633622,73.61904144
0.1843586117,0.276386559,0.004550300539,0.01874824055,1,-0.03174979985,0.01929253154,0.1135560274,0,-0.4060879946,0.298194319,76.35778809
0.1843586117,0.2812301517,0.00361323473,0.01861185953,1,-0.03258720785,0.0189593453,0.0857469514,0,-0.2628450692,0.284825474,79.01348114
0.1843586117,0.2860737145,0.003119351342,0.01778398827,1,0.06106545404,0.01805548556,-0.08503976464,0,-0.02589812502,0.2726757526,80.0513916
0.1843586117,0.2909172773,0.003783569904,0.01687924191,1,0.1287612617,0.01729809865,-0.1088775992,0,-0.07713819295,0.08627533913,77.36569977
0.1843586117,0.29576087,0.003369391663,0.01683874987,1,0.02545117214,0.01717254519,0.1127832308,0,-0.1250555217,-0.2104550302,78.68469238
0.1843586117,0.3006044328,0.003301128512,0.01844487153,1,0.1114286929,0.01873794757,0.1297065318,0,-0.05098858476,-0.4364473522,79.8530426
0.1843586117,0.3054480255,0.003662138013,0.01958096027,1,0.04172208905,0.01992047392,-0.02474746108,0,-0.1529859006,-0.5558156967,79.40660858
0.1843586117,0.3102915883,0.002762213582,0.02101714164,1,-0.1247730255,0.02119787969,0.08687843382,0,-0.6869901419,-0.5162947178,82.5127182
0.1843586117,0.315135181,-0.0002697002201,0.02250247635,1,0.07003885508,0.02250409313,0.07238136232,0,-1.343292475,-0.3628741503,90.68667603
0.1843586117,0.3199787438,-0.003404889489,0.02312533557,1,0.4018213749,0.02337465249,-0.07689311355,0,-1.762303352,0.03689350933,98.3758316
0.1843586117,0.3248223364,-0.006859300658,0.021951342,1,0.3945974112,0.02299807407,0.05117237568,0,-1.822165251,0.7298161387,107.3528519
0.1843586117,0.3296658993,-0.01031942479,0.01983827166,1,0.3810459375,0.02236174233,0.1798403859,0,-1.449620843,1.088753223,117.4824524
0.1843586117,0.3345094621,-0.01203501038,0.01754896529,1,-0.03899407387,0.02127927728,0.07638829947,0,-0.7316973805,1.101833105,124.4421692
0.1843586117,0.3393530548,-0.01405232865,0.01487145014,1,-0.1965847462,0.02046040073,-0.01052302122,0,-0.5503791571,1.204012156,133.3778229
0.1843586117,0.3441966176,-0.01565298811,0.01166626997,1,-0.5753697753,0.01952224039,-0.01249170303,0,-0.6323907971,1.487283945,143.3026123
0.1843586117,0.3490402102,-0.01990221068,0.007607169915,1,-0.7121983767,0.0213065017,-0.1770598292,0,-1.04237628,1.499010086,159.0817719
0.1892021894,0.237637952,0.007488870993,0.01197095774,1,1.006944537,0.01412044745,-0.6172597408,0,-1.102128625,0.08309277892,57.97045135
0.1892021894,0.2424815297,0.007258355152,0.01027485169,1,-0.2603727877,0.01257999614,-0.1940160692,4.074633121,0.1076657251,0.05464353412,54.76187134
0.1892021894,0.2473251075,0.006749222521,0.01076655556,1,-0.309520036,0.01270711329,0.2689308226,0,0.3043459952,-0.1072342098,57.91766739
0.1892021894,0.2521686852,0.007233294193,0.01209683623,1,0.01081628725,0.01409446634,0.432664752,0,0.1317362934,-0.3384272456,59.12271881
0.1892021894,0.257012248,0.007439685985,0.01450139377,1,0.1375076622,0.0162984468,0.5113487244,0,-0.2279264182,-0.4111645818,62.84070587
0.1892021894,0.2618558407,0.006795343943,0.01656510122,1,0.4137131274,0.01790472679,0.3074128628,0,-0.7293287516,-0.2945452929,67.69555664
0.1892021894,0.2666994035,0.005910977256,0.01741702482,1,0.4062116742,0.01839272678,0.006519734859,0,-0.7774031758,-0.2025277317,71.25385284
0.1892021894,0.2715429962,0.004997448996,0.01757763885,1,0.1864719689,0.0182742402,-0.2911348939,0,-0.3645960391,-0.2489759922,74.12917328
0.1892021894,0.276386559,0.00504821958,0.0172128249,1,0.0716484338,0.01793783344,-0.1174253523,0,-0.2098335475,-0.06332240999,73.6545105
0.1892021894,0.2812301517,0.004328138661,0.01731558703,1,0.06948253512,0.01784831472,0.02171871066,0,-0.3840122819,0.05193241686,75.96611786
0.1892021894,0.2860737145,0.003524770262,0.01706648245,1,-0.02563663572,0.0174266696,-0.07676086575,0,-0.1514749825,0.2230351567,78.33068085
0.1892021894,0.2909172773,0.003470287425,0.01586350612,1,-0.3437555432,0.01623865031,0.01711024344,7.356716633,0.2395281792,0.05119608343,77.66041565
0.1892021894,0.29576087,0.003019936848,0.01690138504,1,-0.5576310158,0.01716906577,0.2414328456,9.110211372,0.3998532295,-0.2097038329,79.86930847
0.1892021894,0.3006044328,0.002706078347,0.01804862171,1,-0.282774359,0.01825035922,0.3613275886,0,0.1260272861,-0.1814243197,81.4730072
0.1892021894,0.3054480255,0.002260720124,0.01953024603,1,-0.5006164312,0.01966065541,-0.01090738177,12.72059631,0.2638349235,-0.5336729288,83.39712524
0.1892021894,0.3102915883,0.001559208613,0.02058067732,1,-0.836613059,0.02063965611,-0.3077600002,21.94164085,0.2588734627,-0.4856727421,85.66750336
0.1892021894,0.315135181,-0.0005376063637,0.02039198019,1,-0.9392253757,0.02039906569,-0.3382443786,25.88869858,-0.1360185146,-0.1184895933,91.51016998
0.1892021894,0.3199787438,-0.003648818703,0.01951627806,1,-0.8134491444,0.01985444501,-0.1437809169,22.66431618,-0.2584590018,0.2546856999,100.5899124
0.1892021894,0.3248223364,-0.005729476456,0.0184619762,1,-0.6101238132,0.01933058351,-0.009144589305,13.49663067,-0.4105295837,0.4057673216,107.2411728
0.1892021894,0.3296658993,-0.008592432365,0.01750661992,1,-1.148688316,0.01950157993,-0.4644327164,31.20134163,-0.1244968772,-0.1506283134,116.1422882
0.1892021894,0.3345094621,-0.01189622935,0.01694204472,1,-1.057521582,0.02070152573,-0.733245194,22.26582336,0.1627665758,-0.260142684,125.0754623
0.1892021894,0.3393530548,-0.0129262479,0.01521511097,1,-0.5213561654,0.01996465586,-0.6931493878,0,0.360616684,0.3662541509,130.3501282
0.1892021894,0.3441966176,-0.01267478336,0.01181074139,1,-0.1816769838,0.01732465625,-0.2000108957,0,0.3308844566,1.740155101,137.0210114
0.1892021894,0.3490402102,-0.01220354997,0.005817766301,1,-0.05521784723,0.01351935789,1.229204059,0,0.2497979552,3.703803062,154.5115814
0.1940457672,0.237637952,0.007043492049,0.001122276764,1,2.602906704,0.007132340688,1.70140326,0,-1.876707911,-1.885308146,9.053138733
0.1940457672,0.2424815297,0.008802191354,0.009808534756,1,0.3214018941,0.01317899581,1.474514365,0,0.1288512647,-0.8370367289,48.09515381
0.1940457672,0.2473251075,0.009224328212,0.01231845375,1,-0.23598665,0.01538936421,0.7650470734,0,0.4048199058,0.2569684088,53.1733284
0.1940457672,0.2521686852,0.009619948454,0.01226945315,1,-0.02686879039,0.01559111569,0.5871382952,0,0.04440782219,0.3983539939,51.90153885
0.1940457672,0.257012248,0.009309279732,0.01323284395,1,0.08288031816,0.01617933437,0.41188851,0,-0.4409266114,0.3601002395,54.87369156
0.1940457672,0.2618558407,0.007885723375,0.01252029371,1,0.4748080969,0.01479670219,0.3338327706,0,-1.195365429,0.1164044067,57.79582596
0.1940457672,0.2666994035,0.005819204263,0.01428597514,1,0.1542499065,0.01542569976,0.4266669452,0,-1.138616562,-0.464561671,67.83712769
0.1940457672,0.2715429962,0.003117867047,0.01683702879,1,-0.06845656037,0.01712327823,-0.06816017628,0,-0.3742677271,-0.707952857,79.50885773
0.1940457672,0.276386559,0.003674834734,0.01738486066,1,0.05244378746,0.0177690126,-0.3270801604,0,0.1234804392,-0.2400150597,78.0644455
0.1940457672,0.2812301517,0.003969969694,0.0164153222,1,0.2016626149,0.01688855886,-0.09566462785,0,-0.1700728685,-0.05222975463,76.40433502
0.1940457672,0.2860737145,0.003827842185,0.01717448048,1,-0.007385905832,0.01759588532,0.4021050036,0,0.03720841557,-0.2769611776,77.43530273
0.1940457672,0.2909172773,0.004114416894,0.01970442198,1,-0.824452579,0.02012939751,0.5770711303,0,0.7615303397,-0.311098516,78.20571136
0.1940457672,0.29576087,0.003523073625,0.02147639915,1,-0.9385563731,0.0217634514,0.1782551706,0,0.9505489469,0.0294990018,80.6839447
0.1940457672,0.3006044328,0.004172503948,0.0204249341,1,-0.7485456467,0.02084676735,0.4893172383,0,0.232676357,0.1161961704,78.45420074
0.1940457672,0.3054480255,0.001024420839,0.02328363992,1,-1.317221642,0.02330616489,0.3536315262,0,0.2326219082,-0.8641216755,87.48075104
0.1940457672,0.3102915883,-0.001080839545,0.02632321604,1,-1.547556877,0.02634539641,-0.2240972221,0,0.8236401081,-0.8660259247,92.35125732
0.1940457672,0.315135181,-0.002481926698,0.02639287151,1,-1.423395872,0.02650931105,-0.4540428221,0,1.054479599,-0.3488018513,95.37216187
0.1940457672,0.3199787438,-0.002867713571,0.02581347339,1,-1.553675056,0.02597227693,-0.1974335313,0,1.046549678,0.5199658275,96.33920288
0.1940457672,0.3248223364,-0.00493822759,0.02291809209,1,-1.996771812,0.02344408259,0.05863921344,0,-0.1567617059,0.2680816054,102.1597748
0.1940457672,0.3296658993,-0.01329852082,0.02479902282,1,-2.734876633,0.02813968994,-0.9157220125,0,0.2762869596,-1.027506232,118.2025146
0.1940457672,0.3345094621,-0.0168465618,0.02345952578,1,-1.586855173,0.02888175845,-1.605872154,0,1.104329586,-0.4382087588,125.6825714
0.1940457672,0.3393530548,-0.01563567109,0.01914335415,1,0.08226311207,0.02471724525,-1.52051568,0,1.704305053,0.4017462134,129.2408447
0.1940457672,0.3441966176,-0.008193179965,0.01414890122,1,1.543336868,0.01634991169,-0.1130991578,0,2.508804798,1.963633537,120.0737686
0.1940457672,0.3490402102,0.003991192672,0.009084537625,1,1.841110945,0.009922622703,2.297969818,0,3.190019131,4.389129639,66.28224182
