PIVlab, ASCII chart output - 13-Mar-2024
FRAME: 50, filenames: A:[50]2 vortices tapados mismo sentido clase 4.mp4 & B:[51]2 vortices tapados mismo sentido clase 4.mp4, conversion factor xy (px -> m): 0.00030272, conversion factor uv (px/frame -> m/s): 0.0090842
x [m],y [m],u [m/s],v [m/s],Vector type [-],vorticity [1/s],magnitude [m/s],divergence [1/s],dcev [1],simple shear [1/s],simple strain [1/s],vector direction [degrees]
0.1262357086,0.237637952,0.007006803527,-0.002428374253,1,0.351669848,0.007415678818,0.3763617575,0,0.7094128728,0.9181073904,-19.11497498
0.1262357086,0.2424815297,0.009576521814,-0.003740367712,1,0.4498948157,0.01028105617,0.1147706062,0,0.4199463427,0.5613633394,-21.33446503
0.1262357086,0.2473251075,0.01121994667,-0.004591480829,1,0.2803859711,0.01212307345,-0.1104283556,0,0.2310681343,0.2875444293,-22.25559807
0.1262357086,0.2521686852,0.01205378957,-0.005667979829,1,-0.05371724069,0.01331990398,-0.3192406297,0,0.2220489234,0.1194423735,-25.18403053
0.1262357086,0.257012248,0.01203527302,-0.006716272794,1,-0.2355860323,0.01378245652,-0.4035399556,0,0.1394845396,-0.03115543723,-29.16366196
0.1262357086,0.2618558407,0.01158831455,-0.007471653167,1,-0.3830489814,0.0137882065,-0.2793936729,0,0.08430275321,-0.2194107175,-32.81220245
0.1262357086,0.2666994035,0.01058827247,-0.007006804924,1,-0.377004236,0.01269672532,0.05981166288,0,-0.06171500683,-0.1071818769,-33.49465942
0.1262357086,0.2715429962,0.009463343769,-0.006662806962,1,-0.2357375175,0.01157358568,0.1256364733,0,-0.06899784505,0.1800594777,-35.14802933
0.1262357086,0.276386559,0.009112263098,-0.007270406932,1,-0.07291378081,0.01165727898,-0.03436598182,0,0.1769591272,0.2580035627,-38.58533859
0.1262357086,0.2812301517,0.009967295453,-0.008078921586,1,-0.00730920583,0.01283027511,-0.2808806896,0,0.1637967825,-0.06797493249,-39.02625275
0.1262357086,0.2860737145,0.00987022277,-0.008301632479,1,-0.1464949399,0.01289722417,-0.3033672571,0,-0.1431954056,-0.1958578527,-40.0664711
0.1262357086,0.2909172773,0.008564162068,-0.008599650115,1,-0.1510692388,0.01213667355,-0.2406766117,0,-0.1916796416,0.1371254921,-45.11846542
0.1262357086,0.29576087,0.008210091852,-0.0101315463,1,-0.1334193945,0.01304046903,-0.2955550849,0,0.1428264976,0.3211188018,-50.98044586
0.1262357086,0.3006044328,0.008609726094,-0.01158655807,1,-0.3555169106,0.01443522517,-0.3339244723,0,0.08558297157,0.09388576448,-53.38474274
0.1262357086,0.3054480255,0.006902645808,-0.01220367849,1,-0.5457428694,0.01402056683,0.02802832797,0,-0.4334337413,0.1438258141,-60.50662231
0.1262357086,0.3102915883,0.003867008258,-0.01214743219,1,-0.3096788824,0.01274809241,0.4543490708,0,-0.6426236629,0.4571619332,-72.34166718
0.1262357086,0.315135181,0.002290094271,-0.01221730281,1,-0.03703582287,0.01243008487,0.04061567783,0,-0.3484905958,0.6642460823,-79.38328552
0.1262357086,0.3199787438,0.001999681117,-0.01516803447,1,-0.5626974702,0.01529928111,-0.3962267935,0,0.3521545529,0.1968335807,-82.48970795
0.1262357086,0.3248223364,0.001270313165,-0.0150898369,1,-0.6227568388,0.01514321193,-0.1871260703,0,0.01413649321,-0.6748771071,-85.18798828
0.1262357086,0.3296658993,-0.000948218978,-0.01280557457,1,-0.3559716344,0.01284063328,0.02538618445,0,-0.6699249744,-0.9715518951,-94.23487091
0.1262357086,0.3345094621,-0.003698681481,-0.01026110444,1,0.06045949459,0.01090736035,-0.0646328032,0,-0.9324199557,-0.8379013538,-109.8220291
0.1262357086,0.3393530548,-0.005171627272,-0.009060188197,1,0.2906419039,0.01043229271,-1.186167836,0,-0.6409569979,-0.7055761814,-119.7180634
0.1262357086,0.3441966176,-0.005395459943,-0.01258888748,1,-0.3056543767,0.01369638927,-3.263224125,0,1.150405288,-0.4403184652,-113.1994476
0.1262357086,0.3490402102,-0.001080010552,-0.02273315191,1,-2.238469362,0.02275879122,-5.969424248,0,4.020390511,-1.780688763,-92.71996307
0.1310792714,0.237637952,0.01014172472,-0.001561998855,1,0.1472216249,0.01026130654,0.02737379074,0,0.2955278158,0.9568096399,-8.755728722
0.1310792714,0.2424815297,0.01121397037,-0.003812896321,1,0.1319431961,0.01184446272,-0.04156258702,0,0.17922315,0.6085599661,-18.77870369
0.1310792714,0.2473251075,0.01164888311,-0.004710917827,1,0.03248573095,0.01256539766,-0.01662217081,0,0.04100364447,0.2284937799,-22.01887131
0.1310792714,0.2521686852,0.01156992186,-0.005000134464,1,-0.1430592537,0.01260414347,-0.1069551781,2.597029924,0.005485661328,0.1195339486,-23.37239075
0.1310792714,0.257012248,0.01098253578,-0.005807933863,1,-0.2344882786,0.01242369413,-0.2263436019,1.649608374,-0.01111581922,0.05024841428,-27.87138939
0.1310792714,0.2618558407,0.01038031932,-0.006339829415,1,-0.1905183196,0.01216324233,-0.1828025281,0,0.08543410152,-0.09292897582,-31.41469765
0.1310792714,0.2666994035,0.01047355216,-0.006243243348,1,-0.1214708537,0.01219316944,-0.04283696413,2.06628871,0.08500055969,-0.05952493101,-30.7990036
0.1310792714,0.2715429962,0.01020367257,-0.006258999929,1,-0.1346570998,0.01197038125,-0.005781892687,3.559854507,-0.03457478061,0.08134916425,-31.52522659
0.1310792714,0.276386559,0.009653864428,-0.006665269379,1,-0.1885497272,0.01173127908,-0.117279008,3.929265499,-0.03467972577,0.1729073972,-34.62216949
0.1310792714,0.2812301517,0.009122443385,-0.007664540317,1,-0.2343910187,0.0119148707,-0.2674434483,0,0.0294483453,0.06874860078,-40.03647614
0.1310792714,0.2860737145,0.008661208674,-0.008293641731,1,-0.1568858624,0.01199170668,-0.2171747088,0,-0.01015222818,-0.003807134926,-43.7580719
0.1310792714,0.2909172773,0.008313383907,-0.008697999641,1,-0.1009928882,0.01203193888,-0.096491009,0.5892469287,0.02063759044,0.1448383182,-46.29519653
0.1310792714,0.29576087,0.00827200152,-0.009462539107,1,-0.2012643367,0.01256843843,-0.1264567226,1.780857325,0.1424278468,0.2493627816,-48.84056091
0.1310792714,0.3006044328,0.008028404787,-0.01051831059,1,-0.2916739285,0.01323216315,-0.2656703293,2.02870965,0.0948849842,0.2441080362,-52.64627075
0.1310792714,0.3054480255,0.007318838965,-0.01193169039,1,-0.2559402287,0.01399752218,-0.1578885615,3.757339716,-0.1474632621,0.3449300826,-58.47525787
0.1310792714,0.3102915883,0.006074488629,-0.01295375172,1,-0.2033456266,0.01430730894,0.2857955694,0,-0.4824539721,0.5004897118,-64.87640381
0.1310792714,0.315135181,0.003997115418,-0.01297157817,1,-0.2033195198,0.01357345842,0.3795343041,0,-0.7376573086,0.3792681694,-72.87362671
0.1310792714,0.3199787438,0.00151679432,-0.01295246277,1,-0.4991767704,0.01304097194,-0.05920069292,0.7979921103,-0.4947962463,0.05968711153,-83.32081604
0.1310792714,0.3248223364,-0.0008172700764,-0.0135474205,1,-0.5031992793,0.01357204933,-0.4056634307,0,-0.4788062274,-0.2790136933,-93.45227051
0.1310792714,0.3296658993,-0.003239625599,-0.01356590074,1,-0.2267796993,0.01394735929,-0.3036443293,0,-0.8193824291,-0.4856960177,-103.4310608
0.1310792714,0.3345094621,-0.005884421989,-0.01266564149,1,-0.1289739609,0.0139658479,-0.1360943764,0,-1.215774179,-0.6005410552,-114.9194489
0.1310792714,0.3393530548,-0.009753017686,-0.01131631713,1,-0.4145892262,0.01493922342,-0.2327997386,0,-1.336225748,-0.9766738415,-130.7565613
0.1310792714,0.3441966176,-0.01436463092,-0.009062629193,1,-1.131618738,0.01698451862,-0.4490448534,11.32511234,-0.9528056979,-1.221357346,-147.7522278
0.1310792714,0.3490402102,-0.01984908991,-0.007575561758,1,-2.707757711,0.02124560066,-1.719373822,0,0.4431333542,-2.333408833,-159.11026
0.1359228492,0.237637952,0.01177376509,-0.001710042823,1,0.1321517676,0.01189730223,-0.2626074553,0,0.09456005692,0.4811902642,-8.263955116
0.1359228492,0.2424815297,0.01232281327,-0.003511363873,1,-0.05292003602,0.01281332877,-0.1034132242,0,0.1504505575,0.4829675555,-15.904809
0.1359228492,0.2473251075,0.0122461617,-0.004550223704,1,-0.06362128258,0.01306418795,-0.0169262886,1.581073999,0.02065768465,0.279781729,-20.38321495
0.1359228492,0.2521686852,0.01211471576,-0.004948492162,1,-0.06497606635,0.01308640186,0.006943583488,0,-0.1546590477,0.2307720333,-22.2185173
0.1359228492,0.257012248,0.01118234359,-0.005634352565,1,-0.1496634036,0.01252161153,-0.04996137321,0,-0.2347479314,0.1950157881,-26.74177551
0.1359228492,0.2618558407,0.01025278959,-0.006135058124,1,-0.1188123375,0.01194816455,0.008099548519,1.44162488,-0.106200695,0.08498352766,-30.89543533
0.1359228492,0.2666994035,0.01009247545,-0.006006746087,1,-0.06015639752,0.01174474601,-0.05207271129,0.3504977822,-0.02726461738,-0.04319639504,-30.75986862
0.1359228492,0.2715429962,0.009829359129,-0.006178051233,1,-0.07326714694,0.01160967723,-0.1621850133,0,-0.07347817719,-0.05516067892,-32.15061569
0.1359228492,0.276386559,0.009381703101,-0.006525126752,1,-0.1000841334,0.01142775733,-0.1582764387,0,-0.0701322183,-0.02966369689,-34.81924057
0.1359228492,0.2812301517,0.009004903026,-0.006800997071,1,-0.1724254489,0.01128458418,-0.1185299307,3.115315676,0.05230320618,0.1015121937,-37.06210709
0.1359228492,0.2860737145,0.008799881674,-0.00759091787,1,-0.1200942397,0.01162152924,-0.07175385952,1.567175031,0.07744643092,0.1779646426,-40.78157806
0.1359228492,0.2909172773,0.008798335679,-0.008010524325,1,-0.1048178673,0.01189870574,-0.006846986711,0,0.1059563607,0.1739968657,-42.31657791
0.1359228492,0.29576087,0.008805396035,-0.008466849104,1,-0.1882970035,0.0122156674,-0.04301185906,3.598665476,0.1277945936,0.3087339997,-43.87710953
0.1359228492,0.3006044328,0.00850528758,-0.009714232758,1,-0.2537650764,0.01291147713,-0.1262572259,5.882353783,0.0479664728,0.5367678404,-48.79626083
0.1359228492,0.3054480255,0.007808594499,-0.01167826261,1,-0.1552889943,0.01404834352,-0.1599292457,0,-0.01604124159,0.6215344667,-56.23159409
0.1359228492,0.3102915883,0.007675436325,-0.01349931303,1,-0.08907125145,0.01552880462,0.03867965937,0,-0.2914712131,0.6843062639,-60.37831879
0.1359228492,0.315135181,0.005965407472,-0.0148054054,1,-0.2895161808,0.01596202143,0.2380399108,0,-0.8818078041,0.5781818628,-68.05446625
0.1359228492,0.3199787438,0.00200203713,-0.01514681708,1,-0.2863845825,0.01527855359,0.2136353105,0,-1.367635727,0.2479657382,-82.47055054
0.1359228492,0.3248223364,-0.002045968547,-0.01497168746,1,-0.003321290016,0.01511083823,-0.1296182424,0,-1.395124674,-0.02038693056,-97.78159332
0.1359228492,0.3296658993,-0.004771444481,-0.01567588747,1,0.03788805008,0.0163859725,-0.5261647701,0,-1.115743041,-0.4119078517,-106.9292603
0.1359228492,0.3345094621,-0.007266627159,-0.01552509796,1,-0.2976462245,0.01714154333,-0.4185592532,0,-0.9944468141,-0.8627944589,-115.0822678
0.1359228492,0.3393530548,-0.01102979761,-0.01352419984,1,-0.4217686057,0.01745165884,-0.1623935103,0,-0.8623117805,-0.9474132657,-129.1993256
0.1359228492,0.3441966176,-0.01348617021,-0.0117227938,1,-0.8375430107,0.01786898635,0.5604422092,0,-1.161010861,-0.68917346,-139.0013428
0.1359228492,0.3490402102,-0.02070994861,-0.007471589372,1,-1.715246201,0.0220165085,1.855222702,0,-1.267572165,0.09982973337,-160.1619263
0.1407664269,0.237637952,0.01120044757,-0.001744077192,1,0.3279468417,0.01133542322,-0.386792928,0,0.4367456436,0.06071835756,-8.85073185
0.1407664269,0.2424815297,0.01305237133,-0.00282785506,1,0.09800568223,0.0133551918,-0.1046186984,0,0.2574332952,0.4236331582,-12.22445679
0.1407664269,0.2473251075,0.01292204391,-0.004302706104,1,-0.06802977622,0.01361956354,-0.07715731859,0,-0.000319570303,0.4610121846,-18.4164238
0.1407664269,0.2521686852,0.01272131596,-0.005434521008,1,-0.07771877199,0.01383350603,-0.0209030062,0,-0.1776560545,0.3749498725,-23.13207817
0.1407664269,0.257012248,0.01168511808,-0.006220047362,1,-0.08205510676,0.0132374838,0.06402885914,0,-0.3081815243,0.2383262515,-28.02659988
0.1407664269,0.2618558407,0.01083117444,-0.006278743967,1,-0.05937454849,0.01251946297,0.0731581226,0,-0.2860332131,0.0450553596,-30.10052109
0.1407664269,0.2666994035,0.01001210883,-0.006083929446,1,-0.07402395457,0.01171565242,-0.06216173247,0,-0.2728751004,-0.0660270378,-31.28525734
0.1407664269,0.2715429962,0.009150941856,-0.006260022055,1,-0.0351389572,0.01108727232,-0.1471109837,0,-0.2267639339,-0.05704006553,-34.37545013
0.1407664269,0.276386559,0.008743561804,-0.006520194933,1,0.03869334608,0.01090700831,-0.1579673588,0,-0.06159484386,-0.09272063524,-36.71240234
0.1407664269,0.2812301517,0.009040016681,-0.006576049607,1,0.06133521721,0.01117883436,-0.2050310224,0,0.02787303552,-0.03642770648,-36.03355789
0.1407664269,0.2860737145,0.009175648913,-0.007336838171,1,-0.07563360035,0.01174826454,-0.1512743384,0,0.09276367724,0.07604771852,-38.6457901
0.1407664269,0.2909172773,0.009122987278,-0.007677098271,1,-0.08858589083,0.01192336995,-0.03329749405,0,0.1677419543,0.08948090672,-40.08099365
0.1407664269,0.29576087,0.009559047408,-0.007931524888,1,-0.09956223518,0.0124211302,0.03834152222,0,0.2840865254,0.3232036829,-39.68385696
0.1407664269,0.3006044328,0.01001674496,-0.009056850336,1,-0.2473253906,0.01350413729,-0.06667497754,0,0.246419549,0.6199473143,-42.11897278
0.1407664269,0.3054480255,0.009554659948,-0.0112572331,1,-0.2310115993,0.01476539299,-0.1081293225,4.065895081,0.1400834024,0.8988208175,-49.67681885
0.1407664269,0.3102915883,0.009576327167,-0.01393409166,1,-0.1390895993,0.01690754108,-0.05264288187,0,-0.1920934767,0.8935906887,-55.50086594
0.1407664269,0.315135181,0.007950549014,-0.01584038883,1,-0.3662506938,0.01772368886,-0.02289289236,0,-0.8361110091,0.8556921482,-63.3471756
0.1407664269,0.3199787438,0.003752594814,-0.0181895867,1,-0.323380053,0.0185726434,0.1027910411,0,-1.636819839,1.021190524,-78.34315491
0.1407664269,0.3248223364,-0.001543831779,-0.02028872818,1,-0.2858412862,0.02034738101,0.1492461562,0,-2.095837831,0.3482758403,-94.35142517
0.1407664269,0.3296658993,-0.007783253212,-0.01915360242,1,-0.6653740406,0.02067461051,0.06256523728,0,-1.512140036,-0.8144913912,-112.1148453
0.1407664269,0.3345094621,-0.01209075842,-0.01604064927,1,-0.7602308989,0.02008703165,-0.2463643551,0,-0.7562514544,-1.423898697,-127.0074387
0.1407664269,0.3393530548,-0.01512845326,-0.01345012244,1,-0.4675886035,0.02024292201,-0.2459079623,10.28541851,-0.1306038946,-1.363114834,-138.3609467
0.1407664269,0.3441966176,-0.01498815045,-0.01062937081,1,0.3362403214,0.01837466098,0.2420812845,0,0.6441944838,-1.41844821,-144.656311
0.1407664269,0.3490402102,-0.01037964132,-0.005407218356,1,0.8110963702,0.01170363091,2.098601818,0,1.091833711,-0.05771195889,-152.4829712
0.1456100047,0.237637952,0.01019439753,-0.001183067216,1,0.5859622359,0.01026281621,-0.5380266905,0,0.9309275746,0.1045134366,-6.619606018
0.1456100047,0.2424815297,0.01386798453,-0.002739163814,1,0.3851411939,0.01413591206,-0.2635727227,0,0.4223187566,0.3638966978,-11.17307758
0.1456100047,0.2473251075,0.01410539262,-0.004222264048,1,-0.05260892957,0.01472377684,-0.08048020303,0,0.04467777163,0.4755926728,-16.66438103
0.1456100047,0.2521686852,0.01382956933,-0.005432546139,1,-0.1901554316,0.0148583157,-0.06314021349,3.858217716,-0.1109795719,0.4545253515,-21.44594574
0.1456100047,0.257012248,0.01264682412,-0.006729613524,1,-0.1992974877,0.01432584599,-0.03231148422,0,-0.4209472537,0.3393870592,-28.01828575
0.1456100047,0.2618558407,0.01082536578,-0.007232896984,1,-0.07738688588,0.01301934477,-0.05145837367,0,-0.5781700611,-0.001849683002,-33.74860764
0.1456100047,0.2666994035,0.00947158318,-0.006969897076,1,0.02005253732,0.01175969187,-0.1446946412,0,-0.4298380613,-0.1708520204,-36.34840775
0.1456100047,0.2715429962,0.00884053763,-0.007106201723,1,-0.08297804743,0.01134253945,-0.07572909445,0,-0.1862664819,-0.06726772338,-38.79301834
0.1456100047,0.276386559,0.008167476393,-0.007010880392,1,-0.1462073624,0.0107638333,-0.1161658913,1.757979393,-0.06131666526,-0.145715937,-40.64246368
0.1456100047,0.2812301517,0.00783537887,-0.006963073742,1,-0.03180636093,0.01048224978,-0.1628789902,0,0.08714547753,-0.2115223408,-41.62656403
0.1456100047,0.2860737145,0.008435515687,-0.006775272544,1,-0.07105538249,0.01081953011,-0.1048590988,0,0.3260506392,-0.1449315101,-38.77087784
0.1456100047,0.2909172773,0.00907046441,-0.006768980529,1,-0.1043918729,0.01131779235,-0.02799109556,0,0.5423021913,-0.06239871681,-36.73273468
0.1456100047,0.29576087,0.01055656839,-0.006608616561,1,-0.1526383609,0.01245451532,0.0100807026,0,0.5892248154,0.1244094595,-32.0473671
0.1456100047,0.3006044328,0.01118510496,-0.007322740741,1,-0.3122928143,0.01336896047,-0.05140852928,0,0.5356405377,0.6241703033,-33.21223831
0.1456100047,0.3054480255,0.01163837034,-0.00988083519,1,-0.411298126,0.01526704151,-0.1187889576,0,0.5276434422,1.209423542,-40.33085251
0.1456100047,0.3102915883,0.01174863242,-0.01375604142,1,-0.5008040071,0.01809030212,-0.109936893,12.61747646,0.1623693109,1.376645088,-49.50032425
0.1456100047,0.315135181,0.009999135509,-0.01708121039,1,-0.5453312993,0.01979268715,-0.1724173427,10.6057539,-0.3429590166,1.428160667,-59.6558075
0.1456100047,0.3199787438,0.007446129341,-0.02150856517,1,-0.7968895435,0.02276100218,0.2578569055,0,-1.192408204,1.632323503,-70.90447235
0.1456100047,0.3248223364,0.0003638179041,-0.0237385463,1,-1.069081783,0.02374133281,0.7623877525,0,-2.205271959,0.4049451947,-89.12195587
0.1456100047,0.3296658993,-0.008413457312,-0.01977726445,1,-0.8160820603,0.02149247378,0.4219830036,0,-2.429564714,-1.277741671,-113.0454178
0.1456100047,0.3345094621,-0.01535667665,-0.01550582331,1,-0.7303766012,0.0218233373,-0.4166414738,0,-1.418813109,-2.044627428,-134.7231293
0.1456100047,0.3393530548,-0.01882322505,-0.01189198811,1,-0.693867445,0.02226506732,-0.4154000282,14.98736954,-0.09631675482,-1.504394412,-147.7164459
0.1456100047,0.3441966176,-0.0191839952,-0.01023119409,1,0.6077085733,0.02174173482,-0.3227736354,0,1.04365027,-1.516141891,-151.9281464
0.1456100047,0.3490402102,-0.01082473993,-0.006111816037,1,1.851605892,0.0124309808,0.6942446232,0,1.600069761,-1.006715178,-150.5502472
0.1504535824,0.237637952,0.009100692347,-7.321088196e-05,1,0.6795920134,0.009100986645,-0.4940719604,0,1.15277493,0.5690148473,-0.4609082639
0.1504535824,0.2424815297,0.0135382982,-0.002647782676,1,0.4748031795,0.01379479095,-0.2672016323,0,0.7092615366,0.5087288022,-11.06606579
0.1504535824,0.2473251075,0.01483580191,-0.003831490409,1,-0.01983872056,0.01532257628,-0.0057272017,0,0.2425505519,0.4904440343,-14.48078156
0.1504535824,0.2521686852,0.01461702026,-0.005051026586,1,-0.2860174179,0.0154651273,-0.09076455235,7.258347034,-0.05739442259,0.6240253448,-19.06299591
0.1504535824,0.257012248,0.01317246258,-0.007293625269,1,-0.3783294559,0.01505691651,-0.1914220899,0,-0.456600368,0.5628343225,-28.97340584
0.1504535824,0.2618558407,0.01057297271,-0.008704326116,1,-0.464962095,0.0136950016,-0.2542726994,0,-0.5030679107,-0.05413462967,-39.4633255
0.1504535824,0.2666994035,0.008483733982,-0.0082630096,1,-0.2367717177,0.01184276398,-0.06082090735,3.053287745,-0.1998160928,-0.4621809423,-44.24487686
0.1504535824,0.2715429962,0.008458325639,-0.006760307588,1,-0.1167434081,0.01082797442,0.03180347383,1.784211636,-0.0914946571,-0.4129069448,-38.63356018
0.1504535824,0.276386559,0.007475116756,-0.006109020207,1,-0.2456563115,0.009653884917,-0.1639188528,5.004181385,-0.008649714291,-0.3209123909,-39.25732422
0.1504535824,0.2812301517,0.0072265747,-0.005999897141,1,-0.1720932275,0.009392664768,-0.1987514794,0,0.2733927071,-0.3423635066,-39.7013092
0.1504535824,0.2860737145,0.007965768687,-0.005413424224,1,-0.2033737153,0.009631128982,-0.07605464756,0,0.5045161843,-0.3764764667,-34.19947433
0.1504535824,0.2909172773,0.008685177192,-0.004544785246,1,-0.2506147027,0.009802416898,-0.07939899713,0,0.7140515447,-0.3013777733,-27.62219429
0.1504535824,0.29576087,0.01021046098,-0.004338252824,1,-0.09251615405,0.01109387074,-0.2185362726,0,0.9401919842,-0.13491337,-23.01981926
0.1504535824,0.3006044328,0.01279096119,-0.004949819297,1,-0.07539898157,0.01371529792,-0.08582475781,0,1.030637503,0.403719157,-21.15533638
0.1504535824,0.3054480255,0.01483723335,-0.006709396839,1,-0.5546905398,0.01628371887,-0.1533593237,0,1.157708645,1.038350821,-24.33248138
0.1504535824,0.3102915883,0.01571172662,-0.01072196011,1,-1.287940383,0.01902153343,-0.2335700989,16.09760284,1.121865869,1.449232697,-34.31032181
0.1504535824,0.315135181,0.01403283887,-0.014860183,1,-1.410519361,0.02043882571,0.02222824097,31.18809891,0.8316298723,1.9595052,-46.64019775
0.1504535824,0.3199787438,0.012907831,-0.02010531165,1,-2.100624084,0.02389216796,0.04292869568,57.48650742,0.05201387405,2.299890995,-57.29909134
0.1504535824,0.3248223364,0.004110236187,-0.02579195425,1,-2.859078646,0.02611740679,0.1371402144,47.49749374,-2.268539667,1.55413413,-80.94541168
0.1504535824,0.3296658993,-0.01192818675,-0.02696863189,1,-2.430911303,0.02948879078,0.2072402239,0,-3.375215769,-1.117571473,-113.8597412
0.1504535824,0.3345094621,-0.02401210554,-0.01937514544,1,-1.94671464,0.03085413203,0.3775234222,49.32647705,-0.6338035464,-3.011044502,-141.1002655
0.1504535824,0.3393530548,-0.02442712709,-0.01055583917,1,-0.654361546,0.02661034092,0.06349432468,0,0.6785222888,-2.178091049,-156.6290894
0.1504535824,0.3441966176,-0.02389508113,-0.008517852984,1,0.6239520907,0.0253678672,-0.6101577282,0,1.963806391,-1.421600342,-160.3804321
0.1504535824,0.3490402102,-0.01189311687,-0.006625553593,1,2.097043991,0.01361411717,-0.6598621607,0,2.858766556,-1.441223979,-150.8782043
0.1552971601,0.237637952,0.01055738889,0.00110883126,1,0.5108891726,0.01061545871,-0.04435920715,0,1.339169383,1.075630188,5.995731831
0.1552971601,0.2424815297,0.01503784023,-0.001603546436,1,0.3080555201,0.01512309443,-0.1589850485,0,0.9091784954,0.6792780161,-6.086682796
0.1552971601,0.2473251075,0.01645315625,-0.002951361239,1,-0.1010925472,0.01671576686,0.03787368536,0,0.3848949671,0.5997819901,-10.16954136
0.1552971601,0.2521686852,0.01641245931,-0.004325192887,1,-0.4318389297,0.01697280444,-0.1564187109,11.01075459,0.01739919186,0.7019075155,-14.76355648
0.1552971601,0.257012248,0.01444578823,-0.007108724676,1,-1.217058778,0.01610014774,-0.2231478691,32.06541443,-0.244854033,0.4152795076,-26.2016468
0.1552971601,0.2618558407,0.009331570938,-0.00741746556,1,-1.457213163,0.01192044467,-0.1928562522,39.46663284,-0.09275782108,-0.258474052,-38.48043442
0.1552971601,0.2666994035,0.006938382983,-0.006790899672,1,-0.8288515806,0.00970862899,-0.2023517936,19.85939598,0.346369952,-0.2918637395,-44.38454056
0.1552971601,0.2715429962,0.00699463347,-0.006983907428,1,-0.5521466732,0.009884323925,-0.1487962306,11.60487556,0.3210728168,-0.3403858244,-44.95603561
0.1552971601,0.276386559,0.005819158629,-0.005862920545,1,-0.6403391361,0.008260536008,-0.2239120305,14.62938881,0.2728035748,-0.6736992598,-45.21463394
0.1552971601,0.2812301517,0.005214446224,-0.004805327859,1,-0.4320516288,0.007090953644,-0.2742541134,0,0.5196908712,-0.7937808037,-42.66184998
0.1552971601,0.2860737145,0.006243646145,-0.00334655284,1,-0.2853152156,0.007083963137,-0.1455779672,0,0.7006492615,-0.7048321962,-28.19101143
0.1552971601,0.2909172773,0.007226142567,-0.002096544718,1,-0.2883958519,0.00752413692,-0.1350430399,0,0.8253875971,-0.4942689538,-16.17920685
0.1552971601,0.29576087,0.00884460751,-0.001606614213,1,-0.08881396055,0.00898934342,-0.2007790208,0,1.224071503,-0.2278205454,-10.29546356
0.1552971601,0.3006044328,0.01272485126,-0.001965567004,1,0.002025723457,0.0128757637,-0.1638368368,0,1.45976305,-0.1679490209,-8.780897141
0.1552971601,0.3054480255,0.01592489518,-0.001586696599,1,-0.5874020457,0.01600374654,0.02757642046,0,1.601515532,0.05201918259,-5.689956188
0.1552971601,0.3102915883,0.01763678901,-0.002083957428,1,-1.347275138,0.01775948144,-0.2570729256,0,2.105582476,0.6997588873,-6.738805294
0.1552971601,0.315135181,0.01959781535,-0.006221185904,1,-1.960513234,0.02056155354,-0.3824782968,0,2.199379921,1.475268006,-17.61166954
0.1552971601,0.3199787438,0.018793758,-0.01108209603,1,-3.71642971,0.02181784064,-0.8608076572,90.83906555,1.436673164,2.165269375,-30.52653313
0.1552971601,0.3248223364,0.008555636741,-0.02087822556,1,-6.254160881,0.02256322652,-0.7246094346,169.9241333,-0.2733435631,2.014890671,-67.71678925
0.1552971601,0.3296658993,-0.01282271743,-0.02435107715,1,-7.254496574,0.02752084658,-0.2060711384,198.3630829,-0.3159592152,-2.628170252,-117.7702484
0.1552971601,0.3345094621,-0.02811234072,-0.009146636352,1,-4.192792416,0.02956289239,1.102022767,108.3540726,0.8393373489,-2.803151608,-161.9771729
0.1552971601,0.3393530548,-0.02906543761,-0.005436061416,1,-1.599154115,0.02956941724,-0.2092671394,19.80755806,1.410732865,-1.325204849,-169.4064484
0.1552971601,0.3441966176,-0.02902497351,-0.003741505323,1,-0.3739274144,0.0292651318,-0.4720194936,0,2.038796663,-1.09422636,-172.6547089
0.1552971601,0.3490402102,-0.02100151405,-0.002422354417,1,0.8015532494,0.02114075236,-1.017620206,0,2.511466742,-1.562319636,-173.4204712
0.1601407379,0.237637952,0.01409573294,0.003938628826,1,-0.2248745263,0.01463565789,-0.05837541819,0,1.03528583,1.45902586,15.61142159
0.1601407379,0.2424815297,0.01605837792,0.000263803202,1,-0.03424009681,0.01606054418,-0.550553143,0,0.8246896267,0.5676700473,0.941156745
0.1601407379,0.2473251075,0.01792433672,-0.001477572136,1,-0.2665907145,0.01798513532,-0.1621710658,0,0.514498353,0.4858850241,-4.712456703
0.1601407379,0.2521686852,0.0172591377,-0.002875106875,1,-0.8147157431,0.01749697328,-0.08187715709,22.18316841,0.02577915788,0.1466947049,-9.457748413
0.1601407379,0.257012248,0.01410306711,-0.002584676025,1,-1.764438272,0.01433795877,-0.09030576795,48.21268845,-0.06731075048,-0.2512665689,-10.38537312
0.1601407379,0.2618558407,0.008386919275,-0.002095480682,1,-1.700922251,0.008644735441,0.005656658206,46.55442047,0.04654484987,0.002777891699,-14.02821159
0.1601407379,0.2666994035,0.006089962553,-0.002570732497,1,-0.9817099571,0.006610318553,-0.0667662546,22.94044495,0.5072703362,0.02310959063,-22.88587761
0.1601407379,0.2715429962,0.006088934373,-0.002530801343,1,-1.164218783,0.006593942642,-0.1104039997,27.89409065,0.5525848866,-0.2930355668,-22.56969643
0.1601407379,0.276386559,0.003127466422,-0.001686142408,1,-1.214618683,0.003553044051,-0.2271213531,30.95575333,0.3814597726,-0.4626380205,-28.33088493
0.1601407379,0.2812301517,0.002053464763,-0.001390058082,1,-0.5596418381,0.00247971341,-0.2931587994,0,0.708142519,-0.5095925927,-34.09537125
0.1601407379,0.2860737145,0.003846740816,-0.000637828547,1,-0.1499180794,0.003899261588,-0.1488177478,0,0.8897848129,-0.6112809181,-9.414565086
0.1601407379,0.2909172773,0.005637055729,0.0008499114192,1,-0.1403453946,0.005700767506,0.04776911438,0,1.025592804,-0.5011306405,8.574032784
0.1601407379,0.29576087,0.008134505711,0.002020810032,1,-0.1432952285,0.008381757885,-0.01038190722,0,1.28849721,-0.2707129121,13.95125008
0.1601407379,0.3006044328,0.01118393056,0.002110844944,1,-0.1138262153,0.01138138678,-0.170318976,0,1.577260017,-0.55680722,10.68822289
0.1601407379,0.3054480255,0.01522276085,0.003892795881,1,-0.3469604254,0.01571261697,0.06775888801,0,1.724450469,-0.7356511354,14.34439087
0.1601407379,0.3102915883,0.01785591058,0.00600222405,1,-1.02828002,0.01883773506,-0.08476251364,0,1.87539959,-0.3729349375,18.57995605
0.1601407379,0.315135181,0.01932585053,0.005288581364,1,-1.990509272,0.02003640682,-0.6967629194,0,2.273395777,-0.4597312212,15.30448818
0.1601407379,0.3199787438,0.01922609285,0.004854142666,1,-4.2264328,0.01982940547,-0.5859541893,94.36260223,2.375314236,-0.1499168724,14.16972923
0.1601407379,0.3248223364,0.01035981346,0.003176600672,1,-8.898966789,0.01083589066,-0.7460598946,242.5920258,-0.367354393,-1.114500523,17.04696655
0.1601407379,0.3296658993,-0.02565605566,0.006638713647,1,-9.336235046,0.02650105022,-0.3735237122,255,0.5386891365,-0.7496446371,165.4924469
0.1601407379,0.3345094621,-0.03225165606,0.004998365883,1,-3.345695972,0.03263667971,0.0213907063,72.07482147,2.064947128,0.5614731312,171.1903687
0.1601407379,0.3393530548,-0.03185946122,0.004022782668,1,-1.761458278,0.03211242706,0.05905340612,0,1.920502305,0.436873734,172.8035431
0.1601407379,0.3441966176,-0.03148131445,0.003168363823,1,-0.4659112096,0.03164035082,-0.1142390668,0,2.008202076,0.3742918372,174.2529449
0.1601407379,0.3490402102,-0.02438925579,0.001656545326,1,1.178112984,0.02444544807,-0.4659679532,0,1.750316143,0.1582870632,176.1143799
0.1649843156,0.237637952,0.01734154858,0.00721251592,1,-1.158113241,0.01878163218,-0.4163678885,0,0.2411047816,1.506082535,22.58289337
0.1649843156,0.2424815297,0.0151207475,0.002556746593,1,-0.5083478093,0.01533538196,-0.7415537834,0,0.6486452222,0.5757806301,9.597287178
0.1649843156,0.2473251075,0.01802108996,0.000831904239,1,-0.456158042,0.01804028079,-0.6787982583,0,0.7876610756,-0.09845516086,2.643058062
0.1649843156,0.2521686852,0.01672640815,-0.0002541904105,1,-1.324753761,0.01672833972,-0.2641902864,34.90491867,0.2450267673,-0.3219039738,-0.8706541657
0.1649843156,0.257012248,0.01279135607,0.001111444435,1,-1.459551454,0.01283955202,-0.02154235542,39.92652512,-0.05874425173,-0.2900872231,4.965973377
0.1649843156,0.2618558407,0.009372424334,0.00104652741,1,-1.21506381,0.009430671111,0.1841056943,32.86934662,-0.03699165583,0.3266350627,6.371270657
0.1649843156,0.2666994035,0.006726928521,0.000421092438,1,-1.051147223,0.00674009556,0.1932168305,27.96291351,0.156791389,0.1343683898,3.581929207
0.1649843156,0.2715429962,0.005040542688,0.001331564388,1,-1.150101781,0.00521345716,-0.06496426463,30.53909492,0.2729251683,-0.3636519313,14.79782677
0.1649843156,0.276386559,0.002478255425,0.001867809333,1,-1.065026045,0.003103298368,-0.06908930093,27.93075943,0.2981785536,-0.06985729188,37.00457382
0.1649843156,0.2812301517,0.001326257479,0.001335284207,1,-0.6444189548,0.001882005017,-0.098421067,0,0.6617189646,-0.0615721941,45.19432068
0.1649843156,0.2860737145,0.002562049078,0.001689328928,1,-0.2668590844,0.003068864346,-0.04805485904,0,1.031584024,-0.5054627061,33.39951706
0.1649843156,0.2909172773,0.005030250642,0.003550767899,1,-0.1026791334,0.006157221273,0.2164617479,0,1.118674755,-0.534853816,35.21761703
0.1649843156,0.29576087,0.007483102847,0.005328384228,1,-0.2413287163,0.009186321869,0.02812728286,0,1.102821708,-0.5240621567,35.45297623
0.1649843156,0.3006044328,0.009202959016,0.006225340534,1,-0.2644874454,0.01111077424,-0.1323035955,0,1.339478731,-0.7760341763,34.07638168
0.1649843156,0.3054480255,0.0126899071,0.008446343243,1,-0.2472628355,0.01524383388,-0.05426061153,0,1.530805111,-1.242411137,33.64755249
0.1649843156,0.3102915883,0.01541989576,0.01198024023,1,-0.8502171636,0.01952688769,-0.0830911994,0,1.119922638,-1.318753481,37.84484482
0.1649843156,0.315135181,0.01399624627,0.01443136949,1,-1.434069514,0.02010371536,-0.06429475546,8.958871841,1.394762397,-1.904616117,45.87692261
0.1649843156,0.3199787438,0.01522950921,0.02089397982,1,-3.544986248,0.02585529722,-0.6180047393,94.3340683,0.5611634254,-1.859635353,53.91189575
0.1649843156,0.3248223364,-0.0004561322567,0.02044530399,1,-6.01271534,0.02045039088,-1.147830844,159.7048187,-0.9020864964,-1.68150878,91.27804565
0.1649843156,0.3296658993,-0.01826287061,0.02347888984,1,-5.193912506,0.02974543162,0.7413157821,140.7440948,0.06688857079,1.440196037,127.8772888
0.1649843156,0.3345094621,-0.02528919466,0.01706023328,1,-2.919068575,0.03050565347,-0.08304965496,73.01169586,1.184708834,2.204740524,145.9961853
0.1649843156,0.3393530548,-0.02666337602,0.01239780057,1,-1.730892301,0.0294047799,-0.07157993317,33.5709343,1.219660163,1.749011993,155.0627594
0.1649843156,0.3441966176,-0.02776538767,0.008242054842,1,-0.3755410016,0.02896287665,-0.1878658533,0,1.23680222,2.299684525,163.4666748
0.1649843156,0.3490402102,-0.02249179035,0.0003491562966,1,1.161910892,0.0224945005,-0.9563391209,0,1.015645146,2.302770138,179.1106262
0.1698278934,0.237637952,0.0193738509,0.01071585063,1,-1.228307605,0.02213990875,-1.075362802,0,-0.4722569287,0.9264887571,28.94737625
0.1698278934,0.2424815297,0.01525544282,0.005867789034,1,-1.079924107,0.0163450148,-0.7519447803,21.22305107,0.003405630589,0.5216773748,21.03853035
0.1698278934,0.2473251075,0.01415964961,0.004546962678,1,-0.7497727871,0.01487180404,-0.6359974146,0,0.5773591995,-0.4007288218,17.8029232
0.1698278934,0.2521686852,0.01442034449,0.004728247412,1,-0.9595141411,0.01517572626,-0.3697188497,16.86119461,0.6362020969,-0.298135221,18.15365982
0.1698278934,0.257012248,0.01259366516,0.00420024246,1,-1.036173582,0.01327563357,-0.05529426411,27.1031208,0.3012597263,0.1754534245,18.44458771
0.1698278934,0.2618558407,0.01086073183,0.003610603046,1,-1.22675705,0.0114451712,0.144107312,32.8496933,0.211594522,0.334097147,18.38916206
0.1698278934,0.2666994035,0.007676647045,0.003280011937,1,-1.544603467,0.008348017,0.1506946683,41.93761444,0.1308068633,-0.004384353757,23.13563347
0.1698278934,0.2715429962,0.004012898542,0.004361740313,1,-1.282993674,0.005926899146,-0.03726120293,34.6634407,0.2048280239,-0.3751587868,47.38525009
0.1698278934,0.276386559,0.002454467816,0.004916645121,1,-1.056085944,0.005495253485,-0.06134800613,25.53784752,0.4915499985,-0.1799756587,63.47089767
0.1698278934,0.2812301517,0.001278524986,0.00493632257,1,-0.9437259436,0.005099206232,-0.01703138649,17.97779083,0.6776555777,-0.1687037051,75.47927094
0.1698278934,0.2860737145,0.001165735302,0.005651281681,1,-0.5057907104,0.005770261865,-0.07014928758,0,1.08725822,-0.447828114,78.34461975
0.1698278934,0.2909172773,0.004094899166,0.006765633821,1,-0.1958056986,0.007908349857,0.01594230533,0,1.138635874,-0.5786646605,58.81557846
0.1698278934,0.29576087,0.005732406396,0.00853130687,1,-0.2771824002,0.01027831063,-0.02510496974,0,0.8324386477,-0.6680483818,56.1018219
0.1698278934,0.3006044328,0.006784325931,0.009879780002,1,-0.2909656763,0.0119848717,-0.04291397333,0,0.9536626339,-0.8633197546,55.52308273
0.1698278934,0.3054480255,0.008942230605,0.01250500605,1,-0.3014452755,0.01537331007,-0.1524369121,0,1.1854285,-1.322020531,54.43174362
0.1698278934,0.3102915883,0.01106596738,0.01554474887,1,-0.5382666588,0.01908127032,-0.2368538976,0,0.7131471634,-1.575790167,54.55376816
0.1698278934,0.315135181,0.009789277799,0.01899024844,1,-1.064731956,0.02136491239,0.09202539921,28.07400703,0.27182284,-1.806952715,62.72935867
0.1698278934,0.3199787438,0.007225450594,0.02474259771,1,-1.98630929,0.02577602118,-0.4274523258,49.26010513,-0.7252381444,-2.273211956,73.72089386
0.1698278934,0.3248223364,-0.003344312776,0.02793032862,1,-3.134251356,0.02812983654,0.3545608819,75.12609863,-1.472918272,-1.168531418,96.82794952
0.1698278934,0.3296658993,-0.01508973353,0.03211981431,1,-2.359051466,0.03548778221,0.3613095582,49.14838791,-1.487449288,0.992043376,115.1639023
0.1698278934,0.3345094621,-0.02197508141,0.02487532981,1,-1.550591946,0.03319165856,-0.5745375752,38.90899658,-0.2342364788,2.275793791,131.4576721
0.1698278934,0.3393530548,-0.02373468876,0.01831401326,1,-0.5410434008,0.0299789682,-0.667100668,0,0.69021523,2.202153683,142.3457336
0.1698278934,0.3441966176,-0.02125255577,0.01097787358,1,0.1895680428,0.02392038517,-0.9055924416,0,1.02172184,2.679756641,152.6816711
0.1698278934,0.3490402102,-0.0178677123,0.0009480961016,1,0.09818530083,0.0178928487,-1.408674955,0,1.299472928,2.732787132,176.962616
0.1746714562,0.237637952,0.01662046649,0.0108745005,1,-0.3823170662,0.01986189,-1.541928172,0,-0.6974779367,-0.2740348577,33.19607162
0.1746714562,0.2424815297,0.01400543097,0.007803930435,1,-0.5862436295,0.01603288576,-0.7631170154,0,-0.1613097489,-0.01686310768,29.12687683
0.1746714562,0.2473251075,0.01299963333,0.007259961683,1,-0.4859195352,0.01488950942,-0.2517423928,4.619743824,0.3798366189,-0.1837849021,29.18223953
0.1746714562,0.2521686852,0.01349161007,0.007474773098,1,-0.5388495922,0.01542387065,-0.1766982228,0,0.6160079241,-0.2447132021,28.98782158
0.1746714562,0.257012248,0.01337335538,0.007589397021,1,-0.9294413328,0.0153767867,0.02139276639,20.35993004,0.5572023392,-0.08978760242,29.57496834
0.1746714562,0.2618558407,0.01168864127,0.008013283834,1,-1.538769722,0.01417169906,0.08143194765,41.19194031,0.3128656149,-0.1140151694,34.43304062
0.1746714562,0.2666994035,0.007435592823,0.008536060341,1,-1.938140035,0.0113204401,0.0211350657,52.89813232,0.1531612277,-0.0871835053,48.94152451
0.1746714562,0.2715429962,0.003042957513,0.00853793323,1,-1.57283771,0.009063988924,-0.01553880423,42.22901917,0.3080277443,-0.1864521503,70.38370514
0.1746714562,0.276386559,0.001309387269,0.009363892488,1,-1.171649456,0.009454997256,-0.1367897391,26.76121902,0.6314864755,-0.271117419,82.03974152
0.1746714562,0.2812301517,0.0004266365722,0.009188559838,1,-1.031460643,0.009198458865,-0.2566050291,17.35836411,0.7721072435,-0.2651692033,87.34159088
0.1746714562,0.2860737145,5.318909825e-05,0.009405373596,1,-0.5749041438,0.009405523539,-0.285554409,0,0.9626411796,-0.4560217857,89.67598724
0.1746714562,0.2909172773,0.002304665279,0.01001422945,1,-0.2501090169,0.01027600467,-0.3278954327,0,1.090929031,-0.5957837701,77.03967285
0.1746714562,0.29576087,0.00412576599,0.01070291176,1,-0.1629752517,0.01147058327,-0.1248876452,0,0.6809574366,-0.587264061,68.91931915
0.1746714562,0.3006044328,0.004813552368,0.01225378551,1,-0.2709996402,0.01316531654,0.1398292482,0,0.5646880865,-0.8811534643,68.55403137
0.1746714562,0.3054480255,0.005548269022,0.01564812101,1,-0.2241058648,0.01660262048,0.02847999334,0,0.6012390852,-1.166455984,70.47730255
0.1746714562,0.3102915883,0.00664022658,0.01804155111,1,-0.264438808,0.01922472753,-0.2621451616,0,0.2936745882,-1.347488642,69.79376984
0.1746714562,0.315135181,0.005689874757,0.02090506628,1,-0.6071779132,0.02166556008,0.1514340043,13.50384235,-0.3201478124,-1.698544502,74.77423859
0.1746714562,0.3199787438,0.002148652449,0.02700206637,1,-0.9099620581,0.02708742023,-0.01923584938,0,-1.172905564,-1.585644364,85.4503479
0.1746714562,0.3248223364,-0.004398656078,0.0284920875,1,-1.162626505,0.02882962301,-0.03702735901,0,-1.698164463,-0.1812368929,98.77613068
0.1746714562,0.3296658993,-0.01170781069,0.02770055644,1,-0.3884267807,0.03007313795,0.1229730248,0,-2.223366499,1.166831493,112.9116516
0.1746714562,0.3345094621,-0.01704904065,0.0234360937,1,-0.2564384937,0.0289813783,-0.00360584259,0,-1.296221256,1.92452836,126.0347443
0.1746714562,0.3393530548,-0.01922823861,0.01836148836,1,-0.001967653632,0.02658701502,-0.2694860101,0,-0.4363566637,2.035306931,136.3209076
0.1746714562,0.3441966176,-0.01917209849,0.01227265038,1,-0.02444967628,0.02276372723,-0.7895271778,0,0.674770236,1.727994442,147.3754425
0.1746714562,0.3490402102,-0.01607836038,0.006167677231,1,-0.6838641763,0.01722074114,-1.046429992,0,1.961320162,1.474414945,159.0131226
0.179515034,0.237637952,0.01057810616,0.009189346805,1,0.5755522251,0.01401215233,-1.310017228,0,-0.2041540444,-0.7883530855,40.98129654
0.179515034,0.2424815297,0.01147755422,0.007925986312,1,0.09660915285,0.01394831575,-0.5507823229,0,0.207305938,-0.4580753744,34.62756348
0.179515034,0.2473251075,0.01205014251,0.008740313351,1,-0.2415260971,0.01488620229,-0.006607785821,0,0.427680701,-0.5012616515,35.95445251
0.179515034,0.2521686852,0.01237920858,0.01032188069,1,-0.6119657159,0.01611787826,0.004890561104,0,0.6557862163,-0.5444133282,39.82161331
0.179515034,0.257012248,0.01226239,0.01140090544,1,-0.9260869026,0.01674356125,0.05468718708,19.71102905,0.580000639,-0.4113419652,42.91501236
0.179515034,0.2618558407,0.0107029127,0.01257912908,1,-1.401857376,0.01651625894,0.08091878891,36.80925369,0.3890413046,-0.333747983,49.60730362
0.179515034,0.2666994035,0.007356736809,0.01340937614,1,-1.681377172,0.01529486664,0.07766030729,45.90920258,0.09817314148,-0.1066488028,61.24966812
0.179515034,0.2715429962,0.003034541151,0.01347184461,1,-1.648163795,0.01380938198,-0.00264548324,44.69308472,0.2281398773,-0.0523782894,77.30595398
0.179515034,0.276386559,0.0004787408689,0.01365026087,1,-1.303916454,0.01365865301,-0.1086425856,33.67170715,0.4195977151,-0.1499727666,87.99134827
0.179515034,0.2812301517,-0.001248725224,0.01367203053,1,-1.19060421,0.01372893713,-0.3096275628,27.00205803,0.5908652544,-0.1957096159,95.21858215
0.179515034,0.2860737145,-0.002426141175,0.01309849042,1,-0.6376358867,0.0133212842,-0.3870648444,0,0.8171977401,-0.3022129834,100.4935684
0.179515034,0.2909172773,-0.0003790060873,0.01326104533,1,-0.04935392737,0.01326646004,-0.4257782698,0,1.021608472,-0.3267737627,91.63708496
0.179515034,0.29576087,0.002283049515,0.01261895429,1,-0.04495719075,0.01282381918,-0.3004047275,0,0.7825680971,-0.4379986525,79.74485016
0.179515034,0.3006044328,0.00319366972,0.01392749231,1,-0.165998593,0.01428896654,0.1080062389,0,0.4028718472,-0.6938118339,77.08496094
0.179515034,0.3054480255,0.003430363489,0.01650262251,1,-0.04678631201,0.01685538329,0.02683618665,0,0.06246135011,-0.8651734591,78.25727844
0.179515034,0.3102915883,0.003269592999,0.01824801043,1,-0.0847844705,0.01853861101,-0.2413191497,0,-0.1494689584,-1.041941404,79.8418045
0.179515034,0.315135181,0.002295738785,0.02038049884,1,-0.2481000125,0.02050939202,-0.05413556099,0,-0.5400555134,-1.132058144,83.57307434
0.179515034,0.3199787438,-0.0005478994572,0.02346901223,1,-0.04188621044,0.02347540669,0.08298844099,0,-1.340816855,-0.9402042627,91.33735657
0.179515034,0.3248223364,-0.004401491024,0.02533641271,1,-0.05219751596,0.02571588941,-0.04348318279,0,-1.660291791,0.005418207496,99.85517883
0.179515034,0.3296658993,-0.008842474781,0.02323215455,1,0.1132490039,0.02485804446,-0.1075749099,0,-1.82055974,1.027404428,110.8375015
0.179515034,0.3345094621,-0.01267095841,0.01983906887,1,0.07764440775,0.02354021743,-0.03952550888,0,-1.386457205,1.410257101,122.5658493
0.179515034,0.3393530548,-0.01518181153,0.01621001959,1,-0.06083765626,0.0222092811,0.08308959007,0,-0.772444129,1.213343859,133.1240082
0.179515034,0.3441966176,-0.01670702361,0.01436459459,1,-0.1013426557,0.02203329839,0.1757406294,0,-0.0252013579,0.6815211773,139.3112793
0.179515034,0.3490402102,-0.01579473726,0.01376023237,1,-0.8479559422,0.02094797604,0.09508202225,0,1.224654198,0.3446332514,138.9379272
0.1843586117,0.237637952,0.006456846837,0.00709793251,1,0.8108016253,0.009595390409,0.04101368785,0,0.2884284556,-0.4718990624,47.70783997
0.1843586117,0.2424815297,0.009118949994,0.008340098895,1,0.1723210961,0.01235768944,0.07883232832,0,0.6706263423,-0.6238268018,42.44571686
0.1843586117,0.2473251075,0.01053972822,0.01050131675,1,-0.1716475934,0.01487829071,0.2094682753,0,0.534899652,-0.8796294928,44.89540482
0.1843586117,0.2521686852,0.0108783897,0.01361522824,1,-0.2565333843,0.01742738672,0.1137826145,0,0.4849066734,-0.7911144495,51.37560272
0.1843586117,0.257012248,0.01164587028,0.01488424931,1,-0.5121580362,0.01889886707,0.09616012871,7.29888773,0.426612556,-0.5381669998,51.95933914
0.1843586117,0.2618558407,0.01046404336,0.01668764092,1,-1.049663544,0.01969704404,0.08886772394,28.33540535,0.1514255702,-0.3800419569,57.91008759
0.1843586117,0.2666994035,0.007295184769,0.01715544984,1,-1.395554304,0.01864213496,-0.01909036189,37.8454628,-0.1916190982,-0.212813884,66.96286011
0.1843586117,0.2715429962,0.002776445588,0.01762595586,1,-1.367475033,0.0178432893,0.03632972389,37.26716232,-0.1269618869,-0.07854750752,81.04830933
0.1843586117,0.276386559,5.676380533e-05,0.01771186665,1,-1.105861783,0.01771195792,0.03181910515,30.10117912,0.115385443,-0.007674416527,89.81637573
0.1843586117,0.2812301517,-0.002021003282,0.0178172458,1,-0.8875776529,0.01793150045,-0.04274091125,23.66374207,0.1975617409,0.2173753083,96.47137451
0.1843586117,0.2860737145,-0.00328538171,0.01645197347,1,-0.3662427962,0.01677680388,-0.1216559261,0,0.5067641735,0.4183858633,101.2931366
0.1843586117,0.2909172773,-0.001340379007,0.01520151924,1,0.08731171489,0.01526049804,-0.2098874897,0,0.704382658,0.1495324522,95.03896332
0.1843586117,0.29576087,0.0005492517375,0.01471109502,1,-0.02285680175,0.01472134516,-0.2026034296,0,0.707585454,-0.1628878117,87.86180115
0.1843586117,0.3006044328,0.001976157306,0.01500915363,1,-0.1027943194,0.0151386885,-0.08297233284,0,0.296548903,-0.3856773973,82.49938202
0.1843586117,0.3054480255,0.001487717149,0.01617727056,1,-0.100672707,0.01624553464,-0.0422411561,0,-0.2196489722,-0.6036222577,84.74565887
0.1843586117,0.3102915883,0.0004246543103,0.01772824675,1,0.01401285827,0.01773333177,-0.04165747762,0,-0.3326335549,-0.7257977724,88.62782288
0.1843586117,0.315135181,-5.554687959e-05,0.01949095726,1,0.06632825732,0.01949103735,-0.1249708235,0,-0.5676093102,-0.7407033443,90.1632843
0.1843586117,0.3199787438,-0.002003339352,0.02071059495,1,0.06587141752,0.02080726065,-0.1743727773,0,-1.000610113,-0.4246423841,95.52503204
0.1843586117,0.3248223364,-0.004583026748,0.02070315741,1,0.2076211572,0.02120435983,-0.3286681473,0,-1.291366577,0.1620005071,102.482193
0.1843586117,0.3296658993,-0.00725254463,0.01833400317,1,0.07846206427,0.01971636526,-0.2611420751,0,-1.281454325,0.6387232542,111.5827026
0.1843586117,0.3345094621,-0.01040979568,0.01634460315,1,-0.1202580333,0.01937807724,-0.03352871537,0,-1.055797815,0.6724032164,122.4928589
0.1843586117,0.3393530548,-0.01294886228,0.01491476689,1,-0.2347349077,0.01975153945,-0.01463586092,0,-0.717059195,0.7499139309,130.9642181
0.1843586117,0.3441966176,-0.01501988433,0.01264144666,1,0.1682680547,0.01963168569,0.6380460262,0,-0.3746657073,0.3713509142,139.914444
0.1843586117,0.3490402102,-0.01394856535,0.01620652527,1,0.1950239092,0.02138256095,1.244133711,0,0.2473415285,-0.2279465795,130.7177887
0.1892021894,0.237637952,0.008491079323,0.006659192033,1,-0.03640349209,0.01079088822,0.7829162478,0,0.1795835495,-0.7367762923,38.10557938
0.1892021894,0.2424815297,0.008837831207,0.01033956651,1,-0.3702516258,0.0136019811,0.3138062656,0,0.4348909557,-0.8224071264,49.47755432
0.1892021894,0.2473251075,0.008804164827,0.01216252986,1,-0.3825019002,0.01501467451,0.06967487931,0,0.4363191128,-0.6681138277,54.10012054
0.1892021894,0.2521686852,0.009098499082,0.01391310338,1,0.05809710175,0.01662399247,0.01305922866,0,0.2138780355,-0.76846838,56.8172493
0.1892021894,0.257012248,0.01012149546,0.01594791375,1,0.03848645091,0.01888863742,-0.03361389041,0.5113646984,0.001584867015,-0.9592921734,57.59835815
0.1892021894,0.2618558407,0.009292587638,0.01839669794,1,-0.2987858057,0.02061044984,-0.1098013818,0,-0.5039276481,-0.789632678,63.20062637
0.1892021894,0.2666994035,0.006233490538,0.01924072951,1,-0.5936201215,0.02022528276,-0.1990757287,0,-0.7406273484,-0.4228087366,72.04904175
0.1892021894,0.2715429962,0.002830056008,0.01948036626,1,-0.5540645719,0.01968486421,-0.01572527364,0,-0.6099103093,-0.08277019858,81.73404694
0.1892021894,0.276386559,0.0005956875393,0.01956546679,1,-0.3162444532,0.01957453229,-0.07866401225,0,-0.3512220681,0.03537949175,88.25611877
0.1892021894,0.2812301517,-0.0004028699186,0.01892798766,1,-0.05669958889,0.01893227361,-0.04479010403,0,-0.2704540491,0.4173680544,91.21931458
0.1892021894,0.2860737145,-0.0009889065986,0.01732696779,1,0.05801412091,0.01735516638,0.1073958278,0,-0.113442421,0.6603175402,93.26651001
0.1892021894,0.2909172773,-0.0006713403855,0.01624987647,1,0.003826528788,0.01626373827,0.1974071562,0,0.3062068522,0.4389764071,92.36574554
0.1892021894,0.29576087,0.0005127642071,0.01615690812,1,-0.1191093326,0.0161650423,0.09586468339,0,0.4484255314,0.175998494,88.18224335
0.1892021894,0.3006044328,0.0009237282793,0.0158617422,1,-0.1831964999,0.01588861644,-0.2244908959,0,0.1396975666,-0.1768904775,86.66707611
0.1892021894,0.3054480255,0.0003020737786,0.01592635177,1,-0.05753948539,0.01592921652,-0.06730482727,0,-0.2255909443,-0.2133248746,88.91340637
0.1892021894,0.3102915883,-0.0004476359754,0.0165690016,1,0.05459845066,0.01657504775,0.2215013653,0,-0.5086625814,-0.06415961683,91.54755402
0.1892021894,0.315135181,-0.001897221198,0.01730997302,1,0.107458353,0.01741363294,0.1694204807,0,-0.7271738052,-0.1886669695,96.25480652
0.1892021894,0.3199787438,-0.003449275857,0.01830342598,1,-0.03047505021,0.0186255984,-0.1005192623,0,-0.653221488,-0.2586617768,100.6722107
0.1892021894,0.3248223364,-0.005208758637,0.01807594858,1,-0.1796901077,0.01881146245,-0.447943151,0,-0.5562029481,-0.1056068987,106.074852
0.1892021894,0.3296658993,-0.007013631053,0.01664529368,1,-0.7729352117,0.01806258038,-0.5474556088,14.51744747,-0.1288310289,0.02407389879,112.848526
0.1892021894,0.3345094621,-0.009576519951,0.01530770957,1,-0.8659062982,0.01805645972,-0.3600516915,21.43556023,-0.08520960808,0.2121388316,122.0301437
0.1892021894,0.3393530548,-0.01162043493,0.01387384441,1,-0.211856097,0.01809746027,-0.1733098328,0,-0.2509033382,0.5643384457,129.948822
0.1892021894,0.3441966176,-0.0118179312,0.01173485257,1,1.017863274,0.01665443741,1.074867725,0,-0.8634983301,1.046006441,135.2021179
0.1892021894,0.3490402102,-0.01087275613,0.01401363686,1,2.82297039,0.01773693413,1.459908247,0,-2.432692051,0.5189602375,127.8068008
0.1940457672,0.237637952,0.00668032933,0.008144082502,1,-0.3116947114,0.01053341758,0.4717663825,0,0.3014431298,-1.219457507,50.6390686
0.1940457672,0.2424815297,0.006655502133,0.01223986968,1,-0.2931503654,0.01393234078,0.2021851838,0,0.4915188551,-1.103307962,61.46459961
0.1940457672,0.2473251075,0.0076411427,0.01446733996,1,-0.4176267684,0.01636126451,-0.02024832368,0,0.534070611,-0.4599843323,62.15855408
0.1940457672,0.2521686852,0.007219506893,0.0143697653,1,-0.1773291528,0.01608140022,-0.363348186,0,0.01123473793,-0.4125213623,63.32460785
0.1940457672,0.257012248,0.006836652756,0.0147055136,1,0.1417194009,0.01621702686,-0.5414830446,0,-0.3712898493,-0.8148872852,65.06609344
0.1940457672,0.2618558407,0.00610756455,0.01569402032,1,0.2943837643,0.01684056595,-0.4781745076,0,-0.8216001987,-0.8369786143,68.73575592
0.1940457672,0.2666994035,0.004283038899,0.01644340903,1,0.1844144762,0.01699206047,-0.231178388,0,-0.9706492424,-0.5741980076,75.40048218
0.1940457672,0.2715429962,0.002299375134,0.01735546254,1,-0.0192130208,0.0175071191,0.003889583051,0,-0.8966238499,-0.2230172157,82.4529953
0.1940457672,0.276386559,-0.0001528881257,0.01754244976,1,0.1579685509,0.01754311472,-0.2137577385,0,-0.6773713827,-0.0953425616,90.49933624
0.1940457672,0.2812301517,-0.0002163929894,0.01678190939,1,0.5035681129,0.01678330451,-0.159797743,0,-0.382586062,0.2367974073,90.73875427
0.1940457672,0.2860737145,0.0004330977972,0.01562151033,1,0.5542708635,0.01562751271,0.2816328108,0,-0.1499430537,0.3055382669,88.41191101
0.1940457672,0.2909172773,0.001741994289,0.01666612178,1,0.06198452413,0.01675691456,0.6880403161,0,0.2338596731,0.3084688187,84.0329361
0.1940457672,0.29576087,0.001866042148,0.01745999418,1,-0.4455519319,0.01755942777,0.2697954476,0,0.09251563251,0.2889972627,83.89965057
0.1940457672,0.3006044328,3.203539382e-05,0.01657311618,1,-0.326238662,0.01657314785,-0.4005385935,0,-0.03249962628,0.03234264255,89.88925171
0.1940457672,0.3054480255,0.0001284653699,0.01536330022,1,0.2354477644,0.01536383666,-0.1982300133,0,0.00295368582,0.1265439838,89.52091217
0.1940457672,0.3102915883,0.001186751295,0.01500004809,1,0.2953057885,0.01504692063,0.3462136686,0,-0.3525432348,0.3286541104,85.47637939
0.1940457672,0.315135181,-0.0001487687114,0.01544835139,1,-0.124553442,0.01544906758,0.6391072273,0,-0.8932503462,0.08286014199,90.55174255
0.1940457672,0.3199787438,-0.003743060632,0.01769427396,1,-0.6087562442,0.01808584668,0.2935399711,0,-0.8602861166,-0.4148489535,101.9443054
0.1940457672,0.3248223364,-0.007264189422,0.01887948811,1,-0.7898709774,0.02022877894,-0.03627109528,0,-0.4580750763,-0.8124530911,111.0450363
0.1940457672,0.3296658993,-0.009787584655,0.02145377174,1,-1.391430259,0.02358094975,-0.4440336227,0,0.594076395,-0.7013814449,114.5233002
0.1940457672,0.3345094621,-0.01112622302,0.02012596838,1,-1.125595331,0.02299668267,-1.014491796,0,0.8639499545,0.3745916188,118.9350967
0.1940457672,0.3393530548,-0.01105488464,0.01472563855,1,0.4826358557,0.01841344312,-1.596541166,0,0.834356904,1.8300668,126.8964157
0.1940457672,0.3441966176,-0.00474726595,0.003528925823,1,2.384908199,0.005915221758,-1.015157938,0,-1.003466129,3.934762239,143.3743896
0.1940457672,0.3490402102,-0.004363761749,-0.009249684401,1,4.882098675,0.01022736914,-1.294410229,0,-4.723742962,3.982090473,-115.2567215
