PIVlab, ASCII chart output - 13-Mar-2024
FRAME: 45, filenames: A:[45]2 vortices tapados mismo sentido clase 4.mp4 & B:[46]2 vortices tapados mismo sentido clase 4.mp4, conversion factor xy (px -> m): 0.00030272, conversion factor uv (px/frame -> m/s): 0.0090842
x [m],y [m],u [m/s],v [m/s],Vector type [-],vorticity [1/s],magnitude [m/s],divergence [1/s],dcev [1],simple shear [1/s],simple strain [1/s],vector direction [degrees]
0.1262357086,0.237637952,0.01019678451,-0.002608242212,1,0.2026745975,0.01052508131,0.4154039621,0,0.7710584402,-0.1819839329,-14.34807968
0.1262357086,0.2424815297,0.01255496033,-0.001161494758,1,0.5160233974,0.01260857191,-0.02554241568,0,0.2787333727,-0.2141394317,-5.285549164
0.1262357086,0.2473251075,0.01404625084,-0.001694757957,1,0.4077945352,0.01414812263,-0.5802798867,0,-0.02581360936,-0.166692093,-6.879796982
0.1262357086,0.2521686852,0.01440511458,-0.003164739348,1,0.01637742855,0.01474865805,-0.6778271198,0,-0.06390409172,-0.2157937139,-12.39077854
0.1262357086,0.257012248,0.01381605212,-0.00393264927,1,-0.3196775913,0.0143648535,-0.5188323259,0,0.03404273093,-0.2293071747,-15.88865948
0.1262357086,0.2618558407,0.01302161999,-0.004567076918,1,-0.5495462418,0.01379930321,-0.4115369618,0,0.09741166234,-0.2037794292,-19.32731628
0.1262357086,0.2666994035,0.01162610296,-0.004938939121,1,-0.6182541251,0.01263168175,-0.1062907502,0,0.0155274272,-0.124043189,-23.01649666
0.1262357086,0.2715429962,0.01010226645,-0.00448109163,1,-0.3208896518,0.01105151419,0.05683257431,0,-0.1408364624,0.0229557436,-23.92077637
0.1262357086,0.276386559,0.009389696643,-0.004774854053,1,-0.09747896343,0.01053402293,-0.2247806787,0,0.01834252477,0.2186850011,-26.95427513
0.1262357086,0.2812301517,0.009718962945,-0.006629052106,1,-0.2197958231,0.01176446211,-0.4540939927,0,0.4171215296,0.1296975762,-34.29688263
0.1262357086,0.2860737145,0.01034545898,-0.007602493744,1,-0.1921904087,0.01283847447,-0.3948763013,0,0.2544586957,-0.304281652,-36.3107872
0.1262357086,0.2909172773,0.01002056338,-0.007067853119,1,-0.01101006567,0.01226239186,-0.325743705,0,-0.3071748614,-0.3893297017,-35.19665146
0.1262357086,0.29576087,0.008804305457,-0.007294510026,1,-0.01265405118,0.01143353339,-0.3921540976,0,-0.4778314829,0.08437842131,-39.64230347
0.1262357086,0.3006044328,0.007644858677,-0.009375975467,1,-0.06495931745,0.01209763531,-0.2843197286,0,-0.3098631203,0.4038825929,-50.80734253
0.1262357086,0.3054480255,0.00698882388,-0.01062787138,1,0.1887385845,0.01271987893,-0.006270423532,0,-0.4549483657,0.2698075175,-56.67132187
0.1262357086,0.3102915883,0.006355450954,-0.01071318053,1,0.4262173772,0.01245648414,-0.02323542535,0,-0.7918040156,0.2499815971,-59.32202911
0.1262357086,0.315135181,0.00521807652,-0.01195121929,1,0.05880349874,0.01304070465,-0.5097170472,0,-1.249691248,0.3321819901,-66.41321564
0.1262357086,0.3199787438,0.0005872932961,-0.01479098387,1,-0.7676730752,0.01480263844,-0.04136031866,0,-0.8046509624,0.6789981723,-87.72619629
0.1262357086,0.3248223364,-0.002397597302,-0.01544033177,1,-0.5613590479,0.01562537439,0.5373506546,0,-0.08885286748,0.2767737508,-98.82647705
0.1262357086,0.3296658993,-0.002562058857,-0.01352885924,1,0.1345992982,0.01376932021,0.2767863572,0,-0.3468602598,-0.8409925699,-100.723526
0.1262357086,0.3345094621,-0.003425696632,-0.01002629939,1,0.682466805,0.01059538033,0.03168445826,0,-1.040845752,-1.234984636,-108.8638153
0.1262357086,0.3393530548,-0.004297895357,-0.007393649314,1,0.4326385856,0.008552073501,-1.726600885,0,-1.714474201,-0.2053191662,-120.1692429
0.1262357086,0.3441966176,-0.00963436719,-0.01739474572,1,-2.818505049,0.01988462172,-3.42708993,0,-0.3538365364,2.331619978,-118.9805984
0.1262357086,0.3490402102,-0.0196633786,-0.03528640792,1,-6.563177109,0.04039528593,-2.840298176,0,2.422031403,4.547466755,-119.1287689
0.1310792714,0.237637952,0.01076207682,-0.001231740811,1,-0.01815274358,0.01083233487,-0.05425078049,0,0.5187853575,0.1540326625,-6.529204369
0.1310792714,0.2424815297,0.01197450329,-0.00173615932,1,0.195098415,0.01209970936,-0.2456855476,0,0.1094638854,0.06671191007,-8.249714851
0.1310792714,0.2473251075,0.01223724801,-0.002744862111,1,0.1563559324,0.01254131179,-0.3899075687,0,-0.1013434976,-0.05482378602,-12.64241409
0.1310792714,0.2521686852,0.01224096026,-0.003359163646,1,-0.01626861095,0.01269350573,-0.2873636782,0,-0.03184181452,-0.2189938873,-15.34534836
0.1310792714,0.257012248,0.01200422179,-0.003076015972,1,-0.1659575403,0.01239206269,-0.178297177,0,0.01947449148,-0.2523906529,-14.37248421
0.1310792714,0.2618558407,0.01153145824,-0.003000286175,1,-0.2061731815,0.01191537827,-0.2551903725,0,0.01294056326,-0.1874630153,-14.58402157
0.1310792714,0.2666994035,0.01106828451,-0.003404058749,1,-0.2286967933,0.01157991961,-0.2277963012,0,-0.02647861093,-0.01209706068,-17.09531784
0.1310792714,0.2715429962,0.01029549632,-0.004045042209,1,-0.2031074464,0.01106162742,-0.1115157679,2.279768944,-0.1464998722,0.1135866269,-21.44958305
0.1310792714,0.276386559,0.009374934249,-0.004494359717,1,-0.1837685406,0.01039656997,-0.1110273153,2.905431032,-0.09745964408,0.1040069759,-25.61314011
0.1310792714,0.2812301517,0.008933345787,-0.005086577497,1,-0.2195154428,0.01027997769,-0.3350620866,0,0.07031106204,0.08331616223,-29.65684891
0.1310792714,0.2860737145,0.008652251214,-0.006520807277,1,-0.2050381154,0.01083431486,-0.4995839596,0,0.0719679147,0.05755181611,-37.00366592
0.1310792714,0.2909172773,0.008288811892,-0.007785099559,1,-0.07405623049,0.01137155108,-0.3597669005,0,-0.04843816906,0.0325589329,-43.2050972
0.1310792714,0.29576087,0.00805894006,-0.00842106808,1,0.03360375762,0.01165593881,-0.2471602559,0,-0.1067724079,0.2037418485,-46.25880051
0.1310792714,0.3006044328,0.00793441385,-0.009969078936,1,-0.0189934615,0.01274117269,-0.2727955282,0,-0.07017344981,0.5046613216,-51.48363876
0.1310792714,0.3054480255,0.007627053186,-0.01218674053,1,0.06155702472,0.01437666826,-0.1882943511,0,-0.2741753161,0.5743409395,-57.95967484
0.1310792714,0.3102915883,0.00690458063,-0.01366296224,1,0.08536598086,0.01530848723,-0.1370978504,0,-0.6714880466,0.4685220718,-63.19023895
0.1310792714,0.315135181,0.0047881254,-0.01512010768,1,-0.1031318307,0.01586013287,-0.03146083653,0,-0.8823107481,0.2199182063,-72.42842865
0.1310792714,0.3199787438,0.002131512854,-0.01488053612,1,-0.3834260702,0.0150324218,0.3162616789,0,-0.6930698156,0.1461224556,-81.84830475
0.1310792714,0.3248223364,-0.0004259659909,-0.01429602504,1,-0.5438444614,0.01430237014,0.13602525,0,-0.7072876692,0.09768848866,-91.7066803
0.1310792714,0.3296658993,-0.003928442951,-0.01469484903,1,-0.3416535556,0.01521089301,-0.2463994622,0,-0.8793196678,-0.2662689686,-104.9671478
0.1310792714,0.3345094621,-0.006339826621,-0.01419978589,1,0.08536332846,0.01555079781,-0.2777327299,0,-1.127597094,-0.7115776539,-114.0594864
0.1310792714,0.3393530548,-0.008976583369,-0.01259348728,1,0.1507431269,0.01546528284,-0.4238569438,0,-1.378663778,-0.9965592623,-125.4811096
0.1310792714,0.3441966176,-0.01228735596,-0.01142585743,1,-1.128074288,0.01677883603,-0.3919556141,27.47771072,-0.2247285545,-0.1993892193,-137.0806427
0.1310792714,0.3490402102,-0.01552898902,-0.01352619752,1,-3.720852137,0.02059387043,0.1730116606,0,2.382327795,1.040277004,-138.9432068
0.1359228492,0.237637952,0.01068008505,-7.544954315e-06,1,0.1058297604,0.01068008784,-0.2345959544,0,0.310393095,0.4131593704,-0.04047664255
0.1359228492,0.2424815297,0.011688089,-0.001576271607,1,0.07891257107,0.01179389935,-0.2465789616,0,0.171331808,0.359460324,-7.680646896
0.1359228492,0.2473251075,0.01189216319,-0.002942943247,1,-0.02611963451,0.01225089654,-0.1674286276,0,0.08071712404,0.1760979444,-13.89968491
0.1359228492,0.2521686852,0.01195253618,-0.003240169259,1,-0.05598830059,0.01238393411,-0.02292893454,1.218918085,0.02250520512,-0.004026975483,-15.16757202
0.1359228492,0.257012248,0.01172998548,-0.003034496214,1,-0.05059150606,0.0121161351,-0.1259633005,0,-0.1713392735,-0.07112473249,-14.50419331
0.1359228492,0.2618558407,0.01087759715,-0.003505784087,1,0.005488798022,0.011428589,-0.2938834727,0,-0.2668292522,-0.102912046,-17.86381912
0.1359228492,0.2666994035,0.01046416257,-0.003959481139,1,0.04118157178,0.01118821651,-0.2517153323,0,-0.1991846859,-0.1069618464,-20.72588539
0.1359228492,0.2715429962,0.01011229679,-0.004206908867,1,-0.06144337729,0.01095247176,-0.1645909548,0,-0.1674100757,-0.0825586915,-22.58824348
0.1359228492,0.276386559,0.009355693124,-0.004356810823,1,-0.1746274382,0.01032040641,-0.2162055671,0,-0.1583253592,-0.005958460271,-24.97071266
0.1359228492,0.2812301517,0.008499613963,-0.005225257017,1,-0.1703804582,0.009977310896,-0.3279104233,0,-0.06730498374,0.06518428028,-31.58170509
0.1359228492,0.2860737145,0.008204445243,-0.006260795519,1,-0.1199444085,0.01032039151,-0.2722426057,0,0.1067505032,0.08256091177,-37.34717941
0.1359228492,0.2909172773,0.008435708471,-0.006943770219,1,-0.1298381388,0.01092598401,-0.1709537357,0,0.2102663219,0.1828418225,-39.45916748
0.1359228492,0.29576087,0.008594005369,-0.00797443185,1,-0.1001521498,0.01172384247,-0.1439937502,0,0.1687395424,0.4093367457,-42.85843277
0.1359228492,0.3006044328,0.008767916821,-0.009623869322,1,-0.108987987,0.01301903278,-0.2039685994,0,0.1636298895,0.6795896292,-47.66461563
0.1359228492,0.3054480255,0.008858667687,-0.01225401461,1,-0.2112633884,0.01512074284,-0.2033317387,0.9578111768,0.0446119085,0.778419137,-54.13609695
0.1359228492,0.3102915883,0.007960727438,-0.01437905617,1,-0.2086363137,0.01643564552,-0.1208725125,0,-0.3545392454,0.5957903862,-61.02961731
0.1359228492,0.315135181,0.006130883005,-0.01572522707,1,-0.2944869399,0.01687810756,0.05424965918,0,-0.7654411197,0.4489391446,-68.70040131
0.1359228492,0.3199787438,0.002826883225,-0.01629076526,1,-0.3795740306,0.0165342167,0.07154902816,0,-1.14749372,0.1761727482,-80.1556778
0.1359228492,0.3248223364,-0.001265588333,-0.01623198017,1,-0.03258311749,0.01628124341,-0.1904504746,0,-1.592679977,-0.2230053693,-94.45825958
0.1359228492,0.3296658993,-0.005045204423,-0.01613308303,1,-0.04701530933,0.01690356433,-0.2402054965,0,-1.388271689,-0.308465451,-107.3657303
0.1359228492,0.3345094621,-0.00821749121,-0.0159013588,1,-0.1840064526,0.01789917238,-0.362929225,0,-1.082118869,-0.6378591061,-117.3289795
0.1359228492,0.3393530548,-0.01117778104,-0.0148014389,1,-0.251208961,0.01854792051,-0.3260985017,0,-0.6326617002,-0.9211197495,-127.0594406
0.1359228492,0.3441966176,-0.01249858737,-0.01301932707,1,-0.2203016877,0.01804764755,0.6872199178,0,-0.3183390498,-1.18664515,-133.8309479
0.1359228492,0.3490402102,-0.01378672943,-0.005725227762,1,-1.091599226,0.01492823288,1.744722247,0,0.5597039461,-1.26713264,-157.4483032
0.1407664269,0.237637952,0.01162696257,-0.0002409223234,1,0.2776953578,0.01162945852,-0.1053370759,0,0.09157314897,0.327234596,-1.187056184
0.1407664269,0.2424815297,0.01252125297,-0.00128851959,1,0.02763228863,0.01258737687,-2.993643284e-05,0,0.1070359275,0.4100941122,-5.875432491
0.1407664269,0.2473251075,0.01227923855,-0.002227389952,1,-0.1673180461,0.01247962192,-0.02253499627,3.82304883,0.0824932009,0.3264745176,-10.28136349
0.1407664269,0.2521686852,0.01211039722,-0.002978974255,1,-0.1407185048,0.01247140765,-0.07929534465,0.7088896036,-0.1131496057,0.2166593373,-13.81952095
0.1407664269,0.257012248,0.01104961056,-0.003660867224,1,-0.1175620258,0.01164026745,-0.2276950777,0,-0.398760587,0.04902303219,-18.33064651
0.1407664269,0.2618558407,0.009609548375,-0.00431927992,1,0.007940292358,0.01053563505,-0.245445013,0,-0.3627620637,-0.05809918046,-24.2028656
0.1407664269,0.2666994035,0.009331003763,-0.004568291362,1,0.1082419008,0.01038926933,-0.2369804382,0,-0.2137714475,-0.1876325905,-26.08553886
0.1407664269,0.2715429962,0.009098407812,-0.004558300134,1,0.0006324499846,0.01017639972,-0.2366017997,0,-0.2137266397,-0.2681677043,-26.61085892
0.1407664269,0.276386559,0.008298865519,-0.004415399395,1,-0.09397308528,0.009400367737,-0.2235643566,0,-0.2028315812,-0.217572242,-28.01514626
0.1407664269,0.2812301517,0.007660811301,-0.004587323405,1,-0.1094238907,0.008929253556,-0.2396134734,0,-0.007298175246,-0.03162807226,-30.91333771
0.1407664269,0.2860737145,0.007733513135,-0.005422792863,1,-0.07245161384,0.009445311502,-0.2506690621,0,0.21399647,0.06943698227,-35.03840637
0.1407664269,0.2909172773,0.008346392773,-0.00613777712,1,-0.003576442599,0.01036024,-0.2184791267,0,0.3361067176,0.1316499412,-36.33005142
0.1407664269,0.29576087,0.009344149381,-0.00711867027,1,-0.0007354617119,0.01174685452,-0.1682136655,0,0.3912997544,0.3501750231,-37.30130386
0.1407664269,0.3006044328,0.01023812126,-0.008648633026,1,-0.1671792865,0.01340216305,-0.168853268,0,0.3877568245,0.6216198802,-40.18938828
0.1407664269,0.3054480255,0.01041253377,-0.0109473886,1,-0.4818100333,0.01510848012,-0.3115214109,6.672854424,0.2684885859,0.8696347475,-46.43439102
0.1407664269,0.3102915883,0.009204882197,-0.01436965447,1,-0.568647027,0.01706507616,-0.3145262599,12.36754417,-0.08937367797,1.017923117,-57.35728073
0.1407664269,0.315135181,0.007225359324,-0.01740121096,1,-0.411737442,0.01884165406,-0.08072558045,0,-0.8009011745,0.7926702499,-67.45072174
0.1407664269,0.3199787438,0.003331372514,-0.01860001497,1,-0.369345367,0.01889599487,-0.2101437598,0,-1.623795033,0.7088595033,-79.84565735
0.1407664269,0.3248223364,-0.002428571461,-0.02185247466,1,0.06172907352,0.02198700979,-0.5142121315,0,-2.109253883,0.02078782022,-96.34152985
0.1407664269,0.3296658993,-0.006585973315,-0.02119132876,1,0.01319724321,0.02219115756,-0.202780962,0,-1.821504831,-0.8846367598,-107.2645264
0.1407664269,0.3345094621,-0.01118722279,-0.01854986325,1,-0.6647845507,0.02166221105,-0.09630715847,0,-1.075996637,-1.489955783,-121.0937195
0.1407664269,0.3393530548,-0.0150175821,-0.01444108319,1,-0.5592803955,0.02083441056,-0.1402589083,13.68823624,-0.1672772467,-1.51303637,-136.1211243
0.1407664269,0.3441966176,-0.01470636111,-0.01190070901,1,-0.1220038831,0.01891835034,0.1879980564,0,0.4940089285,-1.652191162,-141.0194702
0.1407664269,0.3490402102,-0.01321574673,-0.005527982954,1,0.5089671016,0.01432531141,1.190624237,0,0.1065324098,-1.440780401,-157.3010406
0.1456100047,0.237637952,0.01175486296,-0.0009090423118,1,0.3677409291,0.01178996079,-0.1125670671,0,0.4248152375,0.004136588424,-4.422070503
0.1456100047,0.2424815297,0.01367426664,-0.001191673917,1,0.04268692434,0.01372609381,0.00319480896,0,0.2895994186,0.1733006239,-4.980582714
0.1456100047,0.2473251075,0.01336431783,-0.001732963021,1,-0.25536412,0.01347620692,-0.01871210337,6.697329998,0.03726144135,0.3766492009,-7.388367653
0.1456100047,0.2521686852,0.0126178693,-0.003106637159,1,-0.2940410972,0.01299468428,-0.1561237574,3.004909039,-0.2220543027,0.3937888145,-13.83164883
0.1456100047,0.257012248,0.01086457353,-0.004396503326,1,-0.09597936273,0.011720418,-0.1219347417,0,-0.5668596029,0.3311750591,-22.03141403
0.1456100047,0.2618558407,0.009407357313,-0.005301309749,1,0.056920439,0.01079825219,-0.1401783377,0,-0.5642018318,0.09160785377,-29.40247917
0.1456100047,0.2666994035,0.008407516405,-0.005519177765,1,0.03622446954,0.0100572193,-0.2310614884,0,-0.3954529166,-0.2426512539,-33.28319931
0.1456100047,0.2715429962,0.007667406462,-0.005245173816,1,-0.07739832997,0.009289831854,-0.238073349,0,-0.1679786891,-0.3691959381,-34.37553024
0.1456100047,0.276386559,0.007219013758,-0.004884075373,1,-0.0691588968,0.008715982549,-0.2221790254,0,-0.03026596084,-0.3284167349,-34.08059692
0.1456100047,0.2812301517,0.00718583446,-0.004730603192,1,-0.0402951315,0.008603187278,-0.1652546078,0,0.06251423061,-0.1674665064,-33.35784531
0.1456100047,0.2860737145,0.007326633669,-0.004873361904,1,-0.09147737175,0.008799387142,-0.1674558669,0,0.2626964152,-0.05021053553,-33.63014603
0.1456100047,0.2909172773,0.008015144616,-0.005298488308,1,-0.0659430176,0.009608148597,-0.1322863996,0,0.5095646381,0.1159220338,-33.46708298
0.1456100047,0.29576087,0.009475349449,-0.006075578742,1,-0.04155108333,0.01125588361,-0.1276233196,0,0.6497342587,0.2104542255,-32.6679306
0.1456100047,0.3006044328,0.01096092723,-0.006935993209,1,-0.2215215713,0.01297111902,-0.06764414907,0,0.6523154378,0.4576506317,-32.32532501
0.1456100047,0.3054480255,0.01156193297,-0.00861988496,1,-0.4628550112,0.01442153566,-0.1648880541,0,0.5468338132,0.8925255537,-36.70600891
0.1456100047,0.3102915883,0.01136768516,-0.01205765828,1,-0.8421304226,0.01657140255,-0.3338888288,17.02990532,0.4327861369,1.522236347,-46.68710709
0.1456100047,0.315135181,0.009579242207,-0.01761017181,1,-0.9591846466,0.02004694566,-0.3929007053,21.7980175,-0.30542472,1.73551178,-61.45554352
0.1456100047,0.3199787438,0.00524245156,-0.0223667901,1,-0.9347882271,0.02297295257,-0.3777505755,0,-1.79764843,1.508692503,-76.808815
0.1456100047,0.3248223364,-0.003655527486,-0.02674730495,1,-0.7376470566,0.02699594758,-0.05040663481,0,-2.473749399,0.4972906709,-97.782341
0.1456100047,0.3296658993,-0.0103121968,-0.02501960471,1,-1.057120681,0.0270614475,0.0778567791,0,-1.471008182,-1.750179529,-112.3997269
0.1456100047,0.3345094621,-0.01590067893,-0.01789309643,1,-0.7323817015,0.02393730357,-0.3027338982,0,-1.099621296,-2.804368973,-131.6258698
0.1456100047,0.3393530548,-0.01918564551,-0.01290274132,1,-0.7430863976,0.02312076464,-0.1420448422,19.38307762,-0.01871460676,-1.764291048,-146.0783691
0.1456100047,0.3441966176,-0.01959052123,-0.010035621,1,0.1431280375,0.02201141044,-0.3237456679,0,0.721370399,-1.40317297,-152.8753357
0.1456100047,0.3490402102,-0.01499838009,-0.007674451452,1,1.212610126,0.01684780791,0.3841216862,0,0.6835613251,-0.590844512,-152.9018402
0.1504535824,0.237637952,0.01110177115,3.552157432e-05,1,0.1786540747,0.01110182796,0.03535582125,0,0.7604662776,0.08825111389,0.1833247393
0.1504535824,0.2424815297,0.01337612234,-9.257966303e-05,1,0.08796097338,0.01337644272,-0.05814878643,0,0.5130747557,0.1164240092,-0.3965528607
0.1504535824,0.2473251075,0.01401293464,-0.0008100353298,1,-0.1438524276,0.0140363276,0.08423531055,0,0.1201971769,0.6081705093,-3.308373213
0.1504535824,0.2521686852,0.01326154638,-0.002630300587,1,-0.3169419169,0.01351987757,-0.1030934453,7.63514185,-0.08562316746,0.9563681483,-11.21847248
0.1504535824,0.257012248,0.01206308231,-0.00594161218,1,-0.4071732461,0.01344695967,-0.1914648712,0,-0.3953849375,0.7783623338,-26.22232628
0.1504535824,0.2618558407,0.009374293499,-0.007327734027,1,-0.5122933388,0.01189844776,-0.2596528828,0,-0.5254814625,-0.1115098894,-38.01416779
0.1504535824,0.2666994035,0.00703653926,-0.006659154315,1,-0.4507068098,0.009687993675,-0.1806920469,9.394703865,-0.21352157,-0.661886096,-43.42161179
0.1504535824,0.2715429962,0.006157051772,-0.00499703316,1,-0.2257736474,0.00792966783,-0.08513072133,5.290313244,-0.06420354545,-0.587266922,-39.06261826
0.1504535824,0.276386559,0.005632012151,-0.004227018449,1,-0.09440168738,0.007041821256,-0.2402962744,0,0.07214519382,-0.4276938736,-36.88948822
0.1504535824,0.2812301517,0.006049250718,-0.004089358263,1,-0.1619403809,0.007301800419,-0.3059522808,0,0.3781476617,-0.4132477343,-34.05911636
0.1504535824,0.2860737145,0.006679228973,-0.00370732462,1,-0.1304097325,0.007639133371,-0.2105780244,0,0.5883123279,-0.3631716967,-29.03258705
0.1504535824,0.2909172773,0.008267130703,-0.003350261133,1,-0.1530668437,0.008920185268,-0.2406798899,0,0.7860944271,-0.2276623845,-22.06028938
0.1504535824,0.29576087,0.009745347314,-0.003770375857,1,-0.1628492177,0.01044928376,-0.2890630066,0,0.9597843885,-0.06900367141,-21.15094757
0.1504535824,0.3006044328,0.01212714799,-0.004416135605,1,-0.1566222906,0.01290619932,-0.2080511749,0,1.022006392,0.264018476,-20.0092392
0.1504535824,0.3054480255,0.0139369024,-0.006056881975,1,-0.3511062562,0.01519615296,-0.09428015351,0,0.9361258745,0.68579638,-23.48943329
0.1504535824,0.3102915883,0.01496073604,-0.008194496855,1,-0.9510928392,0.01705794223,-0.3719268441,0,0.9080457687,1.316451669,-28.71100044
0.1504535824,0.315135181,0.01372840069,-0.01423467416,1,-1.81390214,0.01977612078,-0.5554845333,43.56666183,0.5438576341,2.455688,-46.03723145
0.1504535824,0.3199787438,0.008809177205,-0.02277934551,1,-2.561030865,0.02442335337,-0.265304327,67.15131378,-0.3278368711,3.043560982,-68.8576355
0.1504535824,0.3248223364,-0.0002640539024,-0.03026142158,1,-1.946636677,0.03026257455,0.9514701366,0,-2.904152632,1.037497282,-90.49993134
0.1504535824,0.3296658993,-0.01468599867,-0.02319602482,1,-3.375583887,0.02745421976,0.06346982718,72.52664185,-1.986721277,-1.987252951,-122.3389435
0.1504535824,0.3345094621,-0.02623671666,-0.02032861672,1,-1.513573408,0.03319063038,-0.1055563688,38.21939468,-0.4612209201,-2.637464046,-142.2309265
0.1504535824,0.3393530548,-0.02425106801,-0.01093253214,1,-0.2415145934,0.02660140209,-0.4096689224,0,0.8951412439,-2.7279284,-155.7338562
0.1504535824,0.3441966176,-0.02307082526,-0.009099947289,1,0.5620838404,0.02480064519,-0.5270597935,0,1.50953424,-1.113828659,-158.4739685
0.1504535824,0.3490402102,-0.01421702467,-0.008090471849,1,1.151064634,0.01635785773,1.867922187,0,2.504817009,1.451093197,-150.357132
0.1552971601,0.237637952,0.01235356275,0.001909010345,1,-0.177292496,0.0125001939,-0.0606674403,0,0.8391852379,0.3694329858,8.784498215
0.1552971601,0.2424815297,0.01395652723,0.0008673979319,1,0.1918016076,0.01398345549,-0.171796456,0,0.7092837095,0.3160719275,3.556357384
0.1552971601,0.2473251075,0.01671803929,-0.0004540182126,1,0.2081623077,0.01672420278,0.06180641055,0,0.368734479,0.6509628296,-1.555621147
0.1552971601,0.2521686852,0.01675077155,-0.001986226765,1,-0.6336408854,0.0168681182,-0.02533137798,16.8277874,0.01203691959,0.7768429518,-6.762286186
0.1552971601,0.257012248,0.01370725688,-0.004339405801,1,-1.62738061,0.01437773742,-0.4174315631,41.23909378,-0.2598957419,0.2801850736,-17.56660271
0.1552971601,0.2618558407,0.007609601598,-0.005365187302,1,-1.892988324,0.009310814552,-0.3267229795,49.5531044,-0.04376882315,-0.3203337193,-35.18593979
0.1552971601,0.2666994035,0.00432642363,-0.004370352719,1,-1.091910124,0.0061496282,-0.244325757,25.86146355,0.4314468503,-0.4306737185,-45.28940964
0.1552971601,0.2715429962,0.004410596099,-0.004462596495,1,-0.5735217333,0.006274402607,-0.3090237379,0,0.5027327538,-0.3695079684,-45.33577347
0.1552971601,0.276386559,0.003983551636,-0.00407739263,1,-0.5752865076,0.005700334907,-0.2047425061,8.61165905,0.429059267,-0.6894981861,-45.66697311
0.1552971601,0.2812301517,0.003702333197,-0.00211464474,1,-0.50811553,0.004263683222,-0.2450998127,0,0.6245750189,-0.7994868755,-29.73351479
0.1552971601,0.2860737145,0.004547632299,-0.001392175793,1,-0.3251534104,0.004755955655,-0.30772686,0,0.747230947,-0.5895559788,-17.02102661
0.1552971601,0.2909172773,0.005746692419,-0.0007495876052,1,-0.2180493772,0.005795373581,-0.3879366815,0,0.8773541451,-0.5436397791,-7.431594372
0.1552971601,0.29576087,0.007741025649,-0.00063801551,1,-0.1026432514,0.007767273579,-0.3804546595,0,1.235136032,-0.2818445563,-4.711669922
0.1552971601,0.3006044328,0.01123200916,-0.001227213419,1,-0.01813256741,0.01129885297,-0.3549681008,0,1.398509264,0.005728200078,-6.235423565
0.1552971601,0.3054480255,0.01442698762,-0.002385076135,1,-0.446442157,0.0146228103,-0.2356941402,0,1.418978453,0.1412095428,-9.38725853
0.1552971601,0.3102915883,0.01594256423,-0.003052775748,1,-0.8541707993,0.01623221487,-0.2467524856,0,1.753513813,0.5388452411,-10.84011173
0.1552971601,0.315135181,0.01878302544,-0.006190179847,1,-1.637822866,0.01977676339,-0.213470757,0,2.206945419,1.540886402,-18.24028015
0.1552971601,0.3199787438,0.01869915426,-0.0115501415,1,-4.035316467,0.02197872102,-1.527276039,92.14316559,1.391643643,3.67444253,-31.70290375
0.1552971601,0.3248223364,0.005978190806,-0.03138510883,1,-7.367403507,0.03194939718,0.04037642479,195.3086395,-0.5460329056,1.432405114,-79.21556854
0.1552971601,0.3296658993,-0.01963018999,-0.01829254068,1,-6.199995995,0.02683209628,1.134185076,159.5658417,-1.060135365,-2.703726053,-137.0201569
0.1552971601,0.3345094621,-0.02918671258,-0.01279594563,1,-3.721979618,0.0318684876,0.2185047865,97.12272644,0.6761623621,-2.030923367,-156.3265381
0.1552971601,0.3393530548,-0.03438284248,-0.007397260517,1,-0.9128273129,0.03516957909,-0.670291841,0,1.25315845,-2.187635899,-167.8582306
0.1552971601,0.3441966176,-0.02753829211,-0.005446571391,1,2.832732201,0.02807174064,0.3485170305,0,4.488379002,-0.9480068684,-168.8123322
0.1552971601,0.3490402102,0.001077528461,-0.001117445878,1,4.875262737,0.001552337897,1.30512321,0,6.940685749,-0.4824446738,-46.04185867
0.1601407379,0.237637952,0.01259730104,0.004958910402,1,-0.2306011915,0.01353819761,-0.4387020171,0,0.840741396,0.6121846437,21.48700905
0.1601407379,0.2424815297,0.01407493185,0.002413884969,1,0.05079621077,0.01428042538,-0.5324402452,0,0.9542432427,0.4980380535,9.731689453
0.1601407379,0.2473251075,0.01746528782,-3.229150389e-05,1,-0.1461699605,0.01746531762,0.01354064047,0,0.7297507524,0.4092801213,-0.1059338301
0.1601407379,0.2521686852,0.01690155081,0.0004970899899,1,-1.122660398,0.01690885983,-0.04657068849,29.61768913,-0.1299216747,-0.1940235496,1.68463552
0.1601407379,0.257012248,0.01139831822,0.0006819068221,1,-2.046566963,0.01141869742,-0.2205696702,53.93142319,-0.1545593739,-0.4542842507,3.423651695
0.1601407379,0.2618558407,0.006240224,0.001629104838,1,-1.882015467,0.006449370179,-0.03624686971,49.35299301,0.3064876199,-0.04397604987,14.63136482
0.1601407379,0.2666994035,0.003767126938,0.0007193437195,1,-1.248548985,0.003835192416,-0.09787973017,29.64556503,0.5528455377,0.1938913167,10.81065178
0.1601407379,0.2715429962,0.002870530589,0.0002158890711,1,-1.156270504,0.002878637519,-0.195347324,24.93915176,0.6470519304,-0.1784723252,4.301047802
0.1601407379,0.276386559,0.001300687902,0.0006376083475,1,-1.056464434,0.001448562485,-0.2700658441,20.53557968,0.6681530476,-0.5138995051,26.11449051
0.1601407379,0.2812301517,0.0009897139389,0.001396916341,1,-0.5171814561,0.001711989753,-0.3292533755,0,0.7303466201,-0.5045874119,54.6824646
0.1601407379,0.2860737145,0.002333169803,0.001486852183,1,-0.2432241738,0.002766660647,-0.2591675222,0,0.8141372204,-0.3744740188,32.50802231
0.1601407379,0.2909172773,0.003754967591,0.001955410698,1,-0.09080412984,0.004233605228,-0.1426074207,0,0.9588153362,-0.3949849308,27.5083847
0.1601407379,0.29576087,0.006537449546,0.002709262306,1,0.03215509653,0.007076605689,-0.2105166614,0,1.347116709,-0.3116957247,22.51018906
0.1601407379,0.3006044328,0.01043557748,0.002445479389,1,-0.06171411276,0.01071828604,-0.2391432077,0,1.494912863,-0.2947147787,13.18874264
0.1601407379,0.3054480255,0.01347925887,0.002978427568,1,-0.5098353624,0.01380440034,-0.1257958859,0,1.736187577,-0.5367621183,12.46007729
0.1601407379,0.3102915883,0.01637551002,0.004436026327,1,-0.6804457903,0.0169657208,-0.04182642698,0,2.059298992,-0.3327957392,15.15730286
0.1601407379,0.315135181,0.02015784197,0.004387760069,1,-1.640859365,0.0206298586,-0.2509555221,0,2.225889206,-0.05905809253,12.28002644
0.1601407379,0.3199787438,0.0192091465,0.003506556153,1,-4.569114685,0.01952657849,-0.5362774134,110.4292526,1.825613022,-0.2040141672,10.34521675
0.1601407379,0.3248223364,0.006869478151,0.002778417198,1,-9.673307419,0.007410082966,-0.5783867836,255,1.105810165,-0.2052608728,22.02127647
0.1601407379,0.3296658993,-0.02228819206,0.001699291868,1,-8.39218998,0.02235287614,-0.2582111061,222.8835602,-0.2553257942,0.1143019199,175.6401062
0.1601407379,0.3345094621,-0.03501530737,0.0009741269751,1,-4.550743103,0.03502885252,-0.5796331763,115.0032349,1.287562132,-0.1376658231,178.4064331
0.1601407379,0.3393530548,-0.03809366375,-0.0004414113646,1,-0.7025433779,0.03809622303,-0.2157541215,0,2.569098949,0.2084821016,-179.3361053
0.1601407379,0.3441966176,-0.02597450092,-0.001080694143,1,1.820938706,0.02599697188,0.6340233088,0,3.931285858,0.1478170604,-177.6175232
0.1601407379,0.3490402102,-0.01023231726,0.001913566492,1,2.524244547,0.01040970907,-1.282082081,0,3.975965023,-2.518462181,169.4073486
0.1649843156,0.237637952,0.01319383923,0.007098141592,1,-0.267993778,0.01498202235,-0.2506278157,0,0.5141170025,0.5152637362,28.27976608
0.1649843156,0.2424815297,0.01378989778,0.005243313964,1,-0.04361492395,0.01475308836,-0.4157894254,0,1.194038391,0.2675008774,20.8182373
0.1649843156,0.2473251075,0.01876600459,0.003788571805,1,-0.6841650605,0.0191446133,-0.629752636,0,1.054869771,-0.1298880279,11.41373444
0.1649843156,0.2521686852,0.01558543462,0.002822180744,1,-1.653675437,0.01583889127,-0.2277296484,43.50645065,-0.06560498476,-0.4416437447,10.26379395
0.1649843156,0.257012248,0.01043854933,0.004824679811,1,-1.607199311,0.01149960235,0.3040908277,41.83216095,-0.1197057962,-0.1940567493,24.80630112
0.1649843156,0.2618558407,0.007221035659,0.005234997254,1,-1.234564066,0.008918999694,0.2723993063,31.95790291,0.0686724782,0.3694016337,35.94079208
0.1649843156,0.2666994035,0.00479146326,0.004354841541,1,-1.212451935,0.006474778987,0.07099105418,31.43399239,0.2583919168,0.26982373,42.26691818
0.1649843156,0.2715429962,0.002599971602,0.004271935672,1,-1.248234272,0.005000928417,-0.06542602181,32.17925644,0.2974683046,-0.04913318157,58.67460251
0.1649843156,0.276386559,0.0001863544603,0.004275925923,1,-1.02520752,0.004279985093,-0.1490119696,24.55643654,0.41895926,-0.07797330618,87.50449371
0.1649843156,0.2812301517,-0.0003364392032,0.003927854355,1,-0.4589422345,0.003942237236,-0.2667900026,0,0.7257255912,-0.1539210677,94.89569855
0.1649843156,0.2860737145,0.001478540245,0.003729236545,1,-0.2527764738,0.00401164405,-0.2046661675,0,0.9711033106,-0.2885861099,68.37303162
0.1649843156,0.2909172773,0.003142822068,0.004334325902,1,-0.2446325421,0.005353850313,0.05667504668,0,1.015366316,-0.3566282094,54.05411148
0.1649843156,0.29576087,0.005211649463,0.00573110301,1,-0.07124406099,0.007746407762,-0.06735683978,0,1.207471132,-0.4757541418,47.71779251
0.1649843156,0.3006044328,0.008646226488,0.006312429905,1,-0.146717608,0.01070532575,-0.2014688849,0,1.386748552,-0.7718338966,36.13240433
0.1649843156,0.3054480255,0.01121783629,0.008493710309,1,-0.4232322574,0.01407064218,-0.1624906361,0,1.555004358,-0.9687050581,37.1315918
0.1649843156,0.3102915883,0.01412805263,0.01021739189,1,-0.4992207885,0.01743550785,-0.1936357617,0,1.75110817,-1.028763533,35.87441254
0.1649843156,0.315135181,0.01728145033,0.0125387162,1,-1.60255909,0.02135106362,0.001620352268,0,1.806012273,-1.899004936,35.96310806
0.1649843156,0.3199787438,0.01511349436,0.01942321844,1,-4.15002203,0.02461054921,-0.3288875222,106.4928055,1.032714963,-2.039537907,52.11298752
0.1649843156,0.3248223364,0.002182532335,0.02082438394,1,-6.682723045,0.02093844302,-0.8490232229,175.4008789,-0.6343307495,-1.19913137,84.01686859
0.1649843156,0.3296658993,-0.02032722533,0.0211189948,1,-6.281701565,0.02931225114,0.1033481956,165.1961975,-0.9120812416,1.206264019,133.9055939
0.1649843156,0.3345094621,-0.03266100585,0.01548234187,1,-3.463878155,0.03614476696,-0.2617640495,90.62637329,0.5546982288,2.354029894,154.6375885
0.1649843156,0.3393530548,-0.0344180651,0.00844919309,1,-0.4208926558,0.03543997929,0.07375478745,0,2.260363102,2.284369469,166.2073669
0.1649843156,0.3441966176,-0.02375138737,0.004775058012,1,0.7193489075,0.02422662824,-0.1223183274,0,2.808490276,0.4010791779,168.6325989
0.1649843156,0.3490402102,-0.01733070239,0.005914076697,1,0.4774925709,0.01831200533,-0.5960721374,0,2.173715115,-1.066391945,161.1578674
0.1698278934,0.237637952,0.01387908589,0.008747125044,1,-0.5059022903,0.01640552469,-0.06683918089,0,0.2901934981,0.07296252996,32.22068024
0.1698278934,0.2424815297,0.01335668471,0.00840855483,1,-0.5283219218,0.01578305475,-0.2037529051,0,0.5090847611,-0.1301985383,32.1920166
0.1698278934,0.2473251075,0.01378590893,0.008390858769,1,-0.6520077586,0.01613870449,-0.6750012636,0,0.7145037055,-0.6296789646,31.32698441
0.1698278934,0.2521686852,0.01365938876,0.008189032786,1,-1.017068624,0.01592605188,-0.3706634343,18.70067978,0.634162724,-0.266574651,30.94339752
0.1698278934,0.257012248,0.01193127688,0.007886697538,1,-1.116021156,0.01430228539,0.1523917019,28.76869202,0.2260690331,0.2035110295,33.46511841
0.1698278934,0.2618558407,0.009348836727,0.007941432297,1,-1.391941071,0.01226650272,0.2579597235,36.33982849,0.04719406366,0.2668801546,40.34645844
0.1698278934,0.2666994035,0.005417889915,0.00784349069,1,-1.610684872,0.009532778524,0.05895718187,42.58041763,0.1586213112,0.1082622632,55.36523056
0.1698278934,0.2715429962,0.002315654187,0.007702619303,1,-1.425058961,0.008043170907,-0.1489575058,36.52161407,0.3480404615,-0.1054053456,73.26753998
0.1698278934,0.276386559,0.0002012670448,0.007632542402,1,-1.228332758,0.00763519574,-0.1794588268,29.01824188,0.5338693857,-0.06225780398,88.48948669
0.1698278934,0.2812301517,-0.001048033009,0.007134946994,1,-0.8508867025,0.007211507764,-0.2043502927,5.68836832,0.7977847457,-0.1593972594,98.35625458
0.1698278934,0.2860737145,-5.593591777e-05,0.007414808962,1,-0.4404621422,0.007415019907,-0.175412029,0,1.132133603,-0.3660498559,90.43221283
0.1698278934,0.2909172773,0.002302121138,0.00805831328,1,-0.3161399662,0.008380702697,-0.01397705078,0,1.134292364,-0.3211900294,74.05627441
0.1698278934,0.29576087,0.003906849306,0.008902818896,1,-0.3312112987,0.009722327814,-0.05349804461,0,1.037133336,-0.428144455,66.3065567
0.1698278934,0.3006044328,0.005721309688,0.009872942232,1,-0.3923942745,0.01141088828,-0.1314874589,0,1.237508297,-0.886580348,59.90797043
0.1698278934,0.3054480255,0.008000224829,0.01256017014,1,-0.2867657244,0.01489165798,-0.04787361622,0,1.264021635,-1.175702572,57.50482559
0.1698278934,0.3102915883,0.01045472454,0.01533566974,1,-0.5238609314,0.01856028102,0.0761128664,0,1.136525154,-1.645191312,55.71672821
0.1698278934,0.315135181,0.01096771192,0.02089744061,1,-1.480461717,0.02360071614,0.2269984484,30.24925804,0.9194651842,-2.513512135,62.30792999
0.1698278934,0.3199787438,0.007737494074,0.0286095459,1,-2.419992447,0.02963739075,-0.0567523241,63.06588745,-0.4742790461,-2.364310265,74.86631775
0.1698278934,0.3248223364,-0.003050917527,0.03207427636,1,-3.326345205,0.03221905231,-0.765182972,75.35681915,-1.563114405,-0.5789402723,95.43363953
0.1698278934,0.3296658993,-0.01594498381,0.02770746499,1,-2.779821634,0.03196789324,-0.3417681456,57.18307877,-1.727260828,2.060567379,119.9193954
0.1698278934,0.3345094621,-0.02488125488,0.02043841407,1,-1.697384357,0.03219946474,0.05798363686,42.94808578,-0.5172846913,3.188315392,140.5990143
0.1698278934,0.3393530548,-0.02667190507,0.0125454599,1,-0.5879605412,0.02947505936,0.4146519899,0,0.6410109401,2.768323421,154.8094788
0.1698278934,0.3441966176,-0.02462430112,0.009038223885,1,0.3109425306,0.02623062581,0.301650703,0,1.420693636,0.8004778028,159.8445892
0.1698278934,0.3490402102,-0.01828459091,0.0101293521,1,1.09852612,0.02090287209,0.3191894293,0,1.519245744,-0.1313555539,151.0142975
0.1746714562,0.237637952,0.01322349813,0.0109540876,1,-0.5839167237,0.01717128232,-0.3496354222,0,0.1498913914,-0.06636485457,39.63768768
0.1746714562,0.2424815297,0.01217238046,0.01026806608,1,-0.3541966975,0.0159248244,-0.3608744144,0,0.1938185394,-0.2479988188,40.14945602
0.1746714562,0.2473251075,0.01244669408,0.01040736586,1,-0.323150754,0.01622447185,-0.1828140169,0,0.3905692697,-0.2967731059,39.9008522
0.1746714562,0.2521686852,0.0124989273,0.01082003582,1,-0.6106743217,0.01653167792,-0.1148998141,6.23676157,0.5519769788,-0.3043926954,40.88199234
0.1746714562,0.257012248,0.01216238923,0.01132518798,1,-1.037678123,0.01661877148,0.1010140777,24.40729904,0.4728492498,-0.1850376427,42.95858765
0.1746714562,0.2618558407,0.009763134643,0.01220554952,1,-1.519253492,0.01562991552,0.2415824831,39.63192749,0.1646790504,-0.08863052726,51.34392929
0.1746714562,0.2666994035,0.005601402372,0.01292460039,1,-1.835705519,0.01408619899,0.08117029816,48.67534256,0.1024439335,-0.05396073312,66.56854248
0.1746714562,0.2715429962,0.00136794732,0.01286006719,1,-1.709089518,0.01293261722,-0.1116044223,44.37475967,0.3493882418,-0.0882076174,83.92818451
0.1746714562,0.276386559,-0.0009844170418,0.01281127613,1,-1.374088526,0.01284904126,-0.3385270834,30.77192879,0.6584556103,-0.143060714,94.39396667
0.1746714562,0.2812301517,-0.002098276047,0.01191331074,1,-1.011801124,0.01209668256,-0.5032365322,0,0.9788396358,-0.2007614672,99.98897552
0.1746714562,0.2860737145,-0.001144068316,0.01134621445,1,-0.4699362516,0.01140374783,-0.2932041883,0,1.216843605,-0.1788847744,95.7578125
0.1746714562,0.2909172773,0.001519416692,0.01135959756,1,-0.2340029776,0.0114607634,-0.1004185304,0,1.064556122,-0.3094709814,82.38155365
0.1746714562,0.29576087,0.002878780244,0.01235877629,1,-0.4236958921,0.0126896305,0.05924470723,0,0.8770233393,-0.5286223888,76.88767242
0.1746714562,0.3006044328,0.003715143539,0.01420697756,1,-0.4074055552,0.0146847032,0.03638535738,0,0.9055040479,-0.7164221406,75.34523773
0.1746714562,0.3054480255,0.005291359033,0.01600505784,1,-0.1773036718,0.01685705595,-0.09517481923,0,0.7580659389,-0.9318727255,71.70583344
0.1746714562,0.3102915883,0.006528110709,0.01825958863,1,-0.2029717267,0.01939146221,0.1051350832,0,0.3919231594,-1.579131007,70.32717133
0.1746714562,0.315135181,0.006206559949,0.02416293137,1,-0.4212673306,0.02494731545,0.1986920834,7.811145306,-0.2272620201,-1.987260342,75.59427643
0.1746714562,0.3199787438,0.003386908444,0.02884741873,1,-0.6852959991,0.02904556319,-0.2852120996,0,-1.489621639,-1.359167099,83.30368805
0.1746714562,0.3248223364,-0.004327822942,0.02936471626,1,-0.7393299937,0.02968192473,-0.4516254663,0,-2.437868834,0.09141753614,98.38398743
0.1746714562,0.3296658993,-0.01200210117,0.02621714771,1,-0.7391559482,0.02883382142,-0.1081670523,0,-1.864197493,1.577880859,114.598114
0.1746714562,0.3345094621,-0.0169373285,0.02119823731,1,-0.5347548723,0.02713371255,0.0730394125,0,-0.9102511406,2.512423038,128.6247559
0.1746714562,0.3393530548,-0.01900110021,0.01440180279,1,-0.3510338664,0.02384226769,0.06944978237,9.063882828,0.04633715749,2.350412846,142.839859
0.1746714562,0.3441966176,-0.01841315068,0.01015021559,1,0.07062660158,0.02102548443,0.2621695995,0,0.4620755911,1.593817592,151.1343231
0.1746714562,0.3490402102,-0.01642091572,0.007951862179,1,0.5151872635,0.01824496128,0.2413920462,0,0.3074396849,1.149128795,154.1613159
0.179515034,0.237637952,0.01186415926,0.01230137609,1,-0.3241010308,0.01709040999,-0.7866938114,0,-0.2773531675,-0.2753070295,46.03651047
0.179515034,0.2424815297,0.01040756423,0.01106290519,1,-0.2295796871,0.01518898457,-0.4109939337,0,0.1467556953,-0.3173515201,46.74829102
0.179515034,0.2473251075,0.01146299485,0.01184781175,1,-0.1935675889,0.016485475,-0.02134650946,0,0.445644021,-0.59065938,45.94575882
0.179515034,0.2521686852,0.01162851602,0.01382041629,1,-0.4843954444,0.01806173474,0.118927747,0,0.4970530272,-0.5737907887,49.92269897
0.179515034,0.257012248,0.01152430288,0.01520304289,1,-0.8298401237,0.01907726564,0.05906184018,17.28668785,0.5121316314,-0.4110991955,52.83692932
0.179515034,0.2618558407,0.01008967031,0.01609767787,1,-1.35078001,0.01899833418,0.1494680941,35.55133438,0.1172659397,-0.2692330778,57.92141724
0.179515034,0.2666994035,0.005549681373,0.0172310546,1,-1.680032969,0.01810271293,0.06914366037,44.49957275,-0.124794066,-0.2560958564,72.14758301
0.179515034,0.2715429962,0.001347850543,0.01767300069,1,-1.692534447,0.01772432402,-0.0330664739,44.89509583,0.1067193151,-0.08390873671,85.63871765
0.179515034,0.276386559,-0.0021313373,0.01747731306,1,-1.44557178,0.01760678925,-0.2539674938,37.25660706,0.2469232082,-0.06892964244,96.95281982
0.179515034,0.2812301517,-0.004457897041,0.01677675545,1,-0.8650359511,0.01735892892,-0.4776525497,0,0.8214328885,-0.08693577349,104.8806915
0.179515034,0.2860737145,-0.002342531923,0.01558484603,1,-0.1705764234,0.01575991325,-0.3292425871,0,1.156356812,0.1722024083,98.54803467
0.179515034,0.2909172773,0.0003167923714,0.01434797514,1,-0.09101703763,0.01435147226,-0.2609530687,0,0.9118808508,-0.1821060032,88.73516083
0.179515034,0.29576087,0.001633385546,0.01520294417,1,-0.1583947986,0.01529043727,-0.04434788227,0,0.5941700339,-0.4333449006,83.86773682
0.179515034,0.3006044328,0.002427503699,0.01623211242,1,-0.09713095427,0.01641262509,-0.03176873922,0,0.3845759332,-0.421512574,81.49448395
0.179515034,0.3054480255,0.003025647718,0.0170906987,1,-0.0562877059,0.01735645533,-0.1902567595,0,0.2395856678,-0.6000720859,79.9606781
0.179515034,0.3102915883,0.003315321635,0.01821708493,1,-0.06450463831,0.01851630397,-0.09266421199,0,-0.08435061574,-1.072605133,79.68564606
0.179515034,0.315135181,0.002304655733,0.02183711901,1,0.03440985084,0.0219583977,0.006536066532,0,-0.7657893896,-1.334756017,83.9753952
0.179515034,0.3199787438,-0.0002271721751,0.02471373789,1,0.08574545383,0.02471478283,-0.3351029158,0,-1.551658869,-0.7501194477,90.52664948
0.179515034,0.3248223364,-0.004795609973,0.0238472838,1,0.1205661893,0.02432469465,-0.2360992581,0,-1.895937681,0.270858556,101.3703308
0.179515034,0.3296658993,-0.008826321922,0.02225824818,1,0.05543500185,0.02394438535,0.01083523035,0,-1.616842508,1.090126038,111.6303864
0.179515034,0.3345094621,-0.01235838514,0.01861967146,1,-0.054892838,0.02234774828,-0.01613652706,0,-1.20962882,1.591785192,123.5733109
0.179515034,0.3393530548,-0.01495113131,0.01447015442,1,-0.2419166565,0.02080677077,-0.02517127991,0,-0.4345072508,1.561555982,135.9365845
0.179515034,0.3441966176,-0.01563469693,0.0109342346,1,0.3151586652,0.01907881536,0.05902308226,0,0.3871374726,1.16296792,145.0327148
0.179515034,0.3490402102,-0.01154950541,0.009123112075,1,0.7316816449,0.01471809298,0.2715359032,0,0.9551618695,1.019378543,141.6943207
0.1843586117,0.237637952,0.00807961449,0.01118051447,1,0.7298597097,0.01379434951,-1.12373209,0,-0.4965741932,-1.49963665,54.14619446
0.1843586117,0.2424815297,0.008644582704,0.01209087577,1,0.004759699106,0.01486331411,-0.239600867,0,0.2848570645,-0.7191890478,54.43647003
0.1843586117,0.2473251075,0.009482395835,0.01350343693,1,-0.1302678883,0.01650026254,-0.007543236017,0,0.4711687863,-0.7266154289,54.92266846
0.1843586117,0.2521686852,0.01029576268,0.0155737577,1,-0.1290262789,0.01866935007,0.1215446293,0,0.3302978873,-0.7707093954,56.53143311
0.1843586117,0.257012248,0.01045726892,0.01782513224,1,-0.4046308994,0.02066615038,0.01981568336,9.685370445,0.1749000996,-0.7528335452,59.60161209
0.1843586117,0.2618558407,0.009183043614,0.01931614429,1,-1.040307522,0.02138788812,-0.0790579915,27.28822136,-0.149181813,-0.6225382686,64.57322693
0.1843586117,0.2666994035,0.004695884883,0.02045752108,1,-1.314192891,0.02098955773,-0.0674790591,33.08811188,-0.4162789285,-0.5338177681,77.07209778
0.1843586117,0.2715429962,0.0008013687911,0.0215748921,1,-1.352201939,0.02158977091,-0.07048013806,35.69408417,-0.1434444189,-0.1843394488,87.87281036
0.1843586117,0.276386559,-0.002548394492,0.02100900747,1,-1.002725124,0.02116300352,-0.06109638512,26.26184273,-0.160520792,0.247154817,96.9161911
0.1843586117,0.2812301517,-0.004832903389,0.02008185349,1,-0.2306367755,0.02065521292,-0.1000995785,0,0.3635323048,0.5679373145,103.5315018
0.1843586117,0.2860737145,-0.001904704608,0.01777331904,1,0.02865514159,0.01787508838,-0.3264980912,0,0.8397818804,0.4713943601,96.11683655
0.1843586117,0.2909172773,-0.0006265743286,0.01621721126,1,-0.05393633246,0.016229311,-0.2532954216,0,0.563836813,0.1120205969,92.21260071
0.1843586117,0.29576087,0.0005650381208,0.01600388251,1,0.1032584682,0.01601385325,-0.107923843,0,0.3398467302,-0.1745999753,87.97793579
0.1843586117,0.3006044328,0.001519640209,0.01654016227,1,0.02977203578,0.01660982519,-0.04927541316,0,0.155690372,-0.3453914523,84.75064087
0.1843586117,0.3054480255,0.001463339664,0.01743814349,1,-0.1204945594,0.01749943383,-0.08631703258,2.216666937,-0.01073120534,-0.4214620292,85.20320129
0.1843586117,0.3102915883,0.0008840379887,0.0181634631,1,-0.1215890199,0.01818496361,-0.09723308682,0,-0.2273506373,-0.6854264736,87.21354675
0.1843586117,0.315135181,-0.000226776654,0.02028710395,1,0.06464490294,0.02028837055,-0.05520945787,0,-0.6331272125,-0.6236034036,90.64044189
0.1843586117,0.3199787438,-0.00186945044,0.02091652341,1,0.2026981711,0.02099989913,-0.262280941,0,-1.014636636,-0.1199315265,95.10733795
0.1843586117,0.3248223364,-0.00415946357,0.0195976235,1,0.1624953151,0.02003416978,-0.2130204886,0,-1.153510571,0.3648955226,101.9828262
0.1843586117,0.3296658993,-0.00666950969,0.01811734214,1,0.08738398552,0.01930596866,-0.1376504898,0,-1.149843216,0.68662709,110.2100983
0.1843586117,0.3345094621,-0.009305551648,0.01560518332,1,-0.1171210706,0.0181690678,-0.05159208179,0,-0.8924614191,0.9081048965,120.8081131
0.1843586117,0.3393530548,-0.01155950129,0.0134689752,1,-0.1557005644,0.01774923503,0.07471072674,0,-0.5026538372,1.128958821,130.6372528
0.1843586117,0.3441966176,-0.0124943424,0.01049885061,1,0.2271366715,0.01631975733,0.1610651314,3.946319818,0.06009525061,1.076642394,139.9600677
0.1843586117,0.3490402102,-0.01016827114,0.009034305811,1,0.693264246,0.01360192709,0.2497953176,0,0.2672092617,0.8545302153,138.3795624
0.1892021894,0.237637952,-0.0008423308027,0.006361048203,1,2.56739378,0.006416576914,0.2250367403,0,0.1603094339,-2.276638985,97.54322052
0.1892021894,0.2424815297,0.005763590802,0.01241957862,1,1.033896565,0.01369178295,0.1657882333,17.72765541,0.7724894285,-1.568439841,65.10526276
0.1892021894,0.2473251075,0.007907040417,0.01476091705,1,-0.1234893203,0.01674532704,0.2557857037,0,0.6851908565,-0.4927539229,61.82319641
0.1892021894,0.2521686852,0.008484235965,0.01604518853,1,-0.2246316373,0.01815021597,0.1097181886,0,0.238430053,-0.5610946417,62.13139725
0.1892021894,0.257012248,0.007973873988,0.01801004633,1,-0.002152383327,0.01969630644,-0.1465807557,0,-0.3679875433,-1.048543453,66.11882782
0.1892021894,0.2618558407,0.006691434421,0.0204139147,1,-0.1751459241,0.02148262598,-0.4402636886,0,-0.9266472459,-1.177347779,71.85147858
0.1892021894,0.2666994035,0.002637253376,0.02158017084,1,-0.304733336,0.02174071968,-0.2463095188,0,-1.05331707,-0.8891807795,83.03258514
0.1892021894,0.2715429962,0.0001136120845,0.02352771163,1,-0.1481617987,0.0235279873,-0.1999589652,0,-0.6502979994,-0.1950915903,89.72332764
0.1892021894,0.276386559,-0.001230148831,0.02155659534,1,-0.1117787063,0.02159166709,-0.1592248976,0,-0.3642125726,0.640401423,93.26609802
0.1892021894,0.2812301517,-0.002191888634,0.01965465955,1,0.03816862777,0.01977650262,0.3238275051,0,-0.1229338497,0.7456219196,96.36333466
0.1892021894,0.2860737145,-0.001640715753,0.01951360144,1,0.2065830529,0.01958245598,0.1380521655,0,0.1700829566,0.6158930063,94.80615997
0.1892021894,0.2909172773,-0.0003674831823,0.01734020747,1,0.4211384654,0.0173441004,-0.01989352703,11.15851116,-0.02769471705,0.633491993,91.21405792
0.1892021894,0.29576087,0.0002649594971,0.01634887792,1,0.1888623834,0.01635102369,0.03019220009,4.95303154,-0.006479166448,0.1330500245,89.07151031
0.1892021894,0.3006044328,0.0005159041611,0.01684200764,1,-0.06102643907,0.01684990712,-0.1183652431,0,0.1232161522,-0.3812841177,88.24546051
0.1892021894,0.3054480255,0.0005661802134,0.01762234606,1,-0.1349107474,0.01763143763,-0.08366928995,2.115098238,-0.06978402287,-0.2618046701,88.1598053
0.1892021894,0.3102915883,-0.0004755508562,0.01770482026,1,-0.01838365197,0.01771120541,0.1498410553,0,-0.3015053868,-0.02256439626,91.53858948
0.1892021894,0.315135181,-0.0009832272772,0.01845740527,1,-0.0282176137,0.01848357543,0.2841203511,0,-0.3027148545,0.05440125614,93.049263
0.1892021894,0.3199787438,-0.002078447957,0.01881748252,1,-0.5066809654,0.01893191971,-0.08430320024,12.83441257,-0.1285445094,0.1189139485,96.30294037
0.1892021894,0.3248223364,-0.004059991334,0.0174731072,1,-0.7425308228,0.01793858968,-0.3853124082,16.65555,-0.1016516089,0.1415379345,103.0809402
0.1892021894,0.3296658993,-0.006167311221,0.0162656419,1,-0.6485921144,0.01739559881,-0.3706051111,13.02276134,-0.208175391,0.1680184603,110.7648163
0.1892021894,0.3345094621,-0.008209798485,0.01486425009,1,-0.4473674297,0.0169807747,-0.3761384785,4.774933338,-0.1624612957,0.3415092528,118.9126663
0.1892021894,0.3393530548,-0.009121064097,0.0127896592,1,0.004101708531,0.01570888981,-0.2434154749,0,-0.2993309498,0.7350128293,125.4949188
0.1892021894,0.3441966176,-0.009639764205,0.01012515649,1,0.3283717632,0.01398012321,-0.1737041473,1.263907671,0.2745802999,1.009342313,133.5932007
0.1892021894,0.3490402102,-0.006200619042,0.007059481461,1,0.7449088693,0.009395954199,-0.2048655748,0,0.6751714349,1.061002612,131.2941132
0.1940457672,0.237637952,-0.001857480034,-0.0004783862096,1,2.177655697,0.001918094233,2.124042988,0,-0.646469295,-2.54321599,-165.5575714
0.1940457672,0.2424815297,0.001850730274,0.01082472969,1,1.381396174,0.0109818019,1.039831281,0,0.722854495,-2.655521393,80.29781342
0.1940457672,0.2473251075,0.008334621787,0.01742034219,1,0.09702593088,0.0193115063,0.8100485206,0,1.195150137,-0.6334925294,64.43159485
0.1940457672,0.2521686852,0.008109485731,0.01781663299,1,-0.7441734672,0.01957539655,-0.2185020745,0,-0.01271229982,0.06376099586,65.52669525
0.1940457672,0.257012248,0.004668592475,0.01605318114,1,-0.2939706147,0.01671826467,-0.9033619165,0,-1.101995349,-0.4614481032,73.78449249
0.1940457672,0.2618558407,0.001348016318,0.01567618921,1,0.413218081,0.01573404111,-1.022830606,0,-1.543073654,-1.183562398,85.08515167
0.1940457672,0.2666994035,-0.0008039505919,0.0168316979,1,0.7264093161,0.01685088687,-0.3526155055,0,-1.234320164,-1.068319201,92.73459625
0.1940457672,0.2715429962,-0.00111208926,0.01914275624,1,0.9658235312,0.01917503215,0.05194750428,0,-0.8448030949,-0.5580615401,93.3248291
0.1940457672,0.276386559,-0.0002177786955,0.01978632435,1,0.5161153078,0.0197875239,0.2254041582,0,-0.2148613036,0.1926216036,90.63059998
0.1940457672,0.2812301517,0.0003470578813,0.01930154115,1,0.2757365704,0.01930466108,0.2981366813,0,0.1299276352,0.7502397299,88.96988678
0.1940457672,0.2860737145,0.001747087459,0.01759652793,1,0.6020892859,0.01768304594,0.1566303372,0,-0.1895046383,1.242254257,84.32991791
0.1940457672,0.2909172773,0.00234543765,0.01404325292,1,0.6402845979,0.01423776802,0.2980280817,0,-0.7210870385,0.8221855164,80.51824188
0.1940457672,0.29576087,0.001355714514,0.01505773049,1,-0.06850236654,0.01511863805,0.5750720501,0,-0.6016402841,-0.1246797889,84.85527802
0.1940457672,0.3006044328,-0.0009004504536,0.01743255556,1,-0.2835507989,0.01745579578,-0.01412695646,0,-0.03970298171,-0.5707112551,92.95689392
0.1940457672,0.3054480255,-0.0002099903504,0.0177535899,1,0.2207536697,0.01775483042,-0.2263570428,0,0.27494663,-0.09413769841,90.67766571
0.1940457672,0.3102915883,0.001500512357,0.0167921409,1,0.3559587896,0.01685904898,0.5322606564,0,-0.02090288699,0.2836912274,84.89372253
0.1940457672,0.315135181,0.001412878977,0.01895755529,1,-0.4338345826,0.01901013218,1.109523654,0,-0.2273136675,-0.1201284826,85.73770905
0.1940457672,0.3199787438,-0.00170181063,0.0227480568,1,-1.508619547,0.02281162515,0.4642736912,0,0.1143850088,-0.3087533712,94.27839661
0.1940457672,0.3248223364,-0.005340204109,0.02270177193,1,-1.693610907,0.0233214125,-0.5221292973,0,0.4653983116,-0.006493508816,103.2371979
0.1940457672,0.3296658993,-0.007650753949,0.02025053464,1,-1.249373436,0.02164759114,-0.8963959217,0,0.3960600793,0.2838558853,110.6968155
0.1940457672,0.3345094621,-0.009473280981,0.01698514819,1,-0.5955776572,0.01944835111,-1.112630367,0,0.280179143,0.5909158587,119.1501083
0.1940457672,0.3393530548,-0.009178411216,0.01199927554,1,0.2691382766,0.01510714553,-0.7083126307,0,-0.05722527951,0.6846330166,127.4128723
0.1940457672,0.3441966176,-0.008446863852,0.01023830753,1,0.3025247455,0.01327299699,-0.0946560204,0,0.3492468596,0.587225914,129.5235138
0.1940457672,0.3490402102,-0.006021504756,0.00869652722,1,0.1627528369,0.0105777178,-0.2813336253,0,0.8387182951,0.3552930951,124.6988602
