PIVlab, ASCII chart output - 13-Mar-2024
FRAME: 75, filenames: A:[75]2 vortices tapados mismo sentido clase 4.mp4 & B:[76]2 vortices tapados mismo sentido clase 4.mp4, conversion factor xy (px -> m): 0.00030272, conversion factor uv (px/frame -> m/s): 0.0090842
x [m],y [m],u [m/s],v [m/s],Vector type [-],vorticity [1/s],magnitude [m/s],divergence [1/s],dcev [1],simple shear [1/s],simple strain [1/s],vector direction [degrees]
0.1262357086,0.237637952,0.004849729594,-0.007851992734,1,0.4831693172,0.009228957817,0.5583129525,0,0.3843394518,0.8863858581,-58.29873276
0.1262357086,0.2424815297,0.006950652692,-0.008646516129,1,0.3088963032,0.01109386329,0.3027588129,0,0.452426374,0.5118510723,-51.20533752
0.1262357086,0.2473251075,0.008537255228,-0.00886474736,1,0.2413613647,0.01230725273,-0.01935880631,0,0.196694985,0.1636729836,-46.07813644
0.1262357086,0.2521686852,0.009072412737,-0.009533044882,1,-0.02407155186,0.01316007599,-0.1798415184,0,0.1000362635,0.01214139909,-46.41823196
0.1262357086,0.257012248,0.008905195631,-0.00979463011,1,-0.2668450773,0.01323772222,-0.04390802979,0,0.1153127551,-0.05261176825,-47.72315216
0.1262357086,0.2618558407,0.008338454179,-0.009490887634,1,-0.3207541704,0.0126335565,0.04434060305,0,-0.003750935197,0.01446799748,-48.69827652
0.1262357086,0.2666994035,0.007333429996,-0.009649939835,1,-0.2897900939,0.01212025341,0.1164346561,0,-0.05856050551,0.1038966551,-52.76713943
0.1262357086,0.2715429962,0.006651191041,-0.009430158883,1,-0.1165700182,0.0115397675,0.181546241,0,-0.1166111603,0.06153397635,-54.80427933
0.1262357086,0.276386559,0.006203998812,-0.009068651125,1,-0.02879589796,0.01098772231,0.1225304753,0,-0.206215784,0.2073422521,-55.6233902
0.1262357086,0.2812301517,0.005512893666,-0.009840951301,1,-0.04150585458,0.01127990801,0.07559211552,0,-0.144791618,0.3997244835,-60.74248505
0.1262357086,0.2860737145,0.005301652476,-0.01063861139,1,-0.0003076940775,0.01188644487,0.08955915272,0,-0.1232929826,0.375012219,-63.51105881
0.1262357086,0.2909172773,0.00491422601,-0.01122356113,1,-0.1318962425,0.01225226279,0.1782413423,0,-0.0538030602,0.3852656186,-66.35383606
0.1262357086,0.29576087,0.004402203485,-0.01164134964,1,-0.03435706347,0.01244589966,0.3025047481,0,0.06584798545,0.4003576934,-69.28577423
0.1262357086,0.3006044328,0.005066754762,-0.01169751957,1,0.1090252697,0.01274770498,0.0405394882,0,-0.06108796597,0.3129003048,-66.58026123
0.1262357086,0.3054480255,0.004634391516,-0.01296055038,1,0.06178490818,0.01376420911,-0.167203635,0,-0.4318937063,0.2704665363,-70.32413483
0.1262357086,0.3102915883,0.003274104092,-0.01381740905,1,0.07140418887,0.01420001965,-0.07001055777,0,-0.7151237726,0.3750129938,-76.66934204
0.1262357086,0.315135181,0.001516485703,-0.01511605643,1,-0.1211090684,0.015191935,0.005836427212,0,-0.5944351554,0.6588643193,-84.27109528
0.1262357086,0.3199787438,-0.0001916899928,-0.01698040031,1,-0.5740334988,0.01698148251,-0.1050758362,0,-0.05500462651,0.8496310711,-90.64677429
0.1262357086,0.3248223364,-0.001530309091,-0.01974025369,1,-1.098137975,0.01979948208,-0.5059403181,0,0.4179612696,0.4315264523,-94.43282318
0.1262357086,0.3296658993,-0.003486178583,-0.02152109332,1,-1.457919002,0.02180162631,-0.7335737348,0,0.545369029,-0.4754567742,-99.20134735
0.1262357086,0.3345094621,-0.005950302351,-0.02099045925,1,-1.600329638,0.02181755006,-0.3661946058,0,0.6893069744,-1.463148236,-105.8267899
0.1262357086,0.3393530548,-0.007898787968,-0.01620791294,1,-0.7600498199,0.0180301778,-0.06072252989,0,-0.03518241644,-1.970863342,-115.9818878
0.1262357086,0.3441966176,-0.009802071378,-0.0117385434,1,-0.2923828363,0.01529293973,1.764623761,0,-0.7733032703,-2.362926483,-129.8630066
0.1262357086,0.3490402102,-0.01306052133,0.003784197383,1,2.939302206,0.01359769702,3.572288275,0,-4.284770489,-2.837309599,163.8414154
0.1310792714,0.237637952,0.008348474279,-0.008091337048,1,0.1283425093,0.01162612438,0.3882791698,0,0.1090793088,0.473992914,-44.10390091
0.1310792714,0.2424815297,0.008923459798,-0.008298917674,1,0.01314630359,0.01218606438,0.1386451423,0,0.0979860872,0.3206557631,-42.92316818
0.1310792714,0.2473251075,0.00888675265,-0.008972919546,1,-0.04370658845,0.01262884215,-0.02894311398,1.20791316,-0.009390538558,0.1637997925,-45.27643204
0.1310792714,0.2521686852,0.008666279726,-0.009232482873,1,-0.04715036973,0.01266266778,-0.01633112505,1.699727535,0.002698268741,-0.03775998205,-46.81186676
0.1310792714,0.257012248,0.008671445772,-0.00886912737,1,-0.09621072561,0.01240384579,0.02993765473,2.723430395,0.05793241411,-0.07521348447,-45.64569092
0.1310792714,0.2618558407,0.008480875753,-0.008723175153,1,-0.146158576,0.01216630731,-0.02287621051,5.504495621,-0.01992145181,0.02271508053,-45.8068924
0.1310792714,0.2666994035,0.00786702428,-0.009089952335,1,-0.1760074049,0.01202153508,-0.0302462317,5.918216228,-0.08020766079,0.115737468,-49.12499619
0.1310792714,0.2715429962,0.007239878178,-0.009430258535,1,-0.0746114403,0.01188888587,0.04621624202,0,-0.1037991941,0.1305280924,-52.48552322
0.1310792714,0.276386559,0.007002878468,-0.009498323314,1,-0.0005044043064,0.01180078182,0.06069050729,0,-0.1183894575,0.1971244365,-53.59957123
0.1310792714,0.2812301517,0.006664006505,-0.01009108685,1,-0.06856510043,0.01209293213,0.01731780171,1.661638379,-0.05038327724,0.3142329454,-56.55981064
0.1310792714,0.2860737145,0.006426742766,-0.01093645487,1,-0.04602174833,0.01268499345,0.06495464593,0,-0.03348373249,0.2597182393,-59.55962372
0.1310792714,0.2909172773,0.006278916728,-0.01103443652,1,-0.06941698492,0.01269580983,0.1750028729,0,0.002862863243,0.2704323232,-60.35886002
0.1310792714,0.29576087,0.006104382686,-0.01139867492,1,-0.1137686223,0.01293032337,0.1866233349,0,0.04022626951,0.4085791111,-61.82941818
0.1310792714,0.3006044328,0.00592270866,-0.01210949663,1,-0.1178583801,0.01348029636,-0.06612111628,0,-0.1340031922,0.5031806231,-63.93692398
0.1310792714,0.3054480255,0.004884471651,-0.01415613201,1,-0.1399244815,0.01497511752,-0.2250605375,0,-0.2544029057,0.5208160281,-70.96337128
0.1310792714,0.3102915883,0.004012753256,-0.01572220773,1,-0.03955028951,0.01622621343,-0.01226118207,0,-0.323451221,0.4225861132,-75.68216705
0.1310792714,0.315135181,0.003126245691,-0.01626234874,1,-0.07245780528,0.01656011492,0.3489218652,0,-0.4233106971,0.3491734266,-79.11830902
0.1310792714,0.3199787438,0.00161146,-0.01572342589,1,-0.4249121845,0.01580578648,0.34947896,0,-0.5736820698,0.3094762564,-84.14831543
0.1310792714,0.3248223364,-0.001710523153,-0.01606859267,1,-1.054064035,0.01615937985,-0.1086910367,33.02313232,-0.602902472,0.0866484046,-96.07632446
0.1310792714,0.3296658993,-0.006414186209,-0.01666956767,1,-1.111843586,0.01786102727,-0.2654461265,32.34453201,-0.678170979,-0.3940979242,-111.0459366
0.1310792714,0.3345094621,-0.01038057078,-0.01544545963,1,-0.9798845053,0.01860963367,-0.2824649215,33.63228226,-0.3424145877,-0.7402102351,-123.9042206
0.1310792714,0.3393530548,-0.01281884499,-0.01445244253,1,-0.07125043869,0.01931827888,-0.3868355155,0,-0.1084635705,-0.9117020965,-131.571991
0.1310792714,0.3441966176,-0.01125102956,-0.01290322747,1,0.4572821259,0.01711954921,-0.6144237518,0,-0.1396901608,-0.7675162554,-131.0869598
0.1310792714,0.3490402102,-0.01128056366,-0.01371092722,1,1.625838995,0.01775501668,-0.5381143093,0,-1.638034105,-0.2046016753,-129.4455872
0.1359228492,0.237637952,0.009026205167,-0.007945295423,1,-0.05978827924,0.01202497911,0.05813591927,0,0.1213559136,0.1780031919,-41.35577011
0.1359228492,0.2424815297,0.00917530898,-0.00823558867,1,-0.03205113485,0.01232928317,-0.007065616548,0,0.06595949829,0.1484474838,-41.91056824
0.1359228492,0.2473251075,0.009190442972,-0.008698535152,1,-0.1320141852,0.01265419926,0.006137959659,4.584105015,0.05667930096,0.22416085,-43.42488861
0.1359228492,0.2521686852,0.008810418658,-0.009291599505,1,-0.09355059266,0.01280458085,0.06981821358,2.362122774,-0.01061720029,0.1419740468,-46.52265549
0.1359228492,0.257012248,0.008685898967,-0.009048026986,1,-0.0003999434412,0.01254239306,0.1161973327,0,-0.09720247984,0.03110520914,-46.16981888
0.1359228492,0.2618558407,0.008337673731,-0.008879449219,1,-0.0326410979,0.01218037121,0.01013930328,0,-0.1610971391,0.03860999644,-46.80234528
0.1359228492,0.2666994035,0.007747512776,-0.009185926989,1,-0.05654807389,0.01201687194,-0.08708235621,0,-0.1148973256,0.05580428243,-49.85534668
0.1359228492,0.2715429962,0.007507264614,-0.009571531788,1,-0.01580992714,0.0121644251,-0.01830341108,0,-0.04504781216,0.07536881417,-51.89175415
0.1359228492,0.276386559,0.007452743594,-0.009639635682,1,-0.03666527569,0.01218466181,0.02721990831,0,-0.04354023933,0.06466218829,-52.29112244
0.1359228492,0.2812301517,0.00711878296,-0.00975288637,1,-0.1365584135,0.01207459532,-0.03690509871,5.018702507,0.01711877435,0.1568043977,-53.87371445
0.1359228492,0.2860737145,0.006874228362,-0.01057788264,1,-0.1234182715,0.01261533238,-0.06502749026,0,0.1137022376,0.1663274616,-56.98144531
0.1359228492,0.2909172773,0.007071722765,-0.01087346859,1,-0.06376376748,0.01297079772,0.05893623456,0,0.1485936046,0.1245038658,-56.96143723
0.1359228492,0.29576087,0.007285108324,-0.01089546457,1,-0.1231303215,0.01310663763,0.1003471315,0,0.1462455392,0.2866246104,-56.2318573
0.1359228492,0.3006044328,0.007183683105,-0.01177571807,1,-0.2465711832,0.01379394252,-0.05151534081,9.28140831,-0.004938043654,0.4893183708,-58.61505127
0.1359228492,0.3054480255,0.006066903938,-0.01351503469,1,-0.3539384007,0.01481430046,0.01896423101,13.50621986,-0.04290489852,0.7243900895,-65.82467651
0.1359228492,0.3102915883,0.00526154181,-0.01519250311,1,-0.241879195,0.01607780904,0.09734648466,8.524730682,0.0004988238215,0.7787441015,-70.89775848
0.1359228492,0.315135181,0.004897759296,-0.016815437,1,-0.2796762586,0.01751419343,0.1507011354,5.505537987,-0.1872380972,0.6685981154,-73.7609787
0.1359228492,0.3199787438,0.003000005847,-0.01770097762,1,-0.4952143431,0.01795340329,0.2288815081,0,-0.8539605141,0.381575197,-80.38077545
0.1359228492,0.3248223364,-0.001637074165,-0.01755502075,1,-0.6350802183,0.01763118804,-0.02248291671,0,-1.363593578,0.3325423002,-95.32764435
0.1359228492,0.3296658993,-0.006680726539,-0.01942056976,1,-0.4650629163,0.02053754218,0.02222701162,0,-1.448121071,0.09403531253,-108.9833527
0.1359228492,0.3345094621,-0.01090370119,-0.01790282875,1,-0.2199979424,0.02096191794,0.2626323104,0,-1.330017328,-0.3634364009,-121.3434601
0.1359228492,0.3393530548,-0.01418834645,-0.01638815738,1,-0.1019081771,0.02167673595,0.06348034739,0,-1.052588344,-0.6122201681,-130.8849792
0.1359228492,0.3441966176,-0.01649559475,-0.0146300206,1,0.08246999979,0.02204863168,-0.5380288363,0,-0.5923352838,-1.438923955,-138.4300385
0.1359228492,0.3490402102,-0.01665791869,-0.01202460192,1,-0.2843893468,0.02054451965,-0.3040875793,0,0.2173630893,-1.379908323,-144.176178
0.1407664269,0.237637952,0.009492232464,-0.007213951088,1,-0.1047802344,0.01192239765,-0.1211543083,0,0.1526875347,0.1308265626,-37.23427963
0.1407664269,0.2424815297,0.009608253837,-0.007824195549,1,-0.04715178907,0.01239098795,0.01431716233,0,0.1524438709,0.18877846,-39.15662384
0.1407664269,0.2473251075,0.01000222284,-0.008058968,1,-0.0803489536,0.01284489874,0.03932441026,0,0.09766222537,0.2471445501,-38.85900879
0.1407664269,0.2521686852,0.009692111984,-0.008830788545,1,-0.1420590729,0.01311182138,0.03439848125,5.276537895,0.01461057365,0.2984660864,-42.33763885
0.1407664269,0.257012248,0.009384917095,-0.009337997995,1,-0.09328112751,0.01323914155,0.1142558828,0,-0.1080401465,0.2204941809,-44.85641861
0.1407664269,0.2618558407,0.008716996759,-0.009345361963,1,-0.1179799139,0.01277974248,0.09623800218,0,-0.2266807258,0.103376016,-46.99243927
0.1407664269,0.2666994035,0.007715526503,-0.009372571483,1,-0.1155977026,0.0121397879,0.03376853094,0,-0.1323012412,0.08053407073,-50.53869247
0.1407664269,0.2715429962,0.007516278885,-0.009571874514,1,-0.01974762604,0.01217025984,-0.004283995368,0,-0.03550284728,0.0285535641,-51.85935593
0.1407664269,0.276386559,0.007447916549,-0.009531622753,1,-0.04608516395,0.01209641621,-0.0056933593,1.718270421,-0.009974807501,-0.05217452347,-51.99628067
0.1407664269,0.2812301517,0.007244748063,-0.009346739389,1,-0.1301458925,0.01182573102,-0.05371420458,4.494344234,0.02061538398,-0.0007945485413,-52.22039032
0.1407664269,0.2860737145,0.006917397026,-0.009787943214,1,-0.1889469326,0.01198558323,-0.08084520698,0,0.1729824543,0.05523804203,-54.75014877
0.1407664269,0.2909172773,0.007167423144,-0.01000586711,1,-0.117425561,0.01230810024,0.004377875477,0,0.3365432024,0.06755201519,-54.38514328
0.1407664269,0.29576087,0.007978710346,-0.01009393204,1,-0.1239605397,0.01286651753,0.07514765114,0,0.3047811389,0.2678276598,-51.67552948
0.1407664269,0.3006044328,0.008043241687,-0.01093912777,1,-0.2186228037,0.01357785892,-0.0641233325,0,0.3231438398,0.4635207653,-53.67397308
0.1407664269,0.3054480255,0.008484966122,-0.01264961716,1,-0.355674535,0.01523179188,0.06826499104,0,0.3996346891,0.8133966923,-56.14753342
0.1407664269,0.3102915883,0.008256166242,-0.01454823092,1,-0.5016678572,0.01672768034,0.2352088094,14.9251442,0.2146112621,0.8886514306,-60.42495728
0.1407664269,0.315135181,0.007094585337,-0.01581461728,1,-0.6302731633,0.01733306795,0.08927699924,23.48399162,-0.1311292052,0.6906527281,-65.83855438
0.1407664269,0.3199787438,0.004568254575,-0.01746104099,1,-0.8816093206,0.0180487372,-0.1132272482,23.48961449,-0.6262248158,0.6677217484,-75.33857727
0.1407664269,0.3248223364,-0.0002087264438,-0.0195972044,1,-0.6602349281,0.0195983164,-0.01190128922,0,-1.490925908,0.8077502251,-90.61022186
0.1407664269,0.3296658993,-0.005851060618,-0.02143108658,1,-0.7135962248,0.02221545391,0.1441147327,0,-1.487282991,0.3969700933,-105.2705917
0.1407664269,0.3345094621,-0.01086882316,-0.02082192525,1,-0.6006715298,0.02348795161,0.2163686156,0,-1.38662982,-0.2737547457,-117.5640869
0.1407664269,0.3393530548,-0.01547670923,-0.01905713603,1,-0.7991976738,0.02455000952,0.1608781815,0,-1.256664991,-0.799202621,-129.0807953
0.1407664269,0.3441966176,-0.02082655393,-0.01617169939,1,-0.4233339727,0.02636795864,0.0274527669,5.833874702,-0.3943301141,-1.578072309,-142.1708679
0.1407664269,0.3490402102,-0.01943712868,-0.01128065027,1,-0.5367211103,0.02247343026,0.2377039194,0,1.110437989,-1.781891704,-149.870575
0.1456100047,0.237637952,0.009073053487,-0.006698230281,1,0.1088775247,0.01127770357,-0.09694261104,0,0.3395368457,0.1386688799,-36.43679428
0.1456100047,0.2424815297,0.01015901845,-0.0072688316,1,0.05862887949,0.01249166019,0.001573614776,0,0.2520761788,0.2365432978,-35.58391953
0.1456100047,0.2473251075,0.01057797763,-0.007836324163,1,0.00865759328,0.01316440571,-0.04038958997,0,0.04577645659,0.220559299,-36.53160095
0.1456100047,0.2521686852,0.01042267401,-0.008532757871,1,-0.02787274309,0.01346996985,0.001174926758,0,-0.02801387571,0.2661012411,-39.30624771
0.1456100047,0.257012248,0.01030728687,-0.009119513445,1,-0.1471139193,0.01376247406,0.04497215897,4.322885036,-0.08373904228,0.2252505124,-41.50123596
0.1456100047,0.2618558407,0.009304519743,-0.009405950084,1,-0.2388342023,0.01323049422,0.08279177547,5.367760181,-0.1753514707,0.1132069975,-45.31060028
0.1456100047,0.2666994035,0.008301146328,-0.009266831912,1,-0.1743675619,0.01244118996,0.07645773888,0,-0.1724222749,0.1263987869,-48.14629745
0.1456100047,0.2715429962,0.007624816149,-0.009647843428,1,-0.1343518198,0.01229710132,0.007770415395,3.497520447,-0.0986763984,0.04862873629,-51.68022537
0.1456100047,0.276386559,0.007172456011,-0.009464732371,1,-0.08863319457,0.01187540684,0.03784765303,1.478190184,-0.07035064697,-0.09122656286,-52.844841
0.1456100047,0.2812301517,0.006854765583,-0.009022662416,1,-0.09402909875,0.01133120712,0.002413116395,3.609252214,0.006850164384,-0.1296964288,-52.77506256
0.1456100047,0.2860737145,0.006750198081,-0.008824849501,1,-0.08542212844,0.01111049671,-0.01994859427,0,0.2021451294,-0.09180207551,-52.58733368
0.1456100047,0.2909172773,0.007420120761,-0.008674635552,1,0.009098976851,0.01141523104,0.04611539841,0,0.4443133473,0.04487077147,-49.45693588
0.1456100047,0.29576087,0.008946335874,-0.00881882105,1,-0.07208938897,0.01256218646,0.007151082158,0,0.4226721525,0.1056306884,-44.58874893
0.1456100047,0.3006044328,0.009118195623,-0.009151629172,1,-0.2015654594,0.01291873865,0.001370564103,0,0.48874259,0.2156367004,-45.10484695
0.1456100047,0.3054480255,0.0103373006,-0.009856635705,1,-0.3641776443,0.01428331342,-0.03145496547,0,0.6917971969,0.4994584322,-43.63647461
0.1456100047,0.3102915883,0.01070504636,-0.01172314957,1,-0.7592328787,0.01587546058,-0.0001981556416,24.44875336,0.4161206186,0.9373646975,-47.59909058
0.1456100047,0.315135181,0.008675409481,-0.01439779438,1,-0.8610650897,0.01680949889,-0.01836234331,32.44923401,-0.1752150655,0.9604291916,-58.92887878
0.1456100047,0.3199787438,0.005685742944,-0.01646400243,1,-0.8719456196,0.01741812378,-0.4235130847,23.35868454,-0.461310029,1.059015632,-70.9479599
0.1456100047,0.3248223364,0.002217681846,-0.0215785373,1,-0.8291646242,0.02169219591,-0.1124991179,0,-1.182918906,1.271597266,-84.132164
0.1456100047,0.3296658993,-0.004059940111,-0.02316798083,1,-1.033751488,0.02352102101,0.2300832421,0,-1.732670188,0.257158637,-99.93954468
0.1456100047,0.3345094621,-0.01118165534,-0.02170967869,1,-1.325893164,0.02442006581,-0.06409785151,0,-1.403531432,-1.006385803,-117.2509079
0.1456100047,0.3393530548,-0.0172801204,-0.01860393584,1,-1.818028092,0.02539112046,0.1391966939,62.047966,-0.8297017813,-1.35146594,-132.8872375
0.1456100047,0.3441966176,-0.02400614135,-0.01448953804,1,-1.282212615,0.02803999931,0.9816723466,31.33773041,-0.1335160732,-2.02384901,-148.8858185
0.1456100047,0.3490402102,-0.02413731255,-0.004046459217,1,-1.021726012,0.02447414212,1.603557825,0,0.9675632715,-2.708563089,-170.4832458
0.1504535824,0.237637952,0.009694336914,-0.006096734665,1,0.1476825774,0.01145208906,0.03618226945,0,0.2930060029,0.3625871539,-32.1656456
0.1504535824,0.2424815297,0.01076159161,-0.006887218449,1,0.102960445,0.01277676132,-0.02205874026,0,0.1407750696,0.3459430337,-32.61848831
0.1504535824,0.2473251075,0.01087488886,-0.007879179902,1,0.0452124998,0.01342924684,-0.06939798594,0,0.001260008663,0.332010597,-35.92444611
0.1504535824,0.2521686852,0.01098668482,-0.008831472136,1,-0.01916937158,0.01409617439,0.05916453153,0,-0.01822604612,0.2969760895,-38.79351044
0.1504535824,0.257012248,0.01069376152,-0.009031036869,1,-0.1708123088,0.0139970053,0.114467673,2.910093784,-0.1017863378,0.1570820808,-40.18157959
0.1504535824,0.2618558407,0.009666332044,-0.009037878364,1,-0.2032566667,0.01323333755,0.03623284027,0,-0.2087700963,0.104800418,-43.0756073
0.1504535824,0.2666994035,0.008698077872,-0.009363149293,1,-0.1949819028,0.01277987193,0.04460249469,0,-0.1925166845,0.1191753596,-47.10886002
0.1504535824,0.2715429962,0.00778945256,-0.009399077855,1,-0.233296454,0.01220730226,-0.003956975415,8.460945129,-0.07818946242,0.01254332997,-50.3498764
0.1504535824,0.276386559,0.007189371623,-0.009443069808,1,-0.1833073348,0.01186838839,-0.0210490264,6.665362358,-0.05643510818,-0.1327340305,-52.71659088
0.1504535824,0.2812301517,0.00662824139,-0.008858122863,1,-0.1545384228,0.01106345002,0.02071113884,5.873477459,-0.0133638382,-0.1956539154,-53.1937027
0.1504535824,0.2860737145,0.006376123987,-0.008395088837,1,-0.05220041424,0.01054193918,0.04459904879,0,0.2545061111,-0.1536538601,-52.78310013
0.1504535824,0.2909172773,0.007608121727,-0.007897872478,1,-0.04308083653,0.01096630748,0.02162124962,0,0.4867309034,-0.1223988906,-46.07052231
0.1504535824,0.29576087,0.008524977602,-0.007697516121,1,-0.1818229854,0.0114859473,-0.05859508365,0,0.4886646569,-0.1210087463,-42.08003998
0.1504535824,0.3006044328,0.009094333276,-0.007595567033,1,-0.1058954448,0.01184903085,0.01996245049,0,0.5656381845,-0.0136068305,-39.86855698
0.1504535824,0.3054480255,0.01075177733,-0.007534920704,1,0.01445603371,0.01312919427,0.01147285104,0,0.7496634722,0.2715590894,-35.02304077
0.1504535824,0.3102915883,0.01279540546,-0.008855314925,1,-0.4323618412,0.01556081604,-0.08717772365,0,0.6193686724,0.9363896847,-34.6859436
0.1504535824,0.315135181,0.01165755931,-0.01249264926,1,-1.268809795,0.01708698273,-0.1796232462,47.70332336,0.2057433724,1.186470389,-46.98043823
0.1504535824,0.3199787438,0.007646360435,-0.01547209546,1,-1.597866893,0.01725840569,-0.4637755454,57.66956329,0.307064116,1.356777787,-63.70126724
0.1504535824,0.3248223364,0.005405455362,-0.0213106405,1,-2.657540798,0.02198550291,-0.557240963,99.08467865,0.3581191301,1.371964693,-75.76707458
0.1504535824,0.3296658993,-0.003491066629,-0.02481635287,1,-3.848050594,0.02506070398,0.1568841636,146.316452,-0.5824171305,0.1336228549,-98.00759125
0.1504535824,0.3345094621,-0.01605379395,-0.02119797282,1,-3.397144794,0.0265909452,0.02819597721,130.307312,-0.2896677256,-2.149172306,-127.1376343
0.1504535824,0.3393530548,-0.02134842984,-0.01427010074,1,-2.419473648,0.02567861415,0.1573735476,91.71827698,0.391917944,-2.029042244,-146.2397308
0.1504535824,0.3441966176,-0.02587441728,-0.01060789824,1,-1.484605312,0.02796449512,0.8579879999,35.8792305,0.7742052674,-1.74849999,-157.7075348
0.1504535824,0.3490402102,-0.02478930727,-0.001645373413,1,-0.07752710581,0.0248438511,1.463872552,0,0.5255870819,-2.236903191,-176.2025909
0.1552971601,0.237637952,0.01100452431,-0.005994345061,1,0.1171698421,0.01253123023,-0.01668691635,0,0.1814742833,0.4339421391,-28.57785416
0.1552971601,0.2424815297,0.01172777731,-0.007085673511,1,0.01559145004,0.01370209921,-0.005416035652,0,0.1589567661,0.4188295305,-31.13947868
0.1552971601,0.2473251075,0.01184996217,-0.008049211465,1,-0.07052138448,0.01432520151,0.01220457256,0,0.1572117358,0.3100247979,-34.1867218
0.1552971601,0.2521686852,0.01214766875,-0.008528188802,1,-0.1082687005,0.0148423668,0.08940494061,0,0.06131926924,0.2413526177,-35.07051468
0.1552971601,0.257012248,0.01162255928,-0.008785180748,1,-0.3633693755,0.01456925832,-0.03579049557,13.55350018,-0.08259093761,0.1509446204,-37.08465576
0.1552971601,0.2618558407,0.009987625293,-0.009432654828,1,-0.4646786451,0.01373781729,-0.1273155361,17.06337929,-0.05727891624,-0.03033955768,-43.3631134
0.1552971601,0.2666994035,0.009094417095,-0.009254891425,1,-0.3967749774,0.01297541708,0.04883774742,14.82329845,-0.08246177435,-0.06184163317,-45.50106812
0.1552971601,0.2715429962,0.007666404825,-0.008896570653,1,-0.4711453319,0.01174405124,0.01289861649,17.87220764,-0.07944381237,-0.07065007091,-49.24767303
0.1552971601,0.276386559,0.006427595858,-0.008850216866,1,-0.4148519337,0.01093802229,-0.1543663293,14.56073856,0.07233896852,-0.2695081234,-54.01044083
0.1552971601,0.2812301517,0.006007416639,-0.008338872343,1,-0.2409632355,0.01027744357,-0.1076282263,3.237665892,0.1985125393,-0.4195720553,-54.23060226
0.1552971601,0.2860737145,0.00622198265,-0.007339292672,1,-0.1695869565,0.009621760808,0.03442230821,0,0.3604753017,-0.4260695279,-49.70994568
0.1552971601,0.2909172773,0.006931996439,-0.006108451169,1,-0.1656439304,0.009239358827,0.006494000554,0,0.5485072136,-0.3585317731,-41.38639069
0.1552971601,0.29576087,0.008076410741,-0.00557126198,1,-0.2427916676,0.00981159322,-0.03434181213,0,0.7005077004,-0.07758411765,-34.59865189
0.1552971601,0.3006044328,0.00914897956,-0.005899003707,1,-0.1164887249,0.01088586543,0.06594906747,0,0.8663016558,0.2154954225,-32.81277847
0.1552971601,0.3054480255,0.01170818787,-0.006295601372,1,0.1377586424,0.01329346653,0.08395914733,0,1.032717347,0.2346757203,-28.26733208
0.1552971601,0.3102915883,0.01481827069,-0.006629011128,1,-0.4323109388,0.01623345166,-0.03392692655,0,0.813013792,0.1642901897,-24.10154152
0.1552971601,0.315135181,0.01355215162,-0.007255681325,1,-1.714082479,0.01537223905,0.08848306537,59.76166534,0.7215927243,0.2140741348,-28.16413307
0.1552971601,0.3199787438,0.01001106855,-0.007237321232,1,-2.596503019,0.01235315017,0.3738276064,89.91719055,1.071123838,0.3152496517,-35.86436844
0.1552971601,0.3248223364,0.006163859274,-0.006971954368,1,-4.353204727,0.00930598285,-0.06463185698,153.6286163,1.738625765,-0.04123821855,-48.52030945
0.1552971601,0.3296658993,-0.002652846742,-0.007350630127,1,-6.715713501,0.007814688608,-0.4506100416,255,1.013582706,-0.5153523684,-109.8445435
0.1552971601,0.3345094621,-0.02145476826,-0.006658371072,1,-5.738996506,0.02246421576,0.09740510583,218.4940643,0.8473958969,-0.3906407654,-162.7585602
0.1552971601,0.3393530548,-0.02634569257,-0.004986742046,1,-2.915333509,0.02681348659,-0.3318938017,95.43518829,1.498067617,-0.9738897085,-169.2817841
0.1552971601,0.3441966176,-0.02831940539,-0.003548813984,1,-1.544110537,0.02854089625,0.0495223105,36.03857803,1.227019787,-0.7477216721,-172.8572845
0.1552971601,0.3490402102,-0.02788154595,-0.001125228824,1,0.377614677,0.02790424228,1.117010832,0,-0.1968152076,0.1162722707,-177.6889343
0.1601407379,0.237637952,0.01171534508,-0.00578527106,1,0.01771421731,0.01306593604,-0.02369368821,0,0.4152908325,0.1445894837,-26.28108025
0.1601407379,0.2424815297,0.01276399195,-0.006192817353,1,-0.2409521639,0.014186983,-0.00639359653,0,0.3896618187,0.1981795132,-25.88167572
0.1601407379,0.2473251075,0.01243563183,-0.006776136812,1,-0.4278934598,0.01416195463,-0.03646683693,6.479608059,0.391710043,0.3387190998,-28.58582687
0.1601407379,0.2521686852,0.01258873474,-0.008010059595,1,-0.2868462801,0.01492103469,0.05613899976,10.70627213,0.04237531126,0.2409051657,-32.46810532
0.1601407379,0.257012248,0.01125151943,-0.007671064697,1,-0.7059528828,0.01361770649,0.02710627019,27.0758934,-0.05505844951,-0.1680910736,-34.28540039
0.1601407379,0.2618558407,0.008902717382,-0.007064606063,1,-0.7353888154,0.0113651678,-0.1672301441,26.52625465,0.1952040792,-0.1321973354,-38.43318558
0.1601407379,0.2666994035,0.008635092527,-0.007840748876,1,-0.4913493991,0.01166371163,-0.1241036355,16.53713799,0.2037544698,-0.03383256122,-42.23975754
0.1601407379,0.2715429962,0.007509728894,-0.007501841057,1,-0.7519458532,0.01061478443,0.01510474086,28.92122269,0.02958938479,-0.1412726492,-44.96989441
0.1601407379,0.276386559,0.005136302672,-0.007083322853,1,-0.8614481688,0.008749575354,-0.05499128252,32.57440567,0.1522568762,-0.2144505382,-54.05315018
0.1601407379,0.2812301517,0.004074705765,-0.006729487795,1,-0.5186736584,0.007866971195,-0.1210350692,12.6337347,0.3829986751,-0.3802715242,-58.80508804
0.1601407379,0.2860737145,0.004479150288,-0.00582769094,1,-0.1534494311,0.007350154221,-0.08804422617,0,0.5309182405,-0.5609733462,-52.45420074
0.1601407379,0.2909172773,0.005902999546,-0.004438825883,1,-0.0006793439388,0.007385700941,0.002716094255,0,0.7240506411,-0.554541111,-36.94174194
0.1601407379,0.29576087,0.007982855663,-0.003128572367,1,-0.02763059735,0.008574027568,-0.06621934474,0,0.9679545164,-0.3972721696,-21.40077972
0.1601407379,0.3006044328,0.01045753155,-0.002835345687,1,-0.3054501116,0.01083508879,-0.1070783809,0,1.195753694,-0.0923070088,-15.16987896
0.1601407379,0.3054480255,0.01229511015,-0.003200118663,1,-0.6654545069,0.01270474307,-0.1853151768,0,1.278492808,-0.187763378,-14.5890131
0.1601407379,0.3102915883,0.01342683006,-0.002823487623,1,-1.024106741,0.01372049004,-0.1484874487,0,1.195035934,-0.6656365395,-11.87552643
0.1601407379,0.315135181,0.01312301867,-0.0006952668773,1,-1.696514845,0.01314142346,0.184310168,45.92485809,1.192162514,-0.8718981743,-3.032735825
0.1601407379,0.3199787438,0.01098395977,0.002292339923,1,-2.728891373,0.01122061443,0.58951056,94.61091614,1.029661179,-1.246091127,11.78835964
0.1601407379,0.3248223364,0.004892665427,0.00819561258,1,-4.430480957,0.009544959292,0.5154524446,168.4185181,0.4760196209,-1.617011547,59.16339111
0.1601407379,0.3296658993,-0.008169780485,0.01262109447,1,-5.13574791,0.01503453869,-0.3578316271,196.2324371,0.5179138184,-0.8756566048,122.9154587
0.1601407379,0.3345094621,-0.01747410372,0.0107037304,1,-4.372741699,0.02049180679,0.02807444334,167.8164368,0.3461079597,1.166601658,148.5105286
0.1601407379,0.3393530548,-0.0276730936,0.007106549572,1,-2.96445179,0.02857102081,-0.3501302302,111.46521,0.5319324732,1.278715968,165.5974579
0.1601407379,0.3441966176,-0.02925620042,0.002814287087,1,-0.1594160795,0.02939124778,-0.5689553022,0,1.988082886,1.812387347,174.5053558
0.1601407379,0.3490402102,-0.01881580427,-0.004427669104,1,1.910278082,0.01932973601,-0.3870718479,0,2.40073514,2.603252411,-166.758255
0.1649843156,0.237637952,0.01159009244,-0.004068651702,1,-0.09479469061,0.0122834919,-0.07687339932,0,0.5352190733,-0.09231904894,-19.34340286
0.1649843156,0.2424815297,0.01265670732,-0.004031245597,1,-0.2399061024,0.01328319125,0.02707925811,0,0.595810771,0.02929797396,-17.66702461
0.1649843156,0.2473251075,0.01331394445,-0.004079398233,1,-0.3366312385,0.01392489206,-0.02096927166,0,0.5285798311,0.5782433152,-17.03508568
0.1649843156,0.2521686852,0.01358642522,-0.00693357829,1,-0.7100234032,0.01525337528,0.03808087111,25.95088005,0.2198362947,0.358737886,-27.03664589
0.1649843156,0.257012248,0.01093968842,-0.005632522982,1,-0.9803487062,0.01230455562,0.2809723616,36.08043289,-0.06208324432,-0.133663848,-27.24260521
0.1649843156,0.2618558407,0.008537325077,-0.004925255664,1,-0.6290684342,0.009856169112,0.09815950692,23.66895103,0.0901594162,0.1509260088,-29.98101234
0.1649843156,0.2666994035,0.00832944084,-0.005888101645,1,-0.5572357178,0.01020045765,-0.02052491531,19.13230133,0.2512584925,0.01785337925,-35.25658417
0.1649843156,0.2715429962,0.007055300754,-0.005111143924,1,-0.8276928663,0.008712121285,0.1382653415,30.76428795,0.1655981839,-0.2638844848,-35.92108536
0.1649843156,0.276386559,0.005122533534,-0.003940257709,1,-0.9988743067,0.006462660618,0.1630951613,36.36238098,0.2812227309,-0.07218378782,-37.56752014
0.1649843156,0.2812301517,0.003579299198,-0.003971552011,1,-0.875271678,0.005346457474,0.03154817596,28.80195045,0.4532451928,0.04894172028,-47.97373581
0.1649843156,0.2860737145,0.003078415524,-0.004024504684,1,-0.5027520061,0.005066880491,0.01548486948,0,0.643121779,-0.2680640221,-52.58697891
0.1649843156,0.2909172773,0.004259189125,-0.002598165069,1,-0.1804165542,0.004989103414,0.0140004456,0,0.7488058805,-0.6622427702,-31.38377571
0.1649843156,0.29576087,0.005831453484,-0.0007490681019,1,-0.1377900243,0.00587936677,-0.01115396619,0,0.9479456544,-0.8308700323,-7.319735527
0.1649843156,0.3006044328,0.008183240891,0.001372193452,1,-0.4537043869,0.008297490887,-0.03822278976,0,1.293930173,-0.8370386362,9.51899147
0.1649843156,0.3054480255,0.009901152924,0.003120058449,1,-0.962259531,0.01038111746,-0.1575496197,0,1.517996788,-0.7247720361,17.49072075
0.1649843156,0.3102915883,0.01087499782,0.004119579215,1,-1.382178307,0.01162912324,-0.1729521453,0,1.448371649,-0.919465065,20.74728775
0.1649843156,0.315135181,0.01022176538,0.006735851988,1,-1.984367013,0.01224157587,-0.03944247961,62.25715637,1.149420619,-1.453261137,33.3837471
0.1649843156,0.3199787438,0.006830869708,0.01096752007,1,-2.548738956,0.01292080805,0.05282753706,95.25730896,0.6093888283,-2.023573637,58.08422852
0.1649843156,0.3248223364,0.0008283723146,0.01679306291,1,-2.78677845,0.01681348123,0.1287016273,106.036293,-0.4047080278,-1.743013978,87.17598724
0.1649843156,0.3296658993,-0.008627342992,0.02003332041,1,-2.638802767,0.02181203663,-0.07263237238,97.16500092,-0.7670855522,0.05027714744,113.2991104
0.1649843156,0.3345094621,-0.0156682618,0.01619774289,1,-2.317332983,0.02253577672,-0.4397277832,86.14559937,-0.4121932983,1.229503751,134.0480652
0.1649843156,0.3393530548,-0.02184801549,0.01194826793,1,-1.445907116,0.02490174584,0.149654448,55.28739166,0.0773974061,2.079009056,151.3265839
0.1649843156,0.3441966176,-0.02229674533,0.006852764171,1,-0.2626687884,0.02332606353,0.04740321636,0,1.233173013,2.256086588,162.9155121
0.1649843156,0.3490402102,-0.01714730263,0.001250338275,1,-0.09121799469,0.01719282754,-0.8540460467,0,2.217508554,1.459288836,175.8295135
0.1698278934,0.237637952,0.01089584827,-0.002733750502,1,0.1349794567,0.01123356167,-0.07652394474,0,0.7491649389,-0.3196470737,-14.0846777
0.1698278934,0.2424815297,0.01303705946,-0.00214495766,1,0.1380636096,0.01321233343,0.000831685029,0,0.7371125221,-0.02979253978,-9.343040466
0.1698278934,0.2473251075,0.01513483189,-0.002585419687,1,-0.1788720191,0.01535407174,0.009958073497,0,0.4831301272,0.2910012007,-9.694024086
0.1698278934,0.2521686852,0.01451075729,-0.003506211797,1,-1.042029619,0.01492834836,0.05411922932,37.18074417,0.3875925243,0.1858308613,-13.58392334
0.1698278934,0.257012248,0.01196501963,-0.003223374253,1,-0.9838761091,0.01239160355,0.204671979,36.9369278,0.07513156533,0.2201064825,-15.07751942
0.1698278934,0.2618558407,0.01010918245,-0.003580969991,1,-0.7200629711,0.01072468702,0.212459594,26.46280289,0.02989819646,0.3572637141,-19.50564384
0.1698278934,0.2666994035,0.008622152731,-0.003924744204,1,-0.8538964391,0.009473390877,0.1064942628,31.77285194,0.191596806,-0.07729786634,-24.47469711
0.1698278934,0.2715429962,0.006901282817,-0.002690758556,1,-0.8585746288,0.007407286204,0.1559521556,31.27757835,0.2298010588,-0.4720280468,-21.30043793
0.1698278934,0.276386559,0.005576638971,-0.000883073255,1,-0.8348402977,0.005646124482,0.2122502774,28.33947182,0.3317580223,-0.2824347317,-8.998200417
0.1698278934,0.2812301517,0.004464564845,-0.000294713187,1,-0.9627090096,0.004474281333,0.1079232916,31.77887154,0.4835434556,-0.01708990335,-3.776708364
0.1698278934,0.2860737145,0.003255763557,-0.0002775621542,1,-0.9868332148,0.003267573426,0.0002987161279,29.06372452,0.6355675459,-0.07333480567,-4.87282896
0.1698278934,0.2909172773,0.002763187513,6.193541049e-05,1,-0.5566239357,0.002763881581,-0.01701556146,0,0.6905504465,-0.5141346455,1.284039974
0.1698278934,0.29576087,0.003904446727,0.002130272798,1,-0.2610172927,0.004447782412,0.2005600035,0,0.9743220806,-0.9489049911,28.61695862
0.1698278934,0.3006044328,0.006218134891,0.005629458465,1,-0.2598382235,0.008387848735,0.3098976314,0,1.109844208,-1.069851637,42.15546036
0.1698278934,0.3054480255,0.008021516725,0.008813195862,1,-0.6174414754,0.0119170947,0.1238925755,0,1.013324022,-0.9614708424,47.69244003
0.1698278934,0.3102915883,0.008135622367,0.01088650059,1,-1.214392662,0.01359059475,0.004865109921,35.99633408,0.7749397159,-1.165815115,53.22876358
0.1698278934,0.315135181,0.005892992485,0.01448347699,1,-1.815967679,0.01563644782,-0.05970388651,67.85559082,0.4332863092,-1.443490028,67.85973358
0.1698278934,0.3199787438,0.001438497799,0.01758897677,1,-1.741839886,0.01764770225,-0.2199027538,66.45372772,-0.0789988637,-1.303787351,85.32452393
0.1698278934,0.3248223364,-0.002926382003,0.01973335631,1,-1.360757232,0.01994916238,-0.08302018046,46.01188278,-0.6453131437,-0.9290735722,98.43527222
0.1698278934,0.3296658993,-0.008278059773,0.02168690227,1,-1.201326609,0.02321309969,0.08857467026,24.66256523,-1.012411594,0.04768199474,110.8922424
0.1698278934,0.3345094621,-0.01364876237,0.01993142255,1,-1.250590563,0.0241567865,-0.3083997369,42.05463028,-0.5250244141,1.178539991,124.4027939
0.1698278934,0.3393530548,-0.01687838882,0.01448479388,1,-0.88324368,0.02224161103,-0.195892334,33.12922668,-0.0355617106,1.842251778,139.3642731
0.1698278934,0.3441966176,-0.01809906773,0.01005951315,1,-0.3268080652,0.02070676349,0.01393294334,0,0.5320541859,1.609853745,150.9345703
0.1698278934,0.3490402102,-0.01588426344,0.006754827686,1,-0.3315785527,0.0172608681,-0.2095419765,0,1.246108055,1.155017614,156.9622498
0.1746714562,0.237637952,0.009671210311,-0.001093800995,1,0.309766829,0.009732867591,-0.1953083128,0,0.8650767207,-0.1804807931,-6.452657223
0.1746714562,0.2424815297,0.01251643337,-0.001129710115,1,0.3187105954,0.01256731246,-0.009243886918,0,0.7343232632,-0.0548417531,-5.157435894
0.1746714562,0.2473251075,0.01477166172,-0.0008729441906,1,-0.1642382145,0.01479743328,-0.0298339799,0,0.6250973344,-0.2611933947,-3.382010698
0.1746714562,0.2521686852,0.01474864036,-9.102730473e-06,1,-0.7881699204,0.01474864315,-0.07135973126,25.48542404,0.4218019843,-0.1477081478,-0.03536244482
0.1746714562,0.257012248,0.01299713273,-0.0005031452165,1,-0.8763285875,0.01300686784,-0.07747599483,33.0100174,0.1636693478,0.1875477433,-2.216928244
0.1746714562,0.2618558407,0.0112968199,-0.001292765839,1,-1.064689755,0.01137054898,-0.01097705774,40.68011093,0.1301993132,0.05530378968,-6.528316498
0.1746714562,0.2666994035,0.008470855653,-0.000824181654,1,-1.333471894,0.008510855958,0.03469438851,51.0297699,0.1416968107,-0.2653412819,-5.557167053
0.1746714562,0.2715429962,0.005524364766,0.0001604803256,1,-1.0265522,0.0055266954,-0.009985387325,38.17940521,0.2650766969,-0.5332400799,1.663948894
0.1746714562,0.276386559,0.004782590084,0.00171024329,1,-0.71714288,0.005079182796,0.03338930011,22.71199417,0.4063999057,-0.5597659349,19.67693329
0.1746714562,0.2812301517,0.004019257147,0.003033473622,1,-0.7694216967,0.005035513081,0.0545591861,26.40294266,0.344543606,-0.3838490248,37.04312897
0.1746714562,0.2860737145,0.002724660095,0.003833707655,1,-0.815441072,0.004703306127,-0.07044994831,28.51404762,0.3338262439,-0.1549204439,54.59815598
0.1746714562,0.2909172773,0.001686525648,0.003442611778,1,-0.6742246747,0.003833529074,-0.02450065315,13.99507713,0.5673062205,-0.313683033,63.89989471
0.1746714562,0.29576087,0.002206792124,0.005234384909,1,-0.3065223992,0.005680556409,0.1237542033,0,0.8878746033,-0.8184697032,67.13994598
0.1746714562,0.3006044328,0.004502349999,0.008006346412,1,-0.02723553777,0.00918546319,0.1953988969,0,0.7782282829,-0.9988423586,60.64887619
0.1746714562,0.3054480255,0.005844283849,0.01101878565,1,-0.2355500162,0.01247274131,0.1297874153,0,0.390291959,-1.057083964,62.05884552
0.1746714562,0.3102915883,0.005251854658,0.01375505049,1,-0.648062706,0.01472356543,0.1309380531,24.36361885,0.04864126444,-1.234062433,69.10250092
0.1746714562,0.315135181,0.002940939507,0.01763027161,1,-0.8052512407,0.01787387952,0.07599794865,26.91242027,-0.3924347162,-1.011330009,80.52958679
0.1746714562,0.3199787438,-0.0005492303753,0.01902160794,1,-0.6498736143,0.01902953535,0.01110467315,0,-0.7983769178,-0.5314891338,91.65390015
0.1746714562,0.3248223364,-0.004073774908,0.02025836706,1,-0.5813590288,0.02066390775,0.1282455623,0,-0.9501832128,-0.2695461512,101.370018
0.1746714562,0.3296658993,-0.007967374288,0.02094834298,1,-0.3956982493,0.0224123206,0.1205945835,0,-1.127953053,0.233382076,110.8235321
0.1746714562,0.3345094621,-0.01145367604,0.01971207373,1,-0.2820395827,0.02279808186,-0.08104637265,0,-0.9373862147,0.9294190407,120.1586838
0.1746714562,0.3393530548,-0.01387375779,0.01605407521,1,-0.3736340404,0.02121825889,-0.3203873038,0,-0.2412304878,1.47567153,130.8332367
0.1746714562,0.3441966176,-0.01443182025,0.01101272367,1,0.06039066613,0.0181537196,-0.01132291555,0,0.2092309147,1.46735692,142.653244
0.1746714562,0.3490402102,-0.01256782468,0.008891974576,1,0.4827134907,0.01539537031,0.3193657398,0,0.2869612873,1.195058346,144.7198639
0.179515034,0.237637952,0.009075687267,-4.406809239e-05,1,0.1916007996,0.009075794369,-0.1953939646,0,1.315949678,-0.1591230482,-0.2782043517
0.179515034,0.2424815297,0.01272665616,-0.0001319085713,1,0.1127873659,0.01272733975,-0.08736866713,0,0.8471503258,-0.3520181775,-0.5938349962
0.179515034,0.2473251075,0.01372522023,0.001237782417,1,-0.3855731487,0.01378092077,-0.0644492507,0,0.5348492265,-0.5777642131,5.153169155
0.179515034,0.2521686852,0.01344968658,0.002354372293,1,-0.6206878424,0.0136541985,-0.224391073,17.21558189,0.3673498929,-0.3433417976,9.929044724
0.179515034,0.257012248,0.01249815989,0.001813928597,1,-0.9207676053,0.01262910664,-0.1405542791,33.39041519,0.2754172683,-0.1100369692,8.25799942
0.179515034,0.2618558407,0.0103238821,0.002206559293,1,-1.315737128,0.0105570564,-0.03371199965,49.43671417,0.2848541141,-0.3240779936,12.06450176
0.179515034,0.2666994035,0.007504998241,0.00322033884,1,-1.477241039,0.008166735992,-0.0009332001209,56.19511032,0.2273899913,-0.2814649045,23.2238102
0.179515034,0.2715429962,0.0042701317,0.003565336345,1,-1.115899563,0.005562881473,0.02814910561,42.31097794,0.1913967133,-0.2482058406,39.86011505
0.179515034,0.276386559,0.003027096856,0.00455888547,1,-0.675917089,0.005472362507,-0.02700583637,21.31573486,0.3867701888,-0.3440276384,56.41586685
0.179515034,0.2812301517,0.002869626274,0.005100856069,1,-0.5472485423,0.005852648057,-0.07965583354,15.25031471,0.369088769,-0.2303934693,60.63887787
0.179515034,0.2860737145,0.002164166188,0.005288994871,1,-0.6209697127,0.005714637227,-0.001777753234,21.69600296,0.260810256,-0.2029770613,67.74645996
0.179515034,0.2909172773,0.001125171199,0.006075377576,1,-0.7409962416,0.006178691052,0.1763232052,22.88990784,0.4055783451,-0.3659255207,79.50759888
0.179515034,0.29576087,0.0005395433982,0.007915418595,1,-0.3998717666,0.007933786139,0.08052551746,0,0.6479174495,-0.6328730583,86.10054779
0.179515034,0.3006044328,0.002326599788,0.009530778974,1,-0.02613338828,0.009810647927,-0.04089310765,0,0.6435586214,-0.8520883322,76.28158569
0.179515034,0.3054480255,0.003530090442,0.01184450556,1,-0.09937761724,0.0123593621,0.0522415936,0,0.1955797225,-0.9243621826,73.4040451
0.179515034,0.3102915883,0.002792562125,0.01426103525,1,-0.1615629494,0.01453187969,0.02134543657,0,-0.2859253585,-0.9363097548,78.92066193
0.179515034,0.315135181,0.001362645999,0.01648298278,1,-0.05607008934,0.01653921045,-0.04975441098,0,-0.7438722849,-0.5883345604,85.27410889
0.179515034,0.3199787438,-0.001082021161,0.01686969027,1,-0.08185595274,0.0169043541,0.06530746818,0,-0.9449526668,-0.2369376719,93.66991425
0.179515034,0.3248223364,-0.003610781394,0.0179469306,1,-0.06596833467,0.01830655709,0.2386637628,0,-1.065742254,-0.02363908291,101.3755875
0.179515034,0.3296658993,-0.00656354893,0.01814017445,1,-0.06674176455,0.01929108799,0.1700298935,0,-1.157321692,0.4156601429,109.8913345
0.179515034,0.3345094621,-0.009539609775,0.01675720513,1,0.05821669102,0.0192823261,0.06235340238,0,-1.03252542,0.684636116,119.6521683
0.179515034,0.3393530548,-0.01128268894,0.01512609981,1,0.1789034605,0.01887055673,-0.1334850192,0,-0.4900484681,1.100473404,126.7195663
0.179515034,0.3441966176,-0.01104666479,0.01078043133,1,0.4155347049,0.01543523557,-0.4380957484,0,0.1488507688,1.485980272,135.698822
0.179515034,0.3490402102,-0.008549043909,0.005806688219,1,0.9134554863,0.01033459138,-0.4855797291,0,0.1178537905,1.568161488,145.8148499
0.1843586117,0.237637952,0.007954079658,0.004352070391,1,0.08188897371,0.009066857398,-0.7514514923,0,0.9232149124,0.04334798455,28.68525124
0.1843586117,0.2424815297,0.01038822904,0.002427233849,1,-0.02476373315,0.01066802535,-0.4252968729,0,0.7901011705,-0.2669682205,13.15135479
0.1843586117,0.2473251075,0.01166105084,0.003585193306,1,-0.2574140429,0.01219974272,-0.07252854109,0,0.5899270773,-0.5575628281,17.09005928
0.1843586117,0.2521686852,0.01199878193,0.00477653509,1,-0.4951110482,0.01291456819,0.001559078693,0,0.5203658938,-0.3505522609,21.7067585
0.1843586117,0.257012248,0.01178337447,0.005290669389,1,-0.9374325275,0.01291662082,0.06569962949,31.8752327,0.4347161353,-0.2818301022,24.17981339
0.1843586117,0.2618558407,0.009563836269,0.006459822413,1,-1.210776329,0.01154106855,0.1200021207,45.41968536,0.2444791198,-0.3221630752,34.03676605
0.1843586117,0.2666994035,0.007103038486,0.007432330865,1,-1.258404851,0.01028069574,-0.02355332486,47.79613876,0.2043631077,-0.03029398434,46.29778671
0.1843586117,0.2715429962,0.004458502866,0.006492471322,1,-1.089970112,0.007875939831,0.006888374686,40.93370056,0.2398593128,0.125577271,55.52187729
0.1843586117,0.276386559,0.002985460684,0.006857451983,1,-0.769077599,0.007479146123,0.1306478381,25.50091362,0.3683421016,-0.07154840231,66.47361755
0.1843586117,0.2812301517,0.002517509274,0.007471824531,1,-0.6850515008,0.007884542458,0.06335703284,20.49602509,0.4264521003,-0.1941438019,71.37960052
0.1843586117,0.2860737145,0.001732914243,0.008104677312,1,-0.7909374833,0.008287870325,0.04618316144,25.5012455,0.4297700524,-0.2685252726,77.93094635
0.1843586117,0.2909172773,0.000768172089,0.008996134624,1,-0.8731989861,0.009028871544,0.08603487909,29.31460762,0.4186878204,-0.3691567779,85.11940002
0.1843586117,0.29576087,-0.0004685460008,0.01030943356,1,-0.6156387329,0.01032007579,0.08831526339,13.75022125,0.4936117828,-0.3770260811,92.60220337
0.1843586117,0.3006044328,0.000177125039,0.01125005167,1,-0.07943664491,0.01125144586,-0.02939490974,0,0.5106562972,-0.4708043337,89.09798431
0.1843586117,0.3054480255,0.001620099996,0.01244743448,1,-0.02861309052,0.01255242433,-0.1260104626,0,0.1613721251,-0.518827498,82.58433533
0.1843586117,0.3102915883,0.0008201537421,0.01315269154,1,-0.06950935721,0.01317823771,-0.1271453947,0,-0.2958804667,-0.509386301,86.43186188
0.1843586117,0.315135181,-0.0001496940677,0.01429884788,1,0.08296953142,0.01429963205,-0.06210683286,0,-0.5373213291,-0.4107004404,90.59980011
0.1843586117,0.3199787438,-0.00138053461,0.01484113187,1,0.03086596727,0.01490520313,0.06422671676,0,-0.6260029078,-0.1663955152,95.31440735
0.1843586117,0.3248223364,-0.003032286186,0.01541588455,1,0.07668846846,0.01571127772,0.1712490618,0,-0.8509104848,0.0009406134486,101.1279373
0.1843586117,0.3296658993,-0.005130539183,0.01566603407,1,0.07515013218,0.0164847523,0.1330552995,0,-1.066835046,0.3368112743,108.1333389
0.1843586117,0.3345094621,-0.007835574448,0.01442897972,1,0.08262825012,0.01641924679,0.09377226233,0,-0.9207556248,0.6826095581,118.5039215
0.1843586117,0.3393530548,-0.009190074168,0.01281395461,1,0.2070246786,0.01576879434,-0.05706006289,0,-0.520994246,0.914940536,125.6478195
0.1843586117,0.3441966176,-0.009356310591,0.009721019305,1,0.2632894516,0.01349217352,-0.6015207171,0,0.1219254881,1.003808856,133.9048004
0.1843586117,0.3490402102,-0.007324255537,0.005038416013,1,0.2101321816,0.008889901452,-1.24375093,0,0.6289371848,0.6897739172,145.4756012
0.1892021894,0.237637952,0.00564593263,0.004030959215,1,0.9454298019,0.006937231869,-0.9000418782,0,0.5937975645,-0.8108489513,35.52524567
0.1892021894,0.2424815297,0.009373616427,0.003814952681,1,0.3689923286,0.01012020465,-0.1367744803,0,0.6689575911,-0.4074392915,22.14575005
0.1892021894,0.2473251075,0.01067332365,0.005341945216,1,-0.1014428437,0.01193550229,0.2787667811,0,0.5939908028,-0.4351603091,26.58773804
0.1892021894,0.2521686852,0.01175931096,0.007272914052,1,-0.4258024693,0.01382666547,0.3182150722,0,0.5864260197,-0.3255439997,31.73601532
0.1892021894,0.257012248,0.01145131513,0.00846003741,1,-0.9101348519,0.01423744578,0.1001213863,31.01278877,0.4116167426,-0.309139818,36.45635986
0.1892021894,0.2618558407,0.009344699793,0.009255202487,1,-1.121442199,0.01315226965,0.1040772572,41.8719368,0.2528424263,-0.27690804,44.72431183
0.1892021894,0.2666994035,0.007244184613,0.01030536927,1,-1.313696265,0.0125967795,0.06329104304,48.13217926,0.3984719217,-0.09181460738,54.89460754
0.1892021894,0.2715429962,0.004911739379,0.01000646874,1,-1.466130495,0.01114695426,0.1005865559,50.35857391,0.6545743942,0.1495798528,63.85558701
0.1892021894,0.276386559,0.00331334956,0.01006806642,1,-1.168783665,0.01059925742,0.1851070225,37.56134033,0.6163844466,0.08641111106,71.78388977
0.1892021894,0.2812301517,0.002236150438,0.0104845101,1,-0.9049087167,0.01072032284,0.1043715924,30.06082726,0.4453074336,-0.1296537966,77.96027374
0.1892021894,0.2860737145,0.001087234821,0.01120158657,1,-0.8533065319,0.01125422679,0.0832284838,29.94683647,0.3408114612,-0.2983546257,84.45619202
0.1892021894,0.2909172773,-0.000246151787,0.01233273186,1,-0.5995767117,0.01233518776,0.03735637665,21.74368858,0.1977901012,-0.393435359,91.14342499
0.1892021894,0.29576087,-0.000858849904,0.01328815985,1,-0.378555268,0.01331588626,-0.1018371657,0,0.4095236361,-0.1134418398,93.69803619
0.1892021894,0.3006044328,-9.61541009e-05,0.01238893997,1,-0.2129743546,0.0123893125,-0.1923287362,0,0.4742723703,-0.08425861597,90.44467163
0.1892021894,0.3054480255,0.0004067674745,0.01276471373,1,-0.3140547574,0.01277119294,-0.1195326671,3.714296818,0.2739244401,-0.2796723843,88.17479706
0.1892021894,0.3102915883,-0.0002905285219,0.01316458918,1,-0.3494094312,0.01316779479,-0.03155312687,13.09107971,0.0739518404,-0.1789321899,91.26425171
0.1892021894,0.315135181,-0.0009274327895,0.01347855572,1,-0.2187346518,0.01351042558,-0.09165786207,7.430414677,-0.04684489965,-0.1997403055,93.936203
0.1892021894,0.3199787438,-0.001576883718,0.01368809491,1,-0.2208495885,0.01377862506,-0.249328956,0,-0.1609620899,-0.2442660481,96.57156372
0.1892021894,0.3248223364,-0.00277676736,0.01345403306,1,-0.1117365658,0.01373759285,-0.2415499687,0,-0.4479385316,-0.01873642206,101.661499
0.1892021894,0.3296658993,-0.004287713673,0.01260888018,1,0.09912151098,0.01331797056,0.03551797569,0,-0.718990922,0.3569334149,108.7808609
0.1892021894,0.3345094621,-0.005779143889,0.01189723704,1,0.1341474354,0.01322659291,0.3458024263,0,-0.7204422951,0.5541188717,115.9083939
0.1892021894,0.3393530548,-0.007127478253,0.01159988344,1,0.0008659660816,0.01361463405,0.2498348653,0,-0.6861046553,0.6217733622,121.5683899
0.1892021894,0.3441966176,-0.009098150767,0.0100957239,1,-0.6995611787,0.01359043736,-0.4484714866,19.87038994,-0.1479107738,0.3287805319,132.0248108
0.1892021894,0.3490402102,-0.01123227458,0.00783520285,1,-1.654748678,0.01369505003,-1.262851,0,0.7735335231,-0.3294441998,145.1018524
0.1940457672,0.237637952,-0.0003327527957,0.002648912137,1,1.954564929,0.002669730457,-0.9801553488,0,1.383893013,-1.488551021,97.15991211
0.1940457672,0.2424815297,0.007752287202,0.003880138975,1,1.146459103,0.008669108152,0.1096307337,0,1.173375607,-0.7791065574,26.58867264
0.1940457672,0.2473251075,0.01090354659,0.006953580305,1,0.101962477,0.01293211523,0.6461803913,0,0.7674354315,-0.5511171818,32.52711105
0.1940457672,0.2521686852,0.01196328364,0.00967934262,1,-0.5105137825,0.01538862661,0.5313270688,0,0.4831436872,-0.4471031129,38.9758873
0.1940457672,0.257012248,0.01077097747,0.01169267576,1,-1.001516223,0.01589756645,0.2143311203,0,0.3332980573,-0.4952547252,47.3495636
0.1940457672,0.2618558407,0.008726716973,0.01311627682,1,-1.190054536,0.01575412042,0.2887027562,0,0.4042521417,-0.5438789129,56.36278915
0.1940457672,0.2666994035,0.00696488237,0.01572535001,1,-1.434525847,0.0171987284,0.318915993,0,0.8034812212,-0.4342449009,66.11106873
0.1940457672,0.2715429962,0.005670203362,0.01676427014,1,-1.670243144,0.01769722998,0.1337472945,0,1.12017405,0.1794360727,71.31284332
0.1940457672,0.276386559,0.004300579894,0.01550405286,1,-1.460400224,0.01608945616,-0.08032368124,0,0.7842160463,0.4879687428,74.49682617
0.1940457672,0.2812301517,0.002395052928,0.01401170157,1,-1.100842118,0.01421492361,-0.133967787,0,0.3555984497,0.1995814741,80.30004883
0.1940457672,0.2860737145,0.0006909341319,0.01388848107,1,-0.9007160664,0.01390565652,-0.2008911371,0,0.208750844,0.03725149482,87.15195465
0.1940457672,0.2909172773,-0.0009565241635,0.01285824273,1,-0.3358284533,0.01289377175,-0.1220864877,0,-0.1188355982,-0.1712389886,94.2543869
0.1940457672,0.29576087,-0.001511266571,0.01412655506,1,-0.1943618506,0.01420716289,0.04291340709,0,0.1518265456,-0.312307924,96.10630798
0.1940457672,0.3006044328,-0.001162547269,0.01457878482,1,-0.3284662962,0.01462506317,-0.09951155633,0,0.5757598877,-0.340821296,94.55925751
0.1940457672,0.3054480255,-0.0003134806757,0.01529535744,1,-0.4230435193,0.01529856957,-0.0842359066,0,0.6219046116,-0.2131674588,91.17411804
0.1940457672,0.3102915883,-0.0001993482583,0.01520327479,1,-0.5496963859,0.01520458143,0.00190069899,0,0.2921134233,0.03574926406,90.75122833
0.1940457672,0.315135181,-0.001561103738,0.01513140928,1,-0.70997715,0.01521172468,-0.1382671148,0,-0.02748432755,-0.1233869642,95.89035034
0.1940457672,0.3199787438,-0.003771300428,0.0151312016,1,-0.5799548626,0.01559410058,-0.591791749,0,0.01592972875,-0.3143222332,103.9952545
0.1940457672,0.3248223364,-0.004293003585,0.01378746424,1,-0.01292765141,0.01444036234,-0.6668863297,0,0.1247520596,0.0408051908,107.2950287
0.1940457672,0.3296658993,-0.003229670227,0.01170344278,1,0.2711988389,0.01214089524,-0.1426300853,0,-0.1026724949,0.5795151591,105.42733
0.1940457672,0.3345094621,-0.00347673567,0.01028970815,1,0.1524034888,0.01086120587,0.246505022,0,-0.5113739967,0.7042005658,108.6693268
0.1940457672,0.3393530548,-0.004968371708,0.009486558847,1,-0.2304761112,0.01070885267,0.6628866196,0,-1.103105664,0.2286471426,117.6422806
0.1940457672,0.3441966176,-0.009936043061,0.01239298098,1,-1.513633609,0.01588429883,0.5819712877,0,-0.5650550127,-0.9279520512,128.7208252
0.1940457672,0.3490402102,-0.01503666118,0.01679999009,1,-2.903925657,0.02254641429,0.1244140267,0,0.7977955341,-1.695313454,131.8298187
