PIVlab, ASCII chart output - 13-Mar-2024
FRAME: 43, filenames: A:[43]2 vortices tapados mismo sentido clase 4.mp4 & B:[44]2 vortices tapados mismo sentido clase 4.mp4, conversion factor xy (px -> m): 0.00030272, conversion factor uv (px/frame -> m/s): 0.0090842
x [m],y [m],u [m/s],v [m/s],Vector type [-],vorticity [1/s],magnitude [m/s],divergence [1/s],dcev [1],simple shear [1/s],simple strain [1/s],vector direction [degrees]
0.1262357086,0.237637952,0.006719971541,-0.002378737088,1,0.7808241844,0.007128562778,0.7080643773,0,1.735107183,0.7930303216,-19.49295616
0.1262357086,0.2424815297,0.01281302609,-0.002584506758,1,0.4864221811,0.01307108719,-0.3356331885,0,0.9525171518,-0.3171205819,-11.40407085
0.1262357086,0.2473251075,0.01368958596,-0.00246840436,1,0.007078360766,0.0139103476,-0.5196328163,0,-0.06049986556,-0.3213685453,-10.2213192
0.1262357086,0.2521686852,0.01255427487,-0.003544815117,1,-0.2734045982,0.01304513402,-0.41598171,0,-0.1758530289,0.0001301914454,-15.76751518
0.1262357086,0.257012248,0.01151357498,-0.004483871628,1,-0.4317264557,0.01235586964,-0.2053458989,0,-0.1522104293,0.0251506269,-21.27803612
0.1262357086,0.2618558407,0.009725931101,-0.004661242943,1,-0.4582631588,0.0107852174,0.1541897655,0,-0.1524389386,0.2404320836,-25.60650444
0.1262357086,0.2666994035,0.008555592038,-0.004901593085,1,-0.1928334832,0.009860211052,0.1761010587,0,0.004113070667,0.2552048266,-29.80887222
0.1262357086,0.2715429962,0.008811849169,-0.005044388119,1,0.03882106766,0.01015354786,-0.04381142929,0,0.1327892989,0.1200033426,-29.78920174
0.1262357086,0.276386559,0.00938680023,-0.005695042666,1,-0.2389335185,0.01097932272,-0.346832931,0,0.134451136,0.03079649806,-31.24550629
0.1262357086,0.2812301517,0.00830578059,-0.006873465609,1,-0.5146952868,0.01078102551,-0.2745188773,0,0.1727750599,0.0678890869,-39.60952759
0.1262357086,0.2860737145,0.007730682846,-0.007353522349,1,-0.3721343875,0.01066947728,-0.1260788888,0,0.2531374693,-0.07646109909,-43.5676918
0.1262357086,0.2909172773,0.007729411591,-0.007113792468,1,-0.04014075547,0.01050475333,-0.2153648585,0,0.03631784767,-0.223981604,-42.6250267
0.1262357086,0.29576087,0.007712166291,-0.007311786525,1,0.047013551,0.01062731072,-0.4452088475,0,-0.3095232844,-0.1456299871,-43.47346115
0.1262357086,0.3006044328,0.006457925308,-0.008564826101,1,-0.09454898536,0.01072665118,-0.3678769469,0,-0.5131516457,0.1517446637,-52.98350906
0.1262357086,0.3054480255,0.004768720828,-0.009828614071,1,-0.04842837155,0.01092439238,-0.1276606172,0,-0.5431675911,0.4644713998,-64.11791992
0.1262357086,0.3102915883,0.003592484398,-0.01143286377,1,-0.0207823813,0.01198400278,0.01570779085,0,-0.555167079,0.7993525267,-72.55600739
0.1262357086,0.315135181,0.001979064662,-0.01362425834,1,-0.4648195505,0.01376724802,-0.07303830981,0,-0.5579613447,0.8759717941,-81.73500061
0.1262357086,0.3199787438,-0.001361434464,-0.01602946781,1,-0.994654417,0.01608718,0.1370637715,0,-0.2018573582,0.768679738,-94.85466003
0.1262357086,0.3248223364,-0.003816333134,-0.01668353938,1,-0.7716777325,0.01711446419,0.2887353301,0,-0.001263350248,0.3453217745,-102.8846359
0.1262357086,0.3296658993,-0.005105234683,-0.01630354859,1,-0.421069622,0.01708417758,0.132029593,0,-0.139790222,-0.3199860454,-107.3872375
0.1262357086,0.3345094621,-0.00653289305,-0.01449417323,1,-0.1953009963,0.01589841954,-0.06300365925,0,-0.3694674969,-0.80892694,-114.2623062
0.1262357086,0.3393530548,-0.007840734906,-0.01269061118,1,-0.03977300227,0.01491739787,-0.262703687,0,-0.4386404157,-1.016910195,-121.7093277
0.1262357086,0.3441966176,-0.008850125596,-0.01084111538,1,-0.1780849099,0.01399480272,-0.3388439715,0,-0.3613193631,-0.7841117382,-129.2264404
0.1262357086,0.3490402102,-0.01045338158,-0.01053392235,1,-0.1992840022,0.01484037377,-0.5092473626,0,-0.4627270699,-0.636092484,-134.7801208
0.1310792714,0.237637952,0.01035529468,-6.767229934e-05,1,-0.1171359569,0.01035551541,0.206333071,0,0.4792255163,0.7794855833,-0.3744250536
0.1310792714,0.2424815297,0.01123219915,-0.001455726684,1,-0.03790667653,0.01132613979,-0.4381112158,0,0.3058016002,0.09133043885,-7.384542942
0.1310792714,0.2473251075,0.01165286452,-0.002632064046,1,0.03956952691,0.01194642205,-0.4258497953,0,0.02545971982,-0.04331442714,-12.72796822
0.1310792714,0.2521686852,0.01154717337,-0.00330856652,1,-0.06351161003,0.01201182045,-0.2372433394,0,-0.05534350127,0.005321711302,-15.98838806
0.1310792714,0.257012248,0.01107718144,-0.003806944937,1,-0.1480745822,0.01171310339,-0.0956414789,3.264357567,-0.03062687442,0.0307190381,-18.96653938
0.1310792714,0.2618558407,0.01068161894,-0.003920603544,1,-0.202008903,0.01137840562,0.04903317988,5.002378464,-0.1029435471,0.1765601188,-20.15526009
0.1310792714,0.2666994035,0.009600120597,-0.004424631596,1,-0.1634929776,0.01057069935,0.03280481696,0,-0.1844418943,0.217836231,-24.74465942
0.1310792714,0.2715429962,0.008996369317,-0.004816817585,1,-0.0925213173,0.01020472404,-0.006029654294,0,-0.1095383093,0.06956633925,-28.16539764
0.1310792714,0.276386559,0.008621429093,-0.004790786654,1,-0.2318264991,0.009863096289,-0.1682304889,4.766373158,-0.01406630874,-0.08735121787,-29.06021118
0.1310792714,0.2812301517,0.007805368397,-0.005208562594,1,-0.360703826,0.009383650497,-0.1710254103,9.253748894,0.07553161681,0.04543934762,-33.71538925
0.1310792714,0.2860737145,0.00724017527,-0.005839250516,1,-0.2990655005,0.009301451035,-0.119259648,8.002401352,0.06371026486,0.2358640134,-38.88641357
0.1310792714,0.2909172773,0.006665410474,-0.006928626448,1,-0.1469242126,0.009614237584,-0.2284437716,0,-0.05104754865,0.2538423538,-46.10925674
0.1310792714,0.29576087,0.006281283684,-0.00817524083,1,-0.01115281135,0.01030965988,-0.3189372122,0,-0.1397501826,0.2281715572,-52.4638443
0.1310792714,0.3006044328,0.005934500135,-0.009578590281,1,0.04084772617,0.0112679936,-0.2362478077,0,-0.1847249866,0.3524747193,-58.21935272
0.1310792714,0.3054480255,0.005584402941,-0.01102676429,1,0.1413787156,0.01236022171,-0.09153188765,0,-0.2173799425,0.5584910512,-63.14048767
0.1310792714,0.3102915883,0.005566382315,-0.01272702683,1,0.06749118865,0.01389106922,0.01637426019,0,-0.4103800654,0.5992209911,-66.37701416
0.1310792714,0.315135181,0.00392359402,-0.01384982746,1,-0.2742604017,0.01439487096,0.1728203446,0,-0.7031790018,0.4582415819,-74.18281555
0.1310792714,0.3199787438,0.0008320782799,-0.01410948671,1,-0.6953263283,0.01413400099,0.2261821032,8.967941284,-0.5856233835,0.4260213077,-86.62500763
0.1310792714,0.3248223364,-0.002280785469,-0.01481776405,1,-0.6832921505,0.01499226876,-0.02278485894,7.423791409,-0.6364971995,0.2895595729,-98.75041962
0.1310792714,0.3296658993,-0.005560424179,-0.01562235132,1,-0.5717480779,0.01658240519,-0.1500390768,0,-0.7421056032,-0.1297642589,-109.592041
0.1310792714,0.3345094621,-0.008644518442,-0.01491596643,1,-0.3372968733,0.01723988913,-0.1675838977,0,-0.7732987404,-0.5734348297,-120.0943451
0.1310792714,0.3393530548,-0.01093968004,-0.01365658082,1,-0.0993950218,0.01749796607,-0.1069106758,0,-0.5045304894,-0.8565832376,-128.6966705
0.1310792714,0.3441966176,-0.01156967878,-0.01128486916,1,0.04628796875,0.0161618609,-0.2656637132,0,-0.5185554624,-0.7786433697,-135.713974
0.1310792714,0.3490402102,-0.01322714426,-0.01117192395,1,-0.9801164865,0.01731384546,-0.1504971236,0,0.2957214117,-0.1971340925,-139.8148651
0.1359228492,0.237637952,0.01149485353,0.0005097815301,1,-0.06991001964,0.01150615234,-0.1709928513,0,-0.07935339212,0.4192786813,2.53932786
0.1359228492,0.2424815297,0.01113336906,-0.0009197315667,1,-0.1147252321,0.01117129344,-0.2468555868,0,0.09868388623,0.3821273744,-4.722501278
0.1359228492,0.2473251075,0.01141715609,-0.002536746208,1,-0.07122445107,0.01169557776,-0.1873118132,0,0.1326619089,0.3464920521,-12.52689648
0.1359228492,0.2521686852,0.01143094618,-0.003505252302,1,-0.002208778635,0.01195630897,-0.1455859542,0,-0.0428070873,0.1389684379,-17.04794312
0.1359228492,0.257012248,0.01119911857,-0.003915005364,1,0.01775767654,0.0118637057,-0.07750840485,0,-0.1441803575,0.06209102273,-19.26868629
0.1359228492,0.2618558407,0.01081860811,-0.00418141298,1,-0.0463437289,0.0115985563,-0.1573550701,0,-0.2487953156,0.06728368253,-21.13161278
0.1359228492,0.2666994035,0.00976958964,-0.00500306068,1,-0.08072053641,0.01097613294,-0.1125271469,0,-0.2700562179,0.0826587677,-27.11723709
0.1359228492,0.2715429962,0.009119593538,-0.005126811098,1,-0.1134199053,0.010461892,0.01516213268,0,-0.2211917192,-0.05973184109,-29.34362411
0.1359228492,0.276386559,0.008148872294,-0.00464030588,1,-0.1453211904,0.009377449751,-0.05466920882,0,-0.1482836604,-0.1302915514,-29.65898323
0.1359228492,0.2812301517,0.007697495632,-0.004760528449,1,-0.01346343756,0.009050639346,-0.1713945866,0,0.04372867569,0.02599801868,-31.73478699
0.1359228492,0.2860737145,0.008295464329,-0.005596392322,1,0.0007443167269,0.01000671461,-0.1570095271,0,0.03124365583,0.2329675704,-34.00489426
0.1359228492,0.2909172773,0.007852431387,-0.006649407092,1,-0.1564659327,0.01028957218,-0.1112808734,2.862221479,-0.05472670496,0.3714748025,-40.25778961
0.1359228492,0.29576087,0.007272536401,-0.007934656925,1,-0.1493197083,0.01076329686,-0.0810110122,3.702609777,-0.02236181498,0.5400167704,-47.49308014
0.1359228492,0.3006044328,0.007020878606,-0.009657403454,1,0.01975949854,0.01193977334,-0.04371586442,0,-0.06973621249,0.7060666084,-53.98305893
0.1359228492,0.3054480255,0.007030470297,-0.01156628691,1,-0.01995124854,0.01353537943,-0.05676832795,0,-0.0722771436,0.7876619101,-58.70702744
0.1359228492,0.3102915883,0.006574163213,-0.01374746673,1,-0.07086378336,0.01523851883,-0.1521471739,0,-0.3409831822,0.7016574144,-64.44245911
0.1359228492,0.315135181,0.005035657436,-0.01570175588,1,-0.09619772434,0.01648948155,0.09030477703,0,-0.889975071,0.4517415166,-72.21861267
0.1359228492,0.3199787438,0.001797558507,-0.01549811382,1,-0.3137199581,0.01560201123,0.1461158395,0,-1.247078419,0.3020190597,-83.38407898
0.1359228492,0.3248223364,-0.002524191048,-0.01645688526,1,-0.2148166895,0.01664934307,-0.1928777993,0,-1.490129709,0.143768698,-98.7201767
0.1359228492,0.3296658993,-0.006460481789,-0.01712868735,1,-0.2382546067,0.01830654964,-0.2560029328,0,-1.330400229,-0.2252211273,-110.6651306
0.1359228492,0.3345094621,-0.01012206916,-0.01660597883,1,-0.1810953021,0.01944774576,-0.1294732988,0,-1.067362785,-0.6406190395,-121.3641281
0.1359228492,0.3393530548,-0.01250748523,-0.01465291344,1,-0.2104440928,0.01926512644,-0.0424272418,0,-0.5712572932,-0.6677923799,-130.4835358
0.1359228492,0.3441966176,-0.01390830055,-0.01357697416,1,0.2063763142,0.01943643577,0.6748872995,0,-0.1299189031,-1.451351285,-135.6906586
0.1359228492,0.3490402102,-0.01213715784,-0.004354311619,1,-0.3981787264,0.0128945969,1.884392858,0,1.129513025,-1.923797846,-160.2640991
0.1407664269,0.237637952,0.01155788638,-0.0001134120103,1,0.1804127693,0.01155844238,-0.08693233132,0,-0.04435130209,0.0405151993,-0.5621980429
0.1407664269,0.2424815297,0.01188739855,-0.0004220630217,1,0.02335039526,0.01189488824,0.112983197,0,0.1554389298,0.4290950894,-2.033437014
0.1407664269,0.2473251075,0.01242386643,-0.001644524629,1,-0.1522745639,0.01253223512,-0.02597934008,3.891243935,0.07541452348,0.610563457,-7.54030323
0.1407664269,0.2521686852,0.01151512098,-0.003505207598,1,-0.1820199788,0.01203679759,-0.1293372959,1.89394021,-0.1114330292,0.4790526628,-16.93027115
0.1407664269,0.257012248,0.01100250613,-0.004591304343,1,-0.0440030098,0.01192204747,-0.08453512192,0,-0.2181523442,0.2036786675,-22.65059471
0.1407664269,0.2618558407,0.01024535112,-0.004901193548,1,0.05059547722,0.01135732885,-0.1275755465,0,-0.3699988723,0.02734907344,-25.56562233
0.1407664269,0.2666994035,0.00945545081,-0.005341693759,1,0.01701657474,0.01085998397,-0.1437839717,0,-0.3194497824,-0.05343231931,-29.46352768
0.1407664269,0.2715429962,0.00878049247,-0.005338818766,1,-0.1504693925,0.01027618721,-0.1067021638,0,-0.2066826224,-0.2174794227,-31.30093384
0.1407664269,0.276386559,0.007725557312,-0.004805135541,1,-0.1402534097,0.00909799803,-0.0382781662,0,-0.2064662427,-0.1223628372,-31.88074684
0.1407664269,0.2812301517,0.007101128809,-0.004931548145,1,0.0178315565,0.008645588532,-0.08859939873,0,-0.04208496958,0.09440356493,-34.77896881
0.1407664269,0.2860737145,0.007608084008,-0.005691524595,1,0.05510335416,0.009501389228,-0.2221969068,0,0.1151331291,0.0883795321,-36.79976273
0.1407664269,0.2909172773,0.007925679907,-0.006435844582,1,-0.01513434947,0.01020962838,-0.2091798037,0,0.2002102733,0.1766477674,-39.07743835
0.1407664269,0.29576087,0.008504513651,-0.00756031042,1,-0.05034767091,0.01137914881,-0.125768736,0,0.3016015291,0.6125749946,-41.63633347
0.1407664269,0.3006044328,0.009142647497,-0.01001206972,1,-0.1304085851,0.01355837565,0.07004895806,0,0.2584191263,0.838055253,-47.59883881
0.1407664269,0.3054480255,0.009124542587,-0.01128020883,1,-0.2899124026,0.01450863108,0.1237101555,7.25764513,0.1010706723,0.9543567896,-51.03065872
0.1407664269,0.3102915883,0.008227977902,-0.01403537113,1,-0.3353179097,0.01626933552,-0.1531175971,6.735637665,-0.1964181811,1.171180487,-59.61981964
0.1407664269,0.315135181,0.006549037527,-0.01769454964,1,-0.3409622312,0.01886761747,-0.01069635153,0,-0.7378525138,0.9379639626,-69.68968201
0.1407664269,0.3199787438,0.003002654528,-0.01863028109,1,-0.2623295188,0.01887070015,-0.07469248772,0,-1.609775543,0.6066824198,-80.84433746
0.1407664269,0.3248223364,-0.002518649213,-0.02099484205,1,0.1022943258,0.02114537731,-0.4691979289,0,-2.351442814,0.001933559775,-96.84080505
0.1407664269,0.3296658993,-0.007891270332,-0.02091224305,1,-0.07167732716,0.02235160023,-0.2929915488,0,-1.963161826,-0.6617635489,-110.6740875
0.1407664269,0.3345094621,-0.0123745203,-0.01920867153,1,-0.2443247437,0.02284954675,0.003308653831,0,-1.095266342,-1.133874536,-122.7902603
0.1407664269,0.3393530548,-0.01437968388,-0.01540420763,1,-0.3573633134,0.02107284777,0.03354376554,7.506224632,-0.2529340088,-1.266100883,-133.029892
0.1407664269,0.3441966176,-0.01533054281,-0.01291374117,1,-0.2742888033,0.02004470676,0.8355613947,0,0.4728358686,-1.565923214,-139.8907776
0.1407664269,0.3490402102,-0.01341800578,-0.003772430588,1,0.3627873361,0.01393822487,1.636380792,0,0.4269310534,-2.138218641,-164.2968445
0.1456100047,0.237637952,0.01127002854,-0.0005788807757,1,0.4492369294,0.01128488593,0.119713068,0,0.5784905553,-0.003720615059,-2.940391779
0.1456100047,0.2424815297,0.01375896763,-0.0002799504437,1,0.2624737918,0.01376181561,0.233499825,0,0.3524861038,0.4100295901,-1.16562283
0.1456100047,0.2473251075,0.01424863469,-0.00143391639,1,-0.1387166977,0.0143206045,0.0651589036,3.666263819,0.007791206241,0.660464406,-5.74663353
0.1456100047,0.2521686852,0.01312481984,-0.003163358895,1,-0.3198463321,0.01350065693,0.009103864431,7.700254917,-0.190610826,0.6954972744,-13.55104065
0.1456100047,0.257012248,0.01177619956,-0.004758511204,1,-0.06675803661,0.01270127203,-0.08987751603,0,-0.5096064806,0.5409032106,-22.00258255
0.1456100047,0.2618558407,0.01033315342,-0.006218594499,1,0.0268715322,0.01206005737,-0.2563928366,0,-0.6383703947,0.1305629462,-31.0399456
0.1456100047,0.2666994035,0.008814357221,-0.006632761564,1,-0.01001510024,0.01103115641,-0.1740042269,0,-0.5647168159,-0.3431994617,-36.96128464
0.1456100047,0.2715429962,0.007549394853,-0.005399084184,1,-0.1613790244,0.0092813503,-0.0443033576,2.205528259,-0.1366573125,-0.3894508481,-35.57113266
0.1456100047,0.276386559,0.007370795123,-0.004961012863,1,-0.0198403541,0.008884834126,-0.08099468052,0,0.05622124672,-0.1529137045,-33.94305801
0.1456100047,0.2812301517,0.007725608535,-0.005050738808,1,-0.04755038396,0.009230112657,-0.006931593642,0,0.1046392471,0.06421840191,-33.17528915
0.1456100047,0.2860737145,0.007647309452,-0.005305633415,1,-0.1656190455,0.009307581931,-0.04883787036,0,0.1592707038,0.06587723643,-34.75255966
0.1456100047,0.2909172773,0.007694859989,-0.00560636865,1,-0.02839238942,0.00952062197,-0.07217273861,0,0.4378233552,0.1186635122,-36.07656479
0.1456100047,0.29576087,0.009630420245,-0.006229963619,1,0.03103512526,0.01146984845,-0.02250117064,0,0.7379196286,0.4250435233,-32.89901733
0.1456100047,0.3006044328,0.01141935214,-0.007774086203,1,-0.2396909893,0.01381441392,0.007516920567,0,0.7809749842,0.7182655931,-34.24631882
0.1456100047,0.3054480255,0.01225217152,-0.009672529995,1,-0.4468240142,0.01561004575,0.03483921289,0,0.4645543098,1.129197359,-38.28948212
0.1456100047,0.3102915883,0.01150523033,-0.01307469513,1,-0.7138969898,0.01741602644,-0.08809888363,20.76252365,0.1512506306,1.553579092,-48.65346146
0.1456100047,0.315135181,0.009526950307,-0.01762412488,1,-1.045211673,0.02003428526,-0.1073788404,28.43712234,-0.4270341396,1.740403891,-61.60598373
0.1456100047,0.3199787438,0.004374293145,-0.02202457376,1,-1.100946903,0.02245476097,-0.5722591877,0,-1.854383469,1.64049077,-78.76668549
0.1456100047,0.3248223364,-0.004787422251,-0.02834175155,1,-0.6108165979,0.02874324657,-0.4815252721,0,-2.58087492,0.3991596997,-99.5877533
0.1456100047,0.3296658993,-0.01108491234,-0.02629023977,1,-0.6397218704,0.02853159606,0.2929796576,0,-1.592236519,-1.279038906,-112.8620377
0.1456100047,0.3345094621,-0.01559805311,-0.02072758041,1,-0.9630026221,0.02594093047,0.5607762933,16.3114624,-0.5632573962,-1.94628334,-126.9624252
0.1456100047,0.3393530548,-0.01847747155,-0.0141471019,1,-0.6666149497,0.02327138744,0.2355743051,16.63766098,0.285117805,-1.987857103,-142.5608673
0.1456100047,0.3441966176,-0.01744586416,-0.009958217852,1,0.01663047075,0.02008791268,0.3029357195,0,0.7905462384,-1.783017278,-150.2819824
0.1456100047,0.3490402102,-0.01456784829,-0.004043626599,1,0.689745307,0.01511863433,0.8345388174,0,0.4986353219,-1.607694268,-164.4868469
0.1504535824,0.237637952,0.01211970486,0.0005126380129,1,0.2388907969,0.01213054173,0.1764403284,0,0.9522446394,0.3823705614,2.422047138
0.1504535824,0.2424815297,0.0150043834,1.391849673e-05,1,0.1975741833,0.01500438992,0.04921503365,0,0.5908460021,0.3480727077,0.05314919353
0.1504535824,0.2473251075,0.01593847945,-0.0009349022293,1,-0.1172143072,0.01596587524,0.0607727468,0,0.1014260203,0.6580923796,-3.356947899
0.1504535824,0.2521686852,0.01492791157,-0.00287924544,1,-0.3800388873,0.01520304568,-0.1114673615,9.326569557,-0.1880121529,1.086279869,-10.91695976
0.1504535824,0.257012248,0.01318708435,-0.006736275274,1,-0.6049843431,0.01480799168,-0.2136985064,8.620915413,-0.4876020551,0.8689928055,-27.05902481
0.1504535824,0.2618558407,0.009635884315,-0.008123344742,1,-0.7053002119,0.01260313392,-0.341594398,6.122334003,-0.5823326111,-0.07481652498,-40.13191223
0.1504535824,0.2666994035,0.006950334646,-0.00802843459,1,-0.4589247704,0.01061898842,-0.1086699367,12.58069134,-0.1514327675,-0.7082819939,-49.1167717
0.1504535824,0.2715429962,0.006679570302,-0.005219077226,1,-0.09642764181,0.008476758376,0.1638218313,0,0.02257091552,-0.5777187347,-38.00226593
0.1504535824,0.276386559,0.006592603866,-0.004436725285,1,0.0156834498,0.007946506143,-0.1074885949,0,0.1286378801,-0.3190411627,-33.93997192
0.1504535824,0.2812301517,0.007378601935,-0.004194405861,1,-0.1461954415,0.008487449959,-0.2298424393,0,0.372889787,-0.2956676483,-29.61629868
0.1504535824,0.2860737145,0.007690615486,-0.004117895849,1,-0.3172389567,0.008723681793,-0.1786650717,0,0.4766793251,-0.1821157336,-28.16656876
0.1504535824,0.2909172773,0.008150861599,-0.004177692346,1,-0.17651999,0.009159130044,-0.09845288098,0,0.7470989227,-0.0946200639,-27.13723373
0.1504535824,0.29576087,0.01045425888,-0.004136460368,1,-0.08146610856,0.0112428572,-0.1763447821,0,1.012011766,0.007548622787,-21.58733177
0.1504535824,0.3006044328,0.01265803166,-0.005068394355,1,-0.2072596848,0.01363504305,-0.1847410798,0,1.096764565,0.3787714839,-21.82162666
0.1504535824,0.3054480255,0.01476264466,-0.006865877192,1,-0.4854908884,0.01628115214,0.01991602778,0,1.036346793,1.006081104,-24.94240761
0.1504535824,0.3102915883,0.01532614511,-0.009844961576,1,-1.101212382,0.01821576245,0.05361557007,10.87379646,1.038464427,1.671114445,-32.71522522
0.1504535824,0.315135181,0.01445872057,-0.01470035873,1,-1.745994091,0.02061929181,-0.1643506289,51.51302338,0.2699306011,2.402893543,-45.47479248
0.1504535824,0.3199787438,0.008176716976,-0.02227960899,1,-2.728794575,0.02373267151,-0.5727155209,75.77923584,-0.8587009907,2.696895123,-69.84663391
0.1504535824,0.3248223364,-0.002917593345,-0.03053697199,1,-2.465045452,0.03067603335,0.1247244179,49.12157059,-1.838393688,0.7949340343,-95.45763397
0.1504535824,0.3296658993,-0.01266732533,-0.02552582137,1,-2.604767561,0.0284961164,1.044217348,68.12371826,-0.7332170606,-1.694365501,-116.3931427
0.1504535824,0.3345094621,-0.01908533089,-0.01727247424,1,-1.96893692,0.02574078925,-0.05010569096,58.90415955,-0.1368775964,-3.091536045,-137.8545074
0.1504535824,0.3393530548,-0.02286700159,-0.01079441607,1,-1.070887089,0.02528673969,-0.1968449354,29.60777473,0.3660152555,-1.870660186,-154.7302399
0.1504535824,0.3441966176,-0.02249943279,-0.009165219963,1,0.1650288701,0.02429456264,-0.4434666038,0,1.012645483,-1.702108383,-157.836319
0.1504535824,0.3490402102,-0.01716284454,-0.00469808653,1,1.712809563,0.01779424772,1.254630327,0,0.4907565713,-0.5899233818,-164.6911011
0.1552971601,0.237637952,0.01397667266,0.002876303857,1,-0.1339676678,0.01426956616,-0.09446786344,0,0.8386487961,0.4222623706,11.62873173
0.1552971601,0.2424815297,0.01568326168,0.001624892233,1,0.08878996968,0.01576721296,-0.2943238616,0,0.686224103,0.3769193888,5.915126324
0.1552971601,0.2473251075,0.01773051359,-0.0003749149619,1,0.0562415719,0.0177344773,-0.2172262818,0,0.3903576732,0.5793243051,-1.211349368
0.1552971601,0.2521686852,0.01784639992,-0.002233262407,1,-0.5743101835,0.0179855898,-0.1232027411,16.82765388,0.0002820789814,0.6644489169,-7.132800579
0.1552971601,0.257012248,0.01495016832,-0.004189961124,1,-1.766503811,0.01552621368,-0.2917621136,51.91635513,-0.2010840774,0.4080777764,-15.65615654
0.1552971601,0.2618558407,0.008316234685,-0.005622991361,1,-2.006625175,0.01003881451,-0.276145786,59.57921219,-0.07712000608,-0.07929974049,-34.06444931
0.1552971601,0.2666994035,0.004857386928,-0.005143400282,1,-1.098669529,0.007074515801,-0.1484058797,28.58421707,0.5264517665,-0.3136321008,-46.63816071
0.1552971601,0.2715429962,0.005544653162,-0.004822705407,1,-0.4098888636,0.00734858308,-0.2279484272,0,0.5022747517,-0.3785583973,-41.01654434
0.1552971601,0.276386559,0.005304865073,-0.004413909279,1,-0.4754312336,0.0069010281,-0.2218110114,3.873890162,0.4001989663,-0.6938167214,-39.76212692
0.1552971601,0.2812301517,0.005180259701,-0.002536509186,1,-0.4267419577,0.005767926108,-0.2478604019,0,0.5495797396,-0.8576743007,-26.08863831
0.1552971601,0.2860737145,0.005899839569,-0.001460228465,1,-0.4133727252,0.006077859551,-0.2474725544,0,0.7394624949,-0.5372923613,-13.90151787
0.1552971601,0.2909172773,0.006759696174,-0.001132748555,1,-0.4003263116,0.006853948813,-0.2213922143,0,1.001741886,-0.3301155567,-9.512889862
0.1552971601,0.29576087,0.008812842891,-0.0009336185758,1,-0.1753057837,0.008862158284,-0.2962037027,0,1.331363916,-0.2290643603,-6.047268391
0.1552971601,0.3006044328,0.01235915348,-0.001457943232,1,0.1107868552,0.01244484913,-0.2599742711,0,1.625290632,0.02241458744,-6.727784157
0.1552971601,0.3054480255,0.01722166874,-0.002301390981,1,-0.2387295961,0.01737475954,-0.02192481607,0,1.787159681,0.2367808521,-7.611537933
0.1552971601,0.3102915883,0.01985909417,-0.002711004345,1,-1.18411696,0.02004328184,-0.08676448464,0,1.834016562,1.06082654,-7.773509979
0.1552971601,0.315135181,0.02036950737,-0.007859837264,1,-2.617748737,0.02183332108,-0.1711648703,63.18652344,1.544952393,1.946200728,-21.09975243
0.1552971601,0.3199787438,0.01466292236,-0.01296662912,1,-4.735110283,0.01957382821,-0.7912818193,139.3671875,0.4608950615,2.810740948,-41.48678589
0.1552971601,0.3248223364,-0.0003329852188,-0.0253065154,1,-6.22420311,0.02530870587,0.2849700451,186.3635101,0.2581837177,1.164198279,-90.75385284
0.1552971601,0.3296658993,-0.01423395611,-0.01722523943,1,-5.932651997,0.0223453436,0.8518592715,175.7971191,-0.3606190681,-1.925570726,-129.5683899
0.1552971601,0.3345094621,-0.03081483953,-0.01185385883,1,-3.581435204,0.03301618248,-0.1761974096,105.5899277,0.6378182173,-2.248609066,-158.959259
0.1552971601,0.3393530548,-0.0284915939,-0.007187353447,1,-0.9948954582,0.02938416228,-0.3823276758,0,1.609465122,-1.621316314,-165.8418274
0.1552971601,0.3441966176,-0.02783812396,-0.005852721166,1,0.9457556605,0.02844671346,-0.5545502901,0,2.593633175,0.0184520483,-168.1269836
0.1552971601,0.3490402102,-0.01134828851,-0.009962734766,1,3.539645195,0.01510098483,-0.1682745814,0,3.269282341,1.528818369,-138.7199097
0.1601407379,0.237637952,0.01370740309,0.005223581567,1,-0.04432994127,0.01466897037,-0.4452211559,0,0.7450674772,0.5110737681,20.86071396
0.1601407379,0.2424815297,0.01540444139,0.002907637274,1,0.07480582595,0.01567645371,-0.5435596108,0,0.7479178905,0.3937984109,10.68900299
0.1601407379,0.2473251075,0.01769232936,0.0006834151573,1,-0.2985796332,0.01770552434,-0.4745533466,0,0.7414419651,0.1456082016,2.212108135
0.1601407379,0.2521686852,0.01754947938,-9.616331226e-05,1,-1.042934179,0.01754974201,-0.2431796044,29.63821793,0.2291003764,-0.2767378986,-0.313952148
0.1601407379,0.257012248,0.01375046838,0.0008459570818,1,-1.90019393,0.01377646625,-0.1443059593,56.77653885,-0.08908414841,-0.4165275693,3.520516872
0.1601407379,0.2618558407,0.007914256305,0.001222363207,1,-2.000314951,0.008008097298,-0.04881713539,59.85417938,0.1343284249,0.1582591832,8.780002594
0.1601407379,0.2666994035,0.004712417722,-0.0001570331951,1,-1.321802497,0.004715033341,-0.1122945845,37.01691437,0.460383743,0.305434823,-1.908576846
0.1601407379,0.2715429962,0.003741907421,-0.0008009417215,1,-1.057970643,0.003826666856,-0.2234697342,26.62839699,0.5305241346,-0.2155191898,-12.08164501
0.1601407379,0.276386559,0.002157689771,-0.000195542234,1,-0.9446834922,0.002166532213,-0.3472768068,19.52827263,0.5899769664,-0.6229875088,-5.178326607
0.1601407379,0.2812301517,0.002023858717,0.0005344843375,1,-0.3911006451,0.002093245741,-0.3680576086,0,0.748657763,-0.7110878229,14.79359055
0.1601407379,0.2860737145,0.003889545333,0.001465951325,1,-0.1687320173,0.004156630486,-0.1400217414,0,0.8822010756,-0.5692201853,20.6511898
0.1601407379,0.2909172773,0.005479590967,0.002613333985,1,-0.267275542,0.006070867646,-0.009286522865,0,1.097351313,-0.3592880666,25.49747086
0.1601407379,0.29576087,0.007910082117,0.003161211032,1,-0.1424534321,0.008518371731,-0.1917040646,0,1.386947155,-0.1202461198,21.78378677
0.1601407379,0.3006044328,0.01150739286,0.00226722192,1,0.01889628172,0.01172861364,-0.2023735791,0,1.610732555,-0.1580806524,11.14583397
0.1601407379,0.3054480255,0.01580331661,0.002946674824,1,-0.1610634327,0.01607568748,0.01027029753,0,1.923541069,-0.5071943998,10.56204033
0.1601407379,0.3102915883,0.02004409023,0.004773602355,1,-0.582978785,0.02060467936,-0.02939027548,0,2.080410719,-0.5487034321,13.39574432
0.1601407379,0.315135181,0.02305624448,0.005462008528,1,-2.318756819,0.02369438671,-0.5577725172,36.74898148,1.88809073,-0.1683994234,13.32763577
0.1601407379,0.3199787438,0.0179581251,0.002887643641,1,-5.527477741,0.01818880811,-0.3714616895,158.1996002,1.614114404,0.5784630775,9.134893417
0.1601407379,0.3248223364,0.004101566039,0.0008609741344,1,-8.582660675,0.004190956708,0.02759318054,255,1.186049938,0.3217743635,11.85503292
0.1601407379,0.3296658993,-0.01786793023,0.001462754328,1,-7.382481575,0.01792770438,-0.2556940913,221.2754517,0.1705107689,-0.7311362624,175.319931
0.1601407379,0.3345094621,-0.03083006851,0.003163808258,1,-4.304037094,0.03099198081,0.2164080143,123.2130051,1.268289804,0.1426500678,174.1407623
0.1601407379,0.3393530548,-0.0325718075,0.001820006757,1,-1.147027254,0.03262261674,-0.5661099553,0,2.330863476,0.33145082,176.8018188
0.1601407379,0.3441966176,-0.0250960663,-0.001183597022,1,1.196784019,0.02512396127,-0.3821175992,0,3.34507823,1.233964086,-177.2997894
0.1601407379,0.3490402102,-0.01057294477,-0.006007610355,1,1.623853326,0.01216053218,-1.72123456,0,4.372985363,0.2706809044,-150.394516
0.1649843156,0.237637952,0.01429563481,0.006699811667,1,-0.1683362424,0.01578773744,-0.3920194805,0,0.4417897761,0.3572815955,25.11067009
0.1649843156,0.2424815297,0.01495788153,0.004885162693,1,-0.3437265754,0.01573540643,-0.4263825119,0,0.7239428759,-0.005763441324,18.08675575
0.1649843156,0.2473251075,0.01613724232,0.004662510473,1,-0.7385053039,0.01679730974,-0.3880828619,0,0.8149482608,-0.1904548258,16.11551857
0.1649843156,0.2521686852,0.01532813907,0.003927935846,1,-1.230011702,0.01582341641,-0.2790520489,33.60968018,0.424094975,-0.2624898255,14.3731308
0.1649843156,0.257012248,0.01223372761,0.004582290072,1,-1.407391191,0.0130637465,0.005283713341,42.16909027,0.06916284561,-0.1574851573,20.53404427
0.1649843156,0.2618558407,0.0088463258,0.004716319498,1,-1.344573975,0.01002502628,0.1617705822,40.04047775,0.01480257511,0.3875401616,28.06381035
0.1649843156,0.2666994035,0.005792876706,0.003488757648,1,-1.326679945,0.006762311328,0.02596746385,39.30855942,0.2060309649,0.4068898559,31.05843735
0.1649843156,0.2715429962,0.003418376204,0.00287129241,1,-1.332981825,0.004464259837,-0.0307398811,39.19753265,0.261963129,0.06617600471,40.02885056
0.1649843156,0.276386559,0.0006053146208,0.003019338008,1,-1.067138672,0.003079416696,-0.114376545,30.02866173,0.3517499566,-0.1376458704,78.6636734
0.1649843156,0.2812301517,-4.666506356e-05,0.002983999206,1,-0.4335719645,0.002984364051,-0.2646346986,0,0.8174321651,-0.3907211721,90.89593506
0.1649843156,0.2860737145,0.002464571269,0.003630047664,1,-0.03630030155,0.004387637135,-0.04877769947,0,1.072963119,-0.5634667277,55.82599258
0.1649843156,0.2909172773,0.004974476527,0.00547692785,1,-0.1128381789,0.00739879394,0.1480385512,0,1.111545563,-0.4391523004,47.75237656
0.1649843156,0.29576087,0.007301887963,0.006474152207,1,-0.1037587523,0.009758699685,-0.07419331372,0,1.267937183,-0.234263435,41.56150436
0.1649843156,0.3006044328,0.01061326545,0.006252239924,1,-0.05062657595,0.01231795084,-0.1586443037,0,1.601730108,-0.4314593673,30.50220108
0.1649843156,0.3054480255,0.01481477823,0.007795553189,1,-0.2550601363,0.01674061827,-0.1750947237,0,1.585850477,-0.9879420996,27.75339699
0.1649843156,0.3102915883,0.01705905236,0.01018932927,1,-0.7404777408,0.01987042278,-0.4427142739,0,1.161129475,-1.417366266,30.84976578
0.1649843156,0.315135181,0.01685223728,0.01251635607,1,-1.474829197,0.02099183388,-0.07413089275,26.15863419,1.187128067,-2.434967518,36.60171127
0.1649843156,0.3199787438,0.01566554978,0.02162422612,1,-4.22808075,0.02670237049,0.04185831547,123.0152588,1.029404998,-1.917981863,54.07875824
0.1649843156,0.3248223364,0.001359203598,0.02200899459,1,-6.891100883,0.0220509246,-0.7821834087,205.2321625,-0.2687501907,-0.3143560886,86.46608734
0.1649843156,0.3296658993,-0.01901374571,0.01935826801,1,-5.923879623,0.02713420615,-0.4416454434,176.8873749,-0.3597009182,0.9773218036,134.4855804
0.1649843156,0.3345094621,-0.02907571383,0.0151361376,1,-2.773582935,0.03277956322,-0.3461898565,80.68590546,0.5821369886,1.656500697,152.4995728
0.1649843156,0.3393530548,-0.02962818369,0.009658080526,1,-0.7339026928,0.03116260283,-0.3873179555,0,1.841260791,1.797725916,161.9452667
0.1649843156,0.3441966176,-0.02371213958,0.004552708007,1,0.09879767895,0.02414524183,-0.4373613894,0,2.224696636,0.8643996716,169.1315155
0.1649843156,0.3490402102,-0.01837415807,0.003352899803,1,-0.6930822134,0.01867756993,-0.6419867277,0,2.897223473,-0.1465659589,169.658493
0.1698278934,0.237637952,0.01353914756,0.008178774267,1,-0.3844792545,0.01581773907,-0.2509578168,0,0.2904005349,-0.2097499222,31.13547897
0.1698278934,0.2424815297,0.01331130881,0.008078977466,1,-0.4224242568,0.01557115372,-0.3300209641,0,0.7013481259,-0.3359904885,31.25464439
0.1698278934,0.2473251075,0.01489013713,0.008207688108,1,-0.4499918818,0.0170024205,-0.3382725418,0,0.7834582925,-0.3045481741,28.86427689
0.1698278934,0.2521686852,0.0149264792,0.007915630937,1,-0.9275043011,0.016895473,-0.2351611704,21.49396706,0.540007472,-0.1918198615,27.93736267
0.1698278934,0.257012248,0.01301326882,0.007997761481,1,-1.224408507,0.01527446695,0.06792025268,35.34669876,0.3259830475,0.09042882919,31.57426453
0.1698278934,0.2618558407,0.01057488564,0.007806608919,1,-1.43849802,0.01314425189,0.162996307,42.61428452,0.1575702429,0.3139158487,36.43554688
0.1698278934,0.2666994035,0.006808995735,0.007266771048,1,-1.628684282,0.009958332404,0.01972717792,48.26041412,0.2533909082,0.201888144,46.86272812
0.1698278934,0.2715429962,0.00391354505,0.006924298126,1,-1.64671278,0.007953724824,-0.09118428826,47.57150269,0.4343866706,0.0305884853,60.52529907
0.1698278934,0.276386559,0.0009369995678,0.006676955149,1,-1.530459285,0.006742381025,-0.0455210954,43.52496338,0.4849607944,0.02270913124,82.01165771
0.1698278934,0.2812301517,-0.001150408527,0.006593819708,1,-0.9772396088,0.006693421863,-0.1410413086,0,0.9745746255,-0.1744463742,99.89664459
0.1698278934,0.2860737145,0.0009240918444,0.006838755216,1,-0.2477563024,0.006900907028,-0.06987012923,0,1.32546854,-0.4724481702,82.30447388
0.1698278934,0.2909172773,0.00406955881,0.008543731645,1,-0.02143651247,0.009463437833,0.1232530028,0,1.15530014,-0.4891810417,64.53056335
0.1698278934,0.29576087,0.006416047923,0.009805127047,1,-0.1940952241,0.01171777211,-0.0459163934,0,1.139598966,-0.4024313688,56.80101013
0.1698278934,0.3006044328,0.008649179712,0.01027053967,1,-0.4163198471,0.01342729665,-0.2379146516,0,1.191368699,-0.6628364325,49.89809799
0.1698278934,0.3054480255,0.01017005742,0.01186326891,1,-0.5187603831,0.01562585123,-0.465295136,0,1.011261106,-1.232010365,49.39441299
0.1698278934,0.3102915883,0.01103464514,0.01398418471,1,-0.6197367907,0.01781350002,-0.4016448855,0,0.7711070776,-1.742004395,51.72372818
0.1698278934,0.315135181,0.01090323087,0.01835540496,1,-1.194943547,0.02134950459,0.4008830786,25.2300396,0.7482344508,-2.56562233,59.28940964
0.1698278934,0.3199787438,0.008870975114,0.02835268341,1,-1.850642562,0.0297080595,0.3784611225,50.72354889,-0.650161624,-2.632006884,72.6261673
0.1698278934,0.3248223364,-0.001209608396,0.03293684125,1,-3.34383297,0.03295904398,-0.3506850004,86.76643372,-1.640976787,-0.3631974459,92.10324097
0.1698278934,0.3296658993,-0.01527334005,0.0284132883,1,-2.906594276,0.03225817531,-0.4295244217,64.75505066,-1.898518801,2.361673594,118.259903
0.1698278934,0.3345094621,-0.02448347583,0.01941749826,1,-1.473188162,0.03124867752,0.01541149616,39.07875061,-0.6878274083,2.930669308,141.5825653
0.1698278934,0.3393530548,-0.02574038692,0.01429301128,1,-0.3467859924,0.02944244817,0.2318255901,0,0.6473494768,2.359207153,150.9576416
0.1698278934,0.3441966176,-0.02302767336,0.009113360196,1,0.529396832,0.02476543933,0.4362372756,0,1.813504696,1.037176609,158.4084778
0.1698278934,0.3490402102,-0.01439236104,0.01138231531,1,0.9273023605,0.01834930852,0.9357550144,0,2.638361692,-0.001134335995,141.6610107
0.1746714562,0.237637952,0.0120641645,0.009968639351,1,-0.3532862663,0.01564985141,-0.2214310467,0,0.2161330432,-0.3699137866,39.56697845
0.1746714562,0.2424815297,0.01173200831,0.01032823324,1,-0.3091173768,0.01563049667,-0.2728809714,0,0.5072210431,-0.4108313918,41.35896683
0.1746714562,0.2473251075,0.01302369498,0.01063681301,1,-0.2885148227,0.0168154221,-0.2254222035,0,0.603987813,-0.3715329766,39.23946762
0.1746714562,0.2521686852,0.01326002646,0.01103593223,1,-0.5995972157,0.01725167036,-0.1175808758,0,0.5948501825,-0.4179599881,39.7696228
0.1746714562,0.257012248,0.01300070249,0.01209172048,1,-0.9584401846,0.01775466092,0.1058195382,23.86245537,0.5241036415,-0.1855056435,42.92534637
0.1746714562,0.2618558407,0.01115628332,0.01244698837,1,-1.551298857,0.01671496965,0.1227766722,45.59803391,0.2847937346,0.01686314866,48.13000107
0.1746714562,0.2666994035,0.006866286043,0.01260472089,1,-1.971861959,0.0143535668,0.01503521949,58.39884949,0.3137060404,-0.08907299489,61.42113876
0.1746714562,0.2715429962,0.003124876181,0.0129512446,1,-1.836243153,0.01332289632,-0.1485616565,52.6352005,0.5207976699,-0.1849904358,76.43494415
0.1746714562,0.276386559,0.0004948232672,0.01278116647,1,-1.687553406,0.0127907414,-0.2226228416,45.33525085,0.7172732353,-0.1166070253,87.78289795
0.1746714562,0.2812301517,-0.001574751805,0.01243774872,1,-1.145990133,0.01253704261,-0.3235542774,13.00068092,1.010344744,-0.007446363568,97.21585846
0.1746714562,0.2860737145,-0.0001621853735,0.01125007309,1,-0.4149650931,0.01125124283,-0.3187484741,0,1.40118742,-0.05835862458,90.82593536
0.1746714562,0.2909172773,0.003202078398,0.011176534,1,0.0189076066,0.01162618678,-0.03293807805,0,1.073770046,-0.3805985451,74.01298523
0.1746714562,0.29576087,0.005130284,0.01293399371,1,-0.2246814668,0.01391430944,0.0235337913,0,0.8540376425,-0.5674877167,68.36418915
0.1746714562,0.3006044328,0.006250414066,0.01403919235,1,-0.4610403478,0.01536771283,-0.196837157,0,0.7631878853,-0.665979147,66.00080872
0.1746714562,0.3054480255,0.006593759172,0.01520631928,1,-0.5066357851,0.01657437161,-0.2580236197,0,0.594529748,-0.8540266752,66.55749512
0.1746714562,0.3102915883,0.006676135585,0.01692597941,1,-0.4289757907,0.01819504239,0.04057329893,5.715686798,0.3821946681,-1.347234726,68.47418213
0.1746714562,0.315135181,0.006367171183,0.021928275,1,-0.4240832925,0.02283396758,0.335678339,7.734008789,0.02648608387,-1.834795952,73.8086319
0.1746714562,0.3199787438,0.004750342574,0.0274388399,1,-0.2901934981,0.02784700505,0.0971762538,0,-1.457627535,-1.622342825,80.17803955
0.1746714562,0.3248223364,-0.002098536352,0.03025689907,1,-0.5475255251,0.03032958694,-0.5477280021,0,-2.426637173,0.1125046015,93.96752167
0.1746714562,0.3296658993,-0.00965524558,0.02424095199,1,-0.6780321002,0.02609305456,-0.3608856201,0,-1.945579529,1.975578785,111.7175446
0.1746714562,0.3345094621,-0.01480616443,0.01894008741,1,-0.6811003089,0.0240405798,0.427123189,0,-0.8514629006,2.443753719,128.0160522
0.1746714562,0.3393530548,-0.01707833447,0.01447324548,1,-0.2563492954,0.02238625288,0.4816196561,0,-0.1089574993,2.167917252,139.719986
0.1746714562,0.3441966176,-0.01657555625,0.01077237446,1,0.07831433415,0.01976848766,0.6988970041,0,0.5887705088,1.283735275,146.9803619
0.1746714562,0.3490402102,-0.01384725701,0.01164053567,1,0.6925225854,0.01809001341,0.860406816,0,0.4340376258,0.5019286275,139.9483185
0.179515034,0.237637952,0.01067492738,0.01093679667,1,-0.3038255572,0.0152829187,-0.1820443422,0,0.025012061,-0.6346738935,45.69421768
0.179515034,0.2424815297,0.009999699891,0.01203296985,1,-0.06212870777,0.01564564928,-0.1288616508,0,0.335442245,-0.4579140544,50.27256775
0.179515034,0.2473251075,0.01199874282,0.01253058761,1,-0.105104208,0.0173489321,-0.07045269012,0,0.5867418647,-0.4148367345,46.24209213
0.179515034,0.2521686852,0.01233254932,0.01370102074,1,-0.4150748849,0.01843392849,0.04161961377,0,0.5448470712,-0.5050802827,48.00901794
0.179515034,0.257012248,0.0126273036,0.0151785668,1,-0.7390224934,0.01974430867,0.07143227756,15.73238182,0.5157767534,-0.5477033854,50.24235916
0.179515034,0.2618558407,0.01125124097,0.01669985242,1,-1.462623477,0.02013642155,0.1550702602,43.26652145,0.1873440742,-0.4970331192,56.03055191
0.179515034,0.2666994035,0.006450388581,0.01833708026,1,-1.91727972,0.01943851821,0.02527658641,57.47452927,0.06879502535,-0.3135098219,70.61978912
0.179515034,0.2715429962,0.002297962084,0.01834079064,1,-1.675067186,0.01848418824,-0.1619618684,49.6626358,0.1975494027,-0.1594476253,82.85848236
0.179515034,0.276386559,-0.0007060841308,0.01832490228,1,-1.530123472,0.01833849959,-0.2961331904,42.59698486,0.4871762395,-0.0271974653,92.20658875
0.179515034,0.2812301517,-0.00275363354,0.01703817956,1,-0.8679543138,0.01725926064,-0.3595917225,0,0.8274121881,0.1956764311,99.18049622
0.179515034,0.2860737145,-0.00090245303,0.01563541777,1,-0.1178382635,0.01566144079,-0.3768645227,0,1.11301446,0.3220315278,93.30335999
0.179515034,0.2909172773,0.002066564979,0.01365303248,1,0.09283316135,0.01380854752,-0.2696571052,0,0.8741838336,-0.1446588337,81.39286804
0.179515034,0.29576087,0.003781368956,0.01502997894,1,-0.07398313284,0.01549835503,0.01164224744,0,0.5702079535,-0.5142382383,75.87812805
0.179515034,0.3006044328,0.004470068496,0.01620017551,1,-0.2338614762,0.01680557057,-0.08370561898,0,0.4408148229,-0.5310738087,74.57437897
0.179515034,0.3054480255,0.00478376355,0.01719684154,1,-0.2752411664,0.01784981042,-0.145013541,0,0.3238973916,-0.4986716211,74.45466614
0.179515034,0.3102915883,0.004705738742,0.01791314594,1,-0.2972866893,0.01852092706,0.02568680048,8.690731049,0.06159024686,-0.6640776992,75.28111267
0.179515034,0.315135181,0.003642149502,0.02053776942,1,-0.07961988449,0.02085821703,0.1031656265,0,-0.5855939984,-0.884738028,79.94377136
0.179515034,0.3199787438,0.001483723638,0.02269813418,1,0.01024824381,0.022746576,-0.07628032565,0,-1.447159767,-0.7570711374,86.26003265
0.179515034,0.3248223364,-0.003317643423,0.02383523248,1,0.1413834095,0.0240650177,-0.104520075,0,-1.986338615,-0.01691928506,97.92412567
0.179515034,0.3296658993,-0.007452460472,0.02227383293,1,-0.151070714,0.02348750271,-0.09812057018,0,-1.347937226,0.9843258858,108.4994049
0.179515034,0.3345094621,-0.01057818253,0.01859233528,1,-0.2623676658,0.02139095217,0.0505913496,0,-0.8638057113,1.550911903,119.6378784
0.179515034,0.3393530548,-0.01290716883,0.0150069138,1,-0.2839378715,0.01979400031,0.0811496377,0,-0.3037417531,1.527713537,130.6982117
0.179515034,0.3441966176,-0.01342465449,0.01158579066,1,0.4727108479,0.0177327916,0.1115558147,0,0.5829912424,1.118371129,139.2050476
0.179515034,0.3490402102,-0.007793793455,0.01013032533,1,1.764548063,0.01278149802,0.08878338337,0,0.5605280399,0.6897692084,127.5729904
0.1843586117,0.237637952,0.008108326234,0.01156139001,1,-0.08432175219,0.01412128564,-0.4667702615,0,0.4070535302,-0.7527196407,54.95694733
0.1843586117,0.2424815297,0.00888991449,0.01225389913,1,0.08250574768,0.01513897721,0.1025597006,0,0.44702667,-0.3983992338,54.04000473
0.1843586117,0.2473251075,0.01067315787,0.01398782339,1,-0.1300896555,0.01759475842,0.03354880214,0,0.5688777566,-0.6749129295,52.6552124
0.1843586117,0.2521686852,0.01101521868,0.01568538882,1,-0.3685821593,0.01916680671,0.04679217935,0,0.3728534877,-0.8165410757,54.92117691
0.1843586117,0.257012248,0.01069384627,0.01816943847,1,-0.5988521576,0.02108285762,0.05720439553,15.69004536,0.2860133648,-0.9241663218,59.52053452
0.1843586117,0.2618558407,0.009499959648,0.02043873444,1,-0.9802715778,0.02253865637,-0.001584649086,29.25926399,-0.09819567204,-0.8387736082,65.07091522
0.1843586117,0.2666994035,0.00547020603,0.02222442813,1,-1.203880072,0.02288773283,-0.09291771054,33.57453156,-0.4337225556,-0.419675082,76.17237091
0.1843586117,0.2715429962,0.001568104257,0.02202140912,1,-1.086548805,0.02207716927,-0.03421832994,31.60203552,-0.2639941871,-0.101872012,85.92694855
0.1843586117,0.276386559,-0.001071253908,0.02255211398,1,-0.7659820318,0.02257754095,-0.04499734938,22.89603806,-0.04680410028,0.2382685989,92.71957397
0.1843586117,0.2812301517,-0.002368688351,0.02064938843,1,-0.2680102587,0.02078480087,-0.2261459231,0,0.4008626342,0.876408875,96.5437851
0.1843586117,0.2860737145,-0.0004277731641,0.01721180417,1,0.09129819274,0.01721711829,-0.413410604,0,0.6445228457,0.760997951,91.42370605
0.1843586117,0.2909172773,0.001195307006,0.01496106666,1,-0.003786861897,0.01500874013,-0.1561535597,0,0.6487015486,0.08284763992,85.43209076
0.1843586117,0.29576087,0.00269592111,0.01605418324,1,0.02012723684,0.01627896726,0.1017009914,0,0.408765465,-0.3826460838,80.46746063
0.1843586117,0.3006044328,0.003272682196,0.01730703935,1,-0.04989020526,0.01761374623,0.02578552067,0,0.2109486014,-0.398303926,79.29206085
0.1843586117,0.3054480255,0.003476019949,0.01810829341,1,-0.004247318953,0.01843889989,-0.07232473791,0,0.06852984428,-0.3525284529,79.13383484
0.1843586117,0.3102915883,0.00358403963,0.0186642278,1,-0.09245069325,0.0190052297,-0.06646174192,0,-0.09221765399,-0.3491570055,79.12996674
0.1843586117,0.315135181,0.002581564477,0.01947754994,1,-0.08557203412,0.01964788698,0.02791583538,0,-0.5069856644,-0.3262733221,82.44998932
0.1843586117,0.3199787438,0.0007139402442,0.02037977055,1,-0.1494924128,0.02039227262,-0.05689734966,0,-0.9381957054,-0.1546685994,87.99364471
0.1843586117,0.3248223364,-0.002686737338,0.01995111257,1,-0.01741409302,0.02013120614,-0.1317953914,0,-1.237191916,0.2678956389,97.66965485
0.1843586117,0.3296658993,-0.005362841301,0.0184438359,1,0.1453079283,0.01920768432,-0.127790302,0,-1.045971751,0.6823854446,106.2126389
0.1843586117,0.3345094621,-0.007049159147,0.01602697559,1,-0.03261518478,0.01750870049,0.1211490333,0,-0.7772901654,0.9607168436,113.7413712
0.1843586117,0.3393530548,-0.00928568095,0.01437732391,1,-0.2659360468,0.01711523533,0.1172045171,0,-0.4709469974,1.091783524,122.856636
0.1843586117,0.3441966176,-0.01061830949,0.01130652614,1,-0.02865508571,0.01551083568,-0.4369119406,0,-0.134570539,1.332142591,133.2021027
0.1843586117,0.3490402102,-0.01007627696,0.005808771122,1,0.03964536637,0.01163069997,-0.8880573511,0,0.1841688752,1.382057071,150.0374146
0.1892021894,0.237637952,0.004768233281,0.01331681106,1,0.6122574806,0.01414473355,-0.2008656263,0,0.9562296867,-0.3997864723,70.2995224
0.1892021894,0.2424815297,0.008566778153,0.01379855536,1,-0.03061339259,0.01624160819,0.1571684331,0,0.88205266,-0.3794760704,58.1660881
0.1892021894,0.2473251075,0.008892245591,0.01591609046,1,-0.3531396985,0.01823167503,0.3295916617,0,0.3608679771,-0.3917070925,60.80810928
0.1892021894,0.2521686852,0.008604210801,0.01729222201,1,-0.198956877,0.01931458898,0.1325514764,3.199922323,0.1031309664,-0.6000467539,63.54611969
0.1892021894,0.257012248,0.008428106084,0.01946448162,1,-0.03422351182,0.02121082321,-0.09023618698,0,-0.2596316934,-0.850012064,66.58742523
0.1892021894,0.2618558407,0.007180900313,0.02097225562,1,-0.03396701813,0.02216756344,-0.2727988362,0,-0.8869432807,-0.8101941943,71.09880066
0.1892021894,0.2666994035,0.003967605531,0.02206739783,1,-0.09598237276,0.02242123894,-0.1375565529,0,-1.048234224,-0.4168215394,79.80740356
0.1892021894,0.2715429962,0.001638797927,0.02232489735,1,0.03648835421,0.02238496579,0.04925945401,0,-0.8081421852,0.1027532518,85.80163574
0.1892021894,0.276386559,0.0002300402266,0.02180829644,1,0.256164968,0.02180950902,-0.02754718065,0,-0.5127588511,0.3950701952,89.39564514
0.1892021894,0.2812301517,0.0003959655005,0.02027791739,1,0.4538066983,0.02028178237,-0.1626816094,7.58050251,-0.3400327563,0.5585398674,88.8813324
0.1892021894,0.2860737145,0.0007811132236,0.01831500418,1,0.1284618974,0.01833165251,-0.1697719991,0,0.1431432366,0.5455087423,87.55788422
0.1892021894,0.2909172773,0.001711502089,0.01681341045,1,-0.1466365457,0.01690029539,0.1562684029,0,0.4851211309,0.4458530545,84.18766022
0.1892021894,0.29576087,0.002420589561,0.01691237837,1,-0.1294423938,0.01708472334,0.1917749792,0,0.3264547586,0.0575440079,81.85483551
0.1892021894,0.3006044328,0.002665746724,0.0174635686,1,0.1962530464,0.01766585372,-0.06494484842,3.859644651,-0.1332077831,-0.1964519769,81.3210144
0.1892021894,0.3054480255,0.002725954168,0.01754934341,1,0.4180679619,0.01775979251,-0.20683828,0,-0.4125120938,-0.2998906374,81.17076111
0.1892021894,0.3102915883,0.002692657057,0.01791427471,1,0.3028598428,0.0181155093,-0.196733892,0,-0.4120606184,-0.3923075199,81.45198059
0.1892021894,0.315135181,0.002197031863,0.01849661954,1,-0.1036744714,0.01862664521,-0.0779768303,0,-0.3574866056,-0.2769442201,83.22613525
0.1892021894,0.3199787438,0.000458987517,0.01887798868,1,-0.5725596547,0.01888356917,-0.1449109614,10.47892284,-0.4298942089,-0.02733758092,88.60721588
0.1892021894,0.3248223364,-0.002658431185,0.01792714372,1,-0.6511853933,0.01812318154,-0.2280925661,13.04758167,-0.4276088476,0.2620846331,98.43495941
0.1892021894,0.3296658993,-0.004766236059,0.01650377735,1,-0.1878465414,0.01717823185,-0.4321448207,0,-0.3653928041,0.1751972884,106.1085434
0.1892021894,0.3345094621,-0.005338080693,0.01498544402,1,-0.1123891249,0.01590781659,-0.4814061522,0,-0.3593913019,0.03264565766,109.6068039
0.1892021894,0.3393530548,-0.007051341236,0.01401392743,1,-0.2647702396,0.0156879425,-0.3088691831,0,-0.5095448494,0.498935163,116.7100143
0.1892021894,0.3441966176,-0.009088535793,0.01107278094,1,0.01790596545,0.01432508137,0.1927197576,0,0.3228078485,0.8500006795,129.3791504
0.1892021894,0.3490402102,-0.005401067436,0.01083033625,1,-0.8962520361,0.01210238505,1.955201983,0,2.418869257,2.055311441,116.5053482
0.1940457672,0.237637952,0.005199021194,0.013227446,1,0.5581605434,0.01421249937,0.8006086349,0,0.5212601423,-0.6227285862,68.54279327
0.1940457672,0.2424815297,0.007813150063,0.01667446829,1,-0.05972343683,0.01841421239,0.2799039483,0,1.127792597,-0.5910905004,64.89363861
0.1940457672,0.2473251075,0.01037229691,0.01744617522,1,-0.219099462,0.02029663883,0.3545116186,0,0.4126999378,0.2566280961,59.26719284
0.1940457672,0.2521686852,0.008750868961,0.01714857481,1,-0.4072741866,0.01925230771,-0.007763165981,0,-0.466588676,0.06832094491,62.96491241
0.1940457672,0.257012248,0.006139680743,0.01707765646,1,0.02861317992,0.01814778335,-0.559312582,0,-0.9569497108,-0.3856192231,70.22571564
0.1940457672,0.2618558407,0.004254398867,0.0163072776,1,0.6168279052,0.01685310714,-0.5490298271,0,-1.309425116,-0.6593750715,75.37805176
0.1940457672,0.2666994035,0.002785032615,0.017612122,1,0.7185331583,0.01783096418,-0.07660123706,0,-1.12112999,-0.4117043018,81.01413727
0.1940457672,0.2715429962,0.002304389607,0.01793037541,1,0.6929674745,0.01807784662,0.2629082501,0,-1.121609449,0.01192647219,82.67656708
0.1940457672,0.276386559,0.0007088722778,0.01882777177,1,0.3308857381,0.01884111203,-0.01737825572,0,-0.8998262882,0.2150965929,87.84381104
0.1940457672,0.2812301517,-0.0004513182794,0.01680436544,1,0.787678957,0.01681042463,-0.3344041407,0,-0.6466128826,-0.01545450091,91.53842926
0.1940457672,0.2860737145,0.001392136794,0.01728291437,1,0.6841266155,0.01733889244,0.2517477274,0,0.2579582632,0.0005548447371,85.39477539
0.1940457672,0.2909172773,0.004111729097,0.01802103408,1,0.009923756123,0.01848415658,0.5966556668,0,0.5085731745,0.3944410384,77.14725494
0.1940457672,0.29576087,0.003903517034,0.01826235652,1,-0.4960278571,0.0186748784,0.0677279532,0,0.06140229106,0.5445994139,77.93478394
0.1940457672,0.3006044328,0.002006586408,0.01571127027,1,0.06428295374,0.01583888941,-0.5672834516,0,-0.6592724323,0.2951043248,82.72179413
0.1940457672,0.3054480255,0.001021639095,0.01408531424,1,0.5834988356,0.01412231661,-0.404499054,0,-0.8468608856,-0.2992431521,85.85147095
0.1940457672,0.3102915883,0.0007309717475,0.01520145498,1,0.5436556935,0.01521901973,0.02472409606,0,-0.576516211,-0.834739089,87.24701691
0.1940457672,0.315135181,0.0008624768816,0.0182481911,1,-0.03659214824,0.01826856099,0.3303567767,0,-0.139172703,-0.881418407,87.29400635
0.1940457672,0.3199787438,-0.0001203589272,0.0210707821,1,-0.8021093607,0.02107112668,0.1679686904,0,0.1033343375,-0.4071912169,90.32727814
0.1940457672,0.3248223364,-0.002522094175,0.02103402279,1,-1.311095476,0.0211846903,-0.3318034112,0,-0.02820944786,0.3880994022,96.83742523
0.1940457672,0.3296658993,-0.006607386749,0.01758387685,1,-0.9147051573,0.01878430881,-1.020499945,0,-0.4687126875,0.260255903,110.5944061
0.1940457672,0.3345094621,-0.009222765453,0.0148306014,1,-0.1494772732,0.01746442541,-1.255426049,0,-0.2134145796,-0.3486298621,121.8764038
0.1940457672,0.3393530548,-0.008365081623,0.0131917391,1,0.5470470786,0.01562038902,-0.4825710058,0,0.2075508088,-0.05989594758,122.3793945
0.1940457672,0.3441966176,-0.005567811895,0.01278334204,1,1.475450158,0.01394325495,1.622305632,0,2.181771517,-0.168535769,113.5356369
0.1940457672,0.3490402102,0.009348955005,0.02186581865,1,0.8013164997,0.0237806011,4.920427322,0,5.358064651,1.170121431,66.85037994
