PIVlab, ASCII chart output - 13-Mar-2024
FRAME: 58, filenames: A:[58]2 vortices tapados mismo sentido clase 4.mp4 & B:[59]2 vortices tapados mismo sentido clase 4.mp4, conversion factor xy (px -> m): 0.00030272, conversion factor uv (px/frame -> m/s): 0.0090842
x [m],y [m],u [m/s],v [m/s],Vector type [-],vorticity [1/s],magnitude [m/s],divergence [1/s],dcev [1],simple shear [1/s],simple strain [1/s],vector direction [degrees]
0.1262357086,0.237637952,0.003746513044,-0.005065048113,1,0.5074344277,0.006300085224,0.2285547704,0,0.2813977599,0.7122277021,-53.51042175
0.1262357086,0.2424815297,0.005656898022,-0.006236401852,1,0.1994806528,0.008419809863,-0.03929571807,0,0.3546198606,0.4792984128,-47.78954315
0.1262357086,0.2473251075,0.006430341862,-0.007576899137,1,-0.1007045954,0.009937740862,-0.1553308815,0,0.2871097326,0.3228161931,-49.67948914
0.1262357086,0.2521686852,0.006559765898,-0.008552344516,1,-0.2543204725,0.01077836379,-0.1665994227,0,0.2336404622,0.2370040715,-52.51129913
0.1262357086,0.257012248,0.006330176722,-0.009531781077,1,-0.3733380139,0.01144228969,-0.09736226499,0,0.1972016394,0.224774614,-56.41135788
0.1262357086,0.2618558407,0.005706635769,-0.01011263952,1,-0.4368685484,0.01161168236,0.1046673208,0,0.161114499,0.1805438548,-60.56364822
0.1262357086,0.2666994035,0.004994540475,-0.009899294935,1,-0.3480567932,0.01108789816,0.1544185132,0,0.06747668982,0.1385100335,-63.22745514
0.1262357086,0.2715429962,0.004347624257,-0.01003558561,1,-0.3590848446,0.01093685627,0.03819219023,0,0.04528255761,0.1661071479,-66.57673645
0.1262357086,0.276386559,0.003474614816,-0.010518861,1,-0.1059595123,0.01107787807,0.2003380954,0,-0.009038232267,0.3052104414,-71.72045898
0.1262357086,0.2812301517,0.003790623741,-0.01054354291,1,0.04602418095,0.0112042455,0.2129376829,0,0.05024088919,0.1347424388,-70.22543335
0.1262357086,0.2860737145,0.003940882161,-0.01014011633,1,0.01437479258,0.01087899413,0.1665254682,0,-0.05815917253,0.008649736643,-68.76174927
0.1262357086,0.2909172773,0.003578551346,-0.009778861888,1,0.1333332062,0.01041307673,0.03833776712,0,-0.2889397144,0.1481918842,-69.90002441
0.1262357086,0.29576087,0.003187190043,-0.01067220327,1,0.002204403281,0.01113795768,-0.07750968635,0,-0.3166950941,0.2745801806,-73.37205505
0.1262357086,0.3006044328,0.002055291319,-0.01148423646,1,-0.2059826553,0.01166670118,0.04202897847,0,-0.2304242104,0.4695877433,-79.85340881
0.1262357086,0.3054480255,0.001073419466,-0.01274311729,1,-0.3166803718,0.01278824732,0.1183495224,0,-0.09840014577,0.6191818714,-85.18503571
0.1262357086,0.3102915883,4.481652286e-05,-0.01391005702,1,-0.4160977006,0.01391012967,0.2413938642,0,-0.1177641302,0.4356121421,-89.81539917
0.1262357086,0.315135181,-0.001512381947,-0.01368382853,1,-0.4104590416,0.01376715116,0.2423903048,0,-0.07514113188,0.1739621162,-96.30691528
0.1262357086,0.3199787438,-0.002307225717,-0.01357861981,1,-0.3121655583,0.01377324294,-0.1354237944,0,-0.2234542519,0.220314756,-99.64336395
0.1262357086,0.3248223364,-0.004106698092,-0.01540687587,1,-0.8782571554,0.015944805,-0.4422954023,0,0.2236776352,0.3579623401,-104.9251633
0.1262357086,0.3296658993,-0.005477732513,-0.01745473035,1,-1.891177058,0.01829407364,-0.6698899865,0,1.048682332,-0.5240465999,-107.423172
0.1262357086,0.3345094621,-0.0081873741,-0.01611327752,1,-1.640723228,0.01807403751,-0.05894744396,0,0.6692605019,-1.486951113,-116.9357376
0.1262357086,0.3393530548,-0.01018308755,-0.0105380835,1,-0.6217676401,0.01465423126,0.2779906988,0,-0.4399799109,-1.560578823,-134.0185089
0.1262357086,0.3441966176,-0.01333003119,-0.00720802322,1,-0.8116496801,0.01515405253,1.76019609,0,-1.690563321,-2.621201038,-151.5983276
0.1262357086,0.3490402102,-0.0223027505,0.01068355329,1,1.678632975,0.02472955734,4.734529495,0,-5.383618355,-2.65320015,154.4044647
0.1310792714,0.237637952,0.006024882663,-0.005612459499,1,0.2164912522,0.008234010078,0.2666676939,0,0.07156267017,0.3691659272,-42.9703064
0.1310792714,0.2424815297,0.006722488441,-0.00586068863,1,0.03590526432,0.008918493055,0.07166216522,0,0.1315478384,0.2833317518,-41.08203125
0.1310792714,0.2473251075,0.006835954729,-0.006637697574,1,-0.114812851,0.009528342634,-0.06747236103,0,0.1164195389,0.2442643642,-44.15698624
0.1310792714,0.2521686852,0.006730270572,-0.00737060979,1,-0.1691068113,0.009981104173,-0.1052503735,1.111586571,0.128390342,0.2069906145,-47.60009003
0.1310792714,0.257012248,0.006638741586,-0.008150058798,1,-0.185633719,0.01051172428,-0.05363053828,4.624177933,0.116900295,0.2134954631,-50.83499146
0.1310792714,0.2618558407,0.006397354882,-0.008664455265,1,-0.2521068156,0.01077027991,0.04148798436,8.344163895,0.05911058933,0.1948673427,-53.55989075
0.1310792714,0.2666994035,0.005703949369,-0.00889296364,1,-0.2467013896,0.01056502946,0.07025356591,7.75545311,-0.07433450967,0.1511526406,-57.32387924
0.1310792714,0.2715429962,0.004842392635,-0.0090562962,1,-0.1830049455,0.01026962884,-0.03660155833,6.136209488,-0.02448763698,0.2506189942,-61.86662292
0.1310792714,0.276386559,0.004698942881,-0.01028413884,1,-0.05806512386,0.01130679343,0.05265974998,0.6740552187,0.01475753821,0.3576067984,-65.44378662
0.1310792714,0.2812301517,0.004632628988,-0.01053333096,1,-0.04559385777,0.01150705479,0.1365992278,0,-0.02332723327,0.1431313604,-66.25978851
0.1310792714,0.2860737145,0.00436511822,-0.01031577773,1,-0.0747596398,0.01120131835,0.05186902359,0.7233538032,-0.0495999679,0.1072381139,-67.0643692
0.1310792714,0.2909172773,0.004030285403,-0.01080151461,1,-0.03349125385,0.01152891666,0.004864364862,0,-0.1111676395,0.2379008532,-69.53833771
0.1310792714,0.29576087,0.003664451651,-0.0114445081,1,-0.06898780167,0.0120168617,0.08099994808,0,-0.08295984566,0.2341747284,-72.24529266
0.1310792714,0.3006044328,0.003294315189,-0.01154342853,1,-0.0942305699,0.01200430095,0.2003914416,0,-0.07194664329,0.3593611419,-74.07207489
0.1310792714,0.3054480255,0.002859559376,-0.01221449021,1,-0.2118574977,0.01254475396,0.1919819862,0,-0.1205286384,0.5314273238,-76.82367706
0.1310792714,0.3102915883,0.001684377086,-0.01318755839,1,-0.4655157924,0.01329469215,0.3035187125,9.280444145,-0.228935048,0.4392183423,-82.72132111
0.1310792714,0.315135181,-0.0005040674005,-0.01287176181,1,-0.2956123054,0.01288162824,0.3257498741,0,-0.4860444665,0.3621324897,-92.24259186
0.1310792714,0.3199787438,-0.002101638354,-0.01336378045,1,-0.2472871095,0.01352802757,0.1416140795,0,-0.5386746526,0.1140453815,-98.93733978
0.1310792714,0.3248223364,-0.004310934339,-0.01273823064,1,-0.7211224437,0.01344792452,0.2942229509,11.20846272,-0.5728688836,-0.3310889006,-108.6970978
0.1310792714,0.3296658993,-0.008369185962,-0.01033503376,1,-1.21437645,0.01329872943,-0.04709450901,40.04409409,-0.3589010835,-0.5052756071,-129.0001526
0.1310792714,0.3345094621,-0.01193120237,-0.01051900163,1,-1.095164657,0.01590606757,-0.4802008867,33.89134598,0.07937633991,-0.5291730165,-138.5993805
0.1310792714,0.3393530548,-0.01328923553,-0.01009783335,1,-0.4612113535,0.01669041626,-0.4301917255,0,-0.2580904067,-0.6743173599,-142.7705994
0.1310792714,0.3441966176,-0.01541519631,-0.009336560033,1,-0.1484094858,0.01802219823,-0.006002932787,0,-0.671849966,-0.7653917074,-148.7978668
0.1310792714,0.3490402102,-0.01726222597,-0.006419674959,1,1.993613601,0.01841729321,1.009821415,0,-2.756282806,-0.1946088672,-159.6002655
0.1359228492,0.237637952,0.006826217752,-0.005767019931,1,0.0842133984,0.008936204948,0.1204894483,0,0.1429402828,0.1230208129,-40.19225693
0.1359228492,0.2424815297,0.007376336027,-0.005773150362,1,0.03161855042,0.009366941638,0.07872520387,0,0.06344106793,0.2211589366,-38.04880524
0.1359228492,0.2473251075,0.007286646403,-0.00645690877,1,-0.06576909125,0.009735855274,0.03181059659,1.988235593,-0.00107902661,0.3081034422,-41.54508209
0.1359228492,0.2521686852,0.007052551955,-0.007111396175,1,-0.06602101028,0.01001551002,0.01836708188,1.958475709,0.02841389179,0.3506689668,-45.23803329
0.1359228492,0.257012248,0.007104493678,-0.008066436276,1,-0.04546535015,0.01074901037,-0.01107521355,1.517201304,0.003943851218,0.2973414063,-48.62809372
0.1359228492,0.2618558407,0.006851439364,-0.008605236188,1,-0.1006256416,0.01099965069,-0.0262536034,0,-0.113587223,0.179789871,-51.47340012
0.1359228492,0.2666994035,0.006066937,-0.009064423852,1,-0.1099594831,0.01090740599,0.02719110996,0,-0.1929584444,0.1639824808,-56.20508957
0.1359228492,0.2715429962,0.005384232849,-0.009267795831,1,-0.02412232757,0.01071830187,0.01133773476,0,-0.1008198932,0.2387967706,-59.84505844
0.1359228492,0.276386559,0.005461769644,-0.01016613934,1,-0.07383696735,0.01154042035,-0.01256241649,2.366112471,0.02455226518,0.2285604179,-61.7530365
0.1359228492,0.2812301517,0.005145518575,-0.01043569297,1,-0.198078379,0.01163529325,0.1102019921,5.48670435,0.04318442941,0.07966967672,-63.75350952
0.1359228492,0.2860737145,0.004711528774,-0.0100182537,1,-0.1566719413,0.01107085869,0.1404773742,0,0.07592211664,0.08254480362,-64.81266785
0.1359228492,0.2909172773,0.004754401743,-0.01015509292,1,-0.1781761944,0.01121295057,0.09061651677,0,0.1786369979,0.2396022677,-64.91199493
0.1359228492,0.29576087,0.004713760689,-0.01073987782,1,-0.2288140208,0.01172879059,0.09405706823,0,0.2313102037,0.3461867571,-66.30319977
0.1359228492,0.3006044328,0.004766492173,-0.01137630269,1,-0.1243564412,0.01233449299,0.1212651581,0,0.09618359059,0.4435231686,-67.26708221
0.1359228492,0.3054480255,0.004577303305,-0.01230075955,1,-0.2001549304,0.01312480029,0.223533541,0,-0.03194136173,0.5100693703,-69.58898926
0.1359228492,0.3102915883,0.003642315743,-0.01276416145,1,-0.3870899677,0.01327366848,0.2201908827,9.016397476,-0.1822987646,0.696169734,-74.07364655
0.1359228492,0.315135181,0.00181942468,-0.01460620016,1,-0.3351610601,0.01471908204,0.2639638186,0,-0.6375160217,0.7235031724,-82.89951324
0.1359228492,0.3199787438,-0.001068921178,-0.01498997584,1,-0.202904731,0.01502803899,0.2767014205,0,-1.057462335,0.2937547266,-94.07879639
0.1359228492,0.3248223364,-0.004285261035,-0.01468879916,1,-0.0957480669,0.01530112047,0.2455988228,0,-1.366859794,-0.1010045037,-106.2639008
0.1359228492,0.3296658993,-0.008153175935,-0.01331117563,1,-0.06688594818,0.01560966577,0.4228052199,0,-1.748118162,-0.4576403797,-121.4877243
0.1359228492,0.3345094621,-0.0130763473,-0.01042430568,1,-0.3461934924,0.01672294922,0.1492948532,0,-1.177407265,-0.6263554692,-141.4385834
0.1359228492,0.3393530548,-0.01553285494,-0.00955425296,1,-0.2915560007,0.01823604479,-0.3349414766,0,-0.5322127342,-0.4755320847,-148.4043427
0.1359228492,0.3441966176,-0.01706633531,-0.009743344039,1,-0.3823260367,0.01965178363,-0.5752263069,0,-0.2001681626,-0.003613203764,-150.2775269
0.1359228492,0.3490402102,-0.018354211,-0.01232290547,1,-0.4085485339,0.02210726216,-0.4908244908,0,-0.1232367903,0.5743193626,-146.1228333
0.1407664269,0.237637952,0.007204343565,-0.005328011233,1,0.1003178507,0.008960483596,0.03672146797,0,0.3004838228,0.1930284798,-36.48497772
0.1407664269,0.2424815297,0.008175000548,-0.005706553813,1,0.05616307259,0.009969723411,0.1118792519,0,0.2076937556,0.3175856471,-34.9169426
0.1407664269,0.2473251075,0.008482354693,-0.006324366201,1,-0.005347207189,0.01058054622,0.1722278893,0,0.07610581815,0.4213522375,-36.7078743
0.1407664269,0.2521686852,0.008517725393,-0.006913207006,1,-0.04526232556,0.01097014453,0.1466486007,0,-0.04910205677,0.474170506,-39.06368256
0.1407664269,0.257012248,0.00802529417,-0.007910741493,1,-0.146736607,0.01126876939,0.03585870564,1.264791489,-0.1374966055,0.4103811979,-44.58815002
0.1407664269,0.2618558407,0.007141019683,-0.00872723572,1,-0.1004476398,0.01127647143,-0.03138969094,0,-0.1876411885,0.2543978393,-50.70841599
0.1407664269,0.2666994035,0.00662991358,-0.009294975549,1,-0.09103688598,0.01141719427,0.02002345026,0,-0.1334007531,0.1646585017,-54.50052643
0.1407664269,0.2715429962,0.00605393853,-0.009427786805,1,-0.07846143842,0.01120416634,0.05167892203,0,-0.1042067558,0.1575113088,-57.29394531
0.1407664269,0.276386559,0.005745145958,-0.009807582945,1,-0.1277815253,0.01136641484,0.04971180111,3.979575396,0.02421111241,0.03669849038,-59.63882065
0.1407664269,0.2812301517,0.005552287214,-0.009364755824,1,-0.1598761678,0.01088698953,0.09836240858,2.73875308,0.09797924757,-0.02931027859,-59.33664703
0.1407664269,0.2860737145,0.005445343442,-0.009189190343,1,-0.119993493,0.01068143174,0.1640172452,0,0.1359814256,0.1038355678,-59.34980774
0.1407664269,0.2909172773,0.005629725754,-0.009073262103,1,-0.1606043726,0.010677916,0.1898048669,0,0.2331671566,0.1953111738,-58.18146515
0.1407664269,0.29576087,0.005796806887,-0.009215860628,1,-0.2213698179,0.01088738069,0.1589911878,0,0.3039917052,0.448439151,-57.8299675
0.1407664269,0.3006044328,0.006029911339,-0.01047522575,1,-0.1972222924,0.01208677702,0.151741609,0,0.32440418,0.6026219726,-60.07374573
0.1407664269,0.3054480255,0.006412822288,-0.01139973477,1,-0.2304508537,0.01307968888,0.2361097932,0,0.2496370226,0.5913040042,-60.64044952
0.1407664269,0.3102915883,0.006122841034,-0.01219563652,1,-0.3349476159,0.01364634559,0.1895387471,8.814515114,-0.1056392416,0.7958068848,-63.34098053
0.1407664269,0.315135181,0.004278805573,-0.01433624141,1,-0.5749685764,0.01496114954,0.09157007933,4.483589649,-0.5525926948,1.187301397,-73.38170624
0.1407664269,0.3199787438,0.0006614102749,-0.01750289649,1,-0.4174674749,0.01751538925,0.1604053378,0,-1.211366892,1.101593494,-87.83590698
0.1407664269,0.3248223364,-0.003610580461,-0.01889495924,1,0.02301305532,0.01923683472,0.0896904245,0,-1.92229569,0.2910532355,-100.8180618
0.1407664269,0.3296658993,-0.008537912741,-0.01847821288,1,-0.2681353688,0.02035535127,0.3728893995,0,-1.926799059,-0.525191009,-114.7994461
0.1407664269,0.3345094621,-0.0142418826,-0.01454505045,1,-0.1592570543,0.02035656385,0.4318435788,0,-1.632169604,-1.057703972,-134.3966217
0.1407664269,0.3393530548,-0.01721482724,-0.01126347296,1,-0.1540018618,0.02057221718,0.1482805014,0,-0.6670788527,-1.109216928,-146.8037109
0.1407664269,0.3441966176,-0.01821885072,-0.008454264142,1,-0.4586521387,0.02008484676,0.4340776205,0,0.5323610902,-0.8512796164,-155.106842
0.1407664269,0.3490402102,-0.01685781218,-0.005037745461,1,-1.645763516,0.01759445108,1.271665454,0,2.207759142,-0.1390719414,-163.3618774
0.1456100047,0.237637952,0.007939029485,-0.004797500558,1,0.1994751543,0.009276000783,0.1919921339,0,0.4271084666,0.2917940617,-31.14427567
0.1456100047,0.2424815297,0.009456482716,-0.005039199721,1,0.1813030541,0.01071534399,0.2078238726,0,0.2775867283,0.4689705372,-28.05240059
0.1456100047,0.2473251075,0.01016169786,-0.006062384695,1,0.01409315318,0.01183269266,0.1360265464,0,0.1104128808,0.5676897764,-30.81995201
0.1456100047,0.2521686852,0.01005953737,-0.007129994221,1,-0.0837777406,0.0123300897,0.1083292216,0,-0.1011698395,0.5128442049,-35.32823181
0.1456100047,0.257012248,0.009265891276,-0.00802168157,1,-0.1495527923,0.01225577854,0.05426023901,0,-0.2897796333,0.4460306764,-40.88344193
0.1456100047,0.2618558407,0.0079315966,-0.009027564898,1,-0.1449461579,0.01201695297,0.0478926301,0,-0.3308246434,0.3055399954,-48.69754028
0.1456100047,0.2666994035,0.006961458363,-0.009269616567,1,-0.1309696734,0.01159257069,-0.0559624806,0,-0.1857661605,0.019380657,-53.09354401
0.1456100047,0.2715429962,0.006397461984,-0.009392495267,1,-0.1325463057,0.01136426348,0.05161335692,2.824280262,-0.0906675607,0.084715873,-55.74024963
0.1456100047,0.276386559,0.005880304612,-0.009429951198,1,-0.2010499537,0.01111314353,0.04834738374,6.729566574,0.01162716001,0.005869487301,-58.05326843
0.1456100047,0.2812301517,0.005479977932,-0.009186750278,1,-0.08358238637,0.01069703419,0.06843375415,0,0.1101309508,-0.06608083099,-59.18354797
0.1456100047,0.2860737145,0.006008894648,-0.008778419346,1,-0.04000136256,0.01063802,0.1792565882,0,0.2753164172,-0.01459251344,-55.60806656
0.1456100047,0.2909172773,0.006619741209,-0.008247829974,1,-0.07210077345,0.01057580579,0.231347084,0,0.4121391177,0.1109462157,-51.24933624
0.1456100047,0.29576087,0.007655896712,-0.008195248432,1,-0.1291428506,0.01121493895,0.2688625455,0,0.5008865595,0.3931372762,-46.94879532
0.1456100047,0.3006044328,0.008420310915,-0.008849764243,1,-0.3147513568,0.01221556216,0.2157496512,0,0.5065619946,0.5832812786,-46.42447281
0.1456100047,0.3054480255,0.008584946394,-0.009975416586,1,-0.3774538338,0.01316093653,0.1947155595,0,0.3763395846,0.7735695243,-49.28437424
0.1456100047,0.3102915883,0.0084149139,-0.0116534885,1,-0.2696400583,0.01437409408,0.07747903466,7.220494747,0.1517090201,1.01117003,-54.16717529
0.1456100047,0.315135181,0.008013738319,-0.01449782122,1,-0.3686331213,0.01656522788,-0.0194760561,5.814136982,-0.3273908198,1.463271022,-61.06817627
0.1456100047,0.3199787438,0.005043667741,-0.0188352894,1,-0.9721931219,0.01949889027,-0.1037464142,0,-1.186301827,1.88099134,-75.00917816
0.1456100047,0.3248223364,-0.002441099612,-0.02411105298,1,-0.5808768272,0.02423431166,0.2202101052,0,-2.296031475,0.7383708954,-95.78115082
0.1456100047,0.3296658993,-0.008890860714,-0.02134504169,1,-0.6176158786,0.02312267758,0.1847284436,0,-2.203995228,-1.168114662,-112.6132202
0.1456100047,0.3345094621,-0.01610775106,-0.01755847223,1,-1.028000116,0.02382770739,0.2080581784,0,-1.304235458,-1.713178873,-132.5325928
0.1456100047,0.3393530548,-0.02018722519,-0.01203938108,1,-0.4679416418,0.02350469679,0.4348571301,3.13013792,-0.1471686214,-2.169659376,-149.188736
0.1456100047,0.3441966176,-0.0190870855,-0.004943294451,1,0.1285442114,0.01971681975,1.410794377,0,1.382491469,-2.38419199,-165.4801941
0.1456100047,0.3490402102,-0.01286840625,0.006341930479,1,-0.1220887899,0.01434628759,1.961411119,0,2.689885139,-2.698446035,153.7645721
0.1504535824,0.237637952,0.009547599591,-0.004225451499,1,0.2015918642,0.01044083852,0.1658964902,0,0.5852262974,0.584902823,-23.87259483
0.1504535824,0.2424815297,0.011453107,-0.005240196362,1,0.1601528078,0.01259497181,0.2142532021,0,0.3236341476,0.5512732267,-24.58574867
0.1504535824,0.2473251075,0.01189085934,-0.005857834127,1,-0.106586419,0.01325544249,0.1123043895,0,0.1217240319,0.4751045108,-26.22639656
0.1504535824,0.2521686852,0.01152642723,-0.006997446995,1,-0.2031439692,0.01348416787,-0.0008379518986,6.209422588,-0.09464611113,0.5632308722,-31.26103783
0.1504535824,0.257012248,0.01044849213,-0.008589941077,1,-0.1619221568,0.01352619939,-0.04553864896,0,-0.3900518417,0.4974702001,-39.42439651
0.1504535824,0.2618558407,0.008852898143,-0.009627552703,1,-0.3682962954,0.01307912823,0.01768609136,0,-0.4566652477,0.2180432677,-47.40029144
0.1504535824,0.2666994035,0.006452726666,-0.00956038665,1,-0.3336181641,0.01153423917,0.01402691379,10.89451313,-0.1079228967,-0.06909529865,-55.98284912
0.1504535824,0.2715429962,0.00671425974,-0.009224943817,1,-0.1969053298,0.01140968315,0.1019515097,4.549653053,0.1050358266,-0.05968973413,-53.95146942
0.1504535824,0.276386559,0.006007749587,-0.00877746474,1,-0.2895968556,0.01063658483,0.01242335141,9.831961632,0.05205015838,-0.1524245441,-55.61024857
0.1504535824,0.2812301517,0.005563683808,-0.00842649024,1,-0.1976741552,0.01009753998,0.05396214873,0,0.2462244332,-0.1763511896,-56.56476974
0.1504535824,0.2860737145,0.006242906675,-0.007661924232,1,-0.154786244,0.009883266874,0.1788407266,0,0.5107156038,-0.1718683839,-50.82698441
0.1504535824,0.2909172773,0.007287649903,-0.006727808621,1,-0.05742949247,0.009918328375,0.2684277594,0,0.6273280382,-0.0407776162,-42.71255875
0.1504535824,0.29576087,0.009003254585,-0.006164263934,1,-0.1667934358,0.01091131289,0.2656249702,0,0.7061530352,0.2179994434,-34.39830017
0.1504535824,0.3006044328,0.00990008004,-0.006497130729,1,-0.3660225868,0.01184163429,0.1535338163,0,0.7994897366,0.4806502461,-33.27571106
0.1504535824,0.3054480255,0.01110278629,-0.007748677861,1,-0.4792016745,0.01353934593,0.06937968731,0,0.7880058289,0.8245381713,-34.91133881
0.1504535824,0.3102915883,0.01139579713,-0.01015479956,1,-0.6126638651,0.0152638182,-0.1077269316,0,0.6475869417,1.211092234,-41.70424271
0.1504535824,0.315135181,0.01127193868,-0.0141364811,1,-0.7836527824,0.01808028482,-0.0415828824,24.26978683,0.3446874619,1.68960619,-51.4323616
0.1504535824,0.3199787438,0.009269634262,-0.01853994839,1,-1.796348333,0.02072814107,-0.03619766235,61.06453705,-0.3176999092,2.661387444,-63.43579102
0.1504535824,0.3248223364,0.001032381202,-0.02720244415,1,-3.418098927,0.027222028,0.5024725795,108.6331558,-1.24181509,2.076106071,-87.8265686
0.1504535824,0.3296658993,-0.01330102049,-0.02616196498,1,-2.993012905,0.02934903093,0.6362351179,83.04563904,-1.665630221,-1.700769067,-116.9492569
0.1504535824,0.3345094621,-0.02153205127,-0.01588301733,1,-2.632681847,0.0267562978,0.6314173937,88.23800659,0.08983922005,-2.765282869,-143.5858459
0.1504535824,0.3393530548,-0.02561747655,-0.00970978383,1,-1.263268471,0.02739589289,0.2536463737,26.37714195,0.973910749,-2.534033537,-159.241806
0.1504535824,0.3441966176,-0.02293357812,-0.002380673075,1,-0.1221331954,0.02305681258,1.28319335,0,1.193609476,-2.493364811,-174.0735016
0.1504535824,0.3490402102,-0.02042769827,0.008582268842,1,1.114440203,0.02215730585,3.040654898,0,-0.07972067595,-1.486126184,157.211319
0.1552971601,0.237637952,0.0115755843,-0.002939337399,1,0.04655453563,0.0119429417,0.08236405253,0,0.609483242,0.6224720478,-14.24773788
0.1552971601,0.2424815297,0.01316436939,-0.004247365054,1,-0.1426136196,0.01383259706,0.08746749163,0,0.438113004,0.5039381385,-17.88182831
0.1552971601,0.2473251075,0.01300685853,-0.004956545308,1,-0.285451889,0.01391925663,0.06567405164,6.406598568,0.2068244219,0.5523207784,-20.86042595
0.1552971601,0.2521686852,0.0127835311,-0.006604476366,1,-0.3599010408,0.01438880712,-0.08651062846,11.99110222,0.03947591782,0.7744451761,-27.32266045
0.1552971601,0.257012248,0.01145485695,-0.009126645513,1,-0.5787836313,0.01464613993,-0.1217443794,18.4460907,-0.1872123182,0.4668928981,-38.54605103
0.1552971601,0.2618558407,0.009073370136,-0.009455586784,1,-0.8762483597,0.01310473867,0.05357869342,29.98877716,-0.1065224111,-0.1425988972,-46.18173218
0.1552971601,0.2666994035,0.006694730371,-0.008176444098,1,-0.6903159618,0.01056757569,0.2281211019,21.63039589,0.1801125109,-0.08684585243,-50.68997574
0.1552971601,0.2715429962,0.006602160167,-0.00793001987,1,-0.5840545297,0.01031861082,0.06670992076,17.63319397,0.2759078145,-0.01613935083,-50.22082901
0.1552971601,0.276386559,0.005202197935,-0.007775157224,1,-0.5969333649,0.009354994632,-0.09355286509,18.55819321,0.2428597659,-0.2779882252,-56.21433258
0.1552971601,0.2812301517,0.004887177143,-0.007036692929,1,-0.3028587401,0.008567353711,0.05326366425,0,0.4763808548,-0.40510571,-55.21895599
0.1552971601,0.2860737145,0.006042665802,-0.005555009469,1,-0.1728304327,0.008208041079,0.1082917452,0,0.7581857443,-0.3264170289,-42.59225845
0.1552971601,0.2909172773,0.007722382434,-0.00493115373,1,-0.0912694931,0.009162503295,0.08809673786,0,0.9079598784,-0.2397487462,-32.56040955
0.1552971601,0.29576087,0.009998369031,-0.003967064433,1,-0.1954068542,0.01075662486,0.09761055559,0,0.9736844897,-0.2588695288,-21.64175034
0.1552971601,0.3006044328,0.0114920307,-0.003204514738,1,-0.4590498209,0.01193045173,0.1270840913,0,1.061153889,0.1003547385,-15.58095264
0.1552971601,0.3054480255,0.01291470695,-0.003837598721,1,-0.7628638744,0.01347281784,0.05859175324,0,1.230930805,0.5427072048,-16.54929161
0.1552971601,0.3102915883,0.01375914924,-0.005549365655,1,-1.124774933,0.01483609248,-0.03561377525,0,1.760949373,1.036944389,-21.9652977
0.1552971601,0.315135181,0.01599606685,-0.009032617323,1,-1.490670443,0.01837014779,0.01195269823,0,2.3164711,1.276302099,-29.45243454
0.1552971601,0.3199787438,0.01775897853,-0.01167334057,1,-3.054335117,0.02125201561,0.6168051958,81.84265137,1.826395392,1.553599477,-33.31773758
0.1552971601,0.3248223364,0.01004844718,-0.0135700535,1,-6.829680443,0.01688542776,0.4594572186,235.2240906,0.2630486488,1.1288836,-53.48054123
0.1552971601,0.3296658993,-0.0140470136,-0.01491575968,1,-7.441655159,0.02048898488,0.9390460849,255,-0.09241485596,-0.960036099,-133.2819061
0.1552971601,0.3345094621,-0.02644329332,-0.004371729679,1,-4.233258247,0.02680223435,0.5212268233,143.1836395,0.6851691008,-2.309806585,-170.6125031
0.1552971601,0.3393530548,-0.03123245761,-0.001203428954,1,-1.70137167,0.03125563264,-0.2209070921,0,2.009955168,-1.418645024,-177.793396
0.1552971601,0.3441966176,-0.02494864538,0.001429606928,1,1.695664406,0.02498957142,-0.06012149155,0,3.650287151,-0.4237677455,176.7204132
0.1552971601,0.3490402102,-0.005338925868,0.0005579199642,1,5.360068798,0.005367998034,0.5638248324,0,2.737110615,0.923758924,174.0342102
0.1601407379,0.237637952,0.01296152826,-0.001498862519,1,0.00802692771,0.01304790378,-0.009817108512,0,0.5519301891,0.3735933304,-6.596347332
0.1601407379,0.2424815297,0.01431762613,-0.00242740172,1,-0.1628306359,0.01452193782,-0.03250578046,0,0.5597763658,0.3751666248,-9.622393608
0.1601407379,0.2473251075,0.01488416549,-0.003473455552,1,-0.2498176098,0.01528408565,0.1299086809,0,0.36148417,0.674058497,-13.13578796
0.1601407379,0.2521686852,0.01485849172,-0.005063033663,1,-0.7450333834,0.01569742337,0.05000716448,24.96272087,0.1743965447,0.7147811055,-18.81655312
0.1601407379,0.257012248,0.01212024596,-0.006693334784,1,-1.441691637,0.01384561695,0.09091968834,49.55179214,0.1127627492,0.263579607,-28.90941811
0.1601407379,0.2618558407,0.008421721868,-0.005899325479,1,-1.272251368,0.01028238516,0.2378235012,42.3489418,0.243416667,-0.04067642987,-35.01082993
0.1601407379,0.2666994035,0.007137004286,-0.005344398785,1,-0.7147403955,0.008916244842,0.2589097023,18.0637722,0.4127901495,0.08555103838,-36.82695007
0.1601407379,0.2715429962,0.006959202234,-0.005059649237,1,-0.8828018904,0.008604100905,0.1273641288,28.60744858,0.2781160772,-0.003641828895,-36.01881409
0.1601407379,0.276386559,0.004208161496,-0.004709861241,1,-0.9380526543,0.006315965205,0.02622529306,30.71230507,0.2980933785,-0.05789984763,-48.21988297
0.1601407379,0.2812301517,0.003859509481,-0.004652182572,1,-0.4177186489,0.006044717971,0.05204600841,0,0.6196846366,-0.269490391,-50.32047272
0.1601407379,0.2860737145,0.005186399911,-0.003152474761,1,-0.1495665908,0.006069336087,0.1088599712,0,0.7056865692,-0.4618396163,-31.29269218
0.1601407379,0.2909172773,0.006553111598,-0.001887963386,1,-0.2346474826,0.00681965379,0.02958241105,0,0.8614122868,-0.5176980495,-16.07178688
0.1601407379,0.29576087,0.008222184144,-0.0005016791984,1,-0.2496201396,0.008237475529,-0.03395435214,0,1.168070555,-0.6025542021,-3.491591692
0.1601407379,0.3006044328,0.01100169774,0.0008660940803,1,-0.2528216243,0.01103573665,0.09506028891,0,1.448846817,-0.4025265872,4.501251221
0.1601407379,0.3054480255,0.01401522476,0.001908421516,1,-0.6450266838,0.01414456032,0.3749273717,0,1.727722645,-0.23543486,7.754147053
0.1601407379,0.3102915883,0.01624581963,0.003822430968,1,-1.33976078,0.01668944582,0.3157134056,0,2.061639547,-0.1788143367,13.2401371
0.1601407379,0.315135181,0.01751170121,0.004303704947,1,-2.188802481,0.01803279109,0.1849190742,0,2.918911219,-0.07889787853,13.80746365
0.1601407379,0.3199787438,0.01978215761,0.005100248847,1,-4.208942413,0.02042905614,0.005574643612,119.5652008,2.394980431,-0.5824275613,14.45719337
0.1601407379,0.3248223364,0.008725633845,0.007151739206,1,-7.094677925,0.01128202397,-0.1282459199,244.9041748,0.2433695793,-1.023122549,39.33886719
0.1601407379,0.3296658993,-0.01340268739,0.009434653446,1,-7.385601521,0.01639038511,0.1940040588,254.0602417,-0.6499733925,0.03130795807,144.8568573
0.1601407379,0.3345094621,-0.0301951766,0.007939768024,1,-4.367682457,0.03122160397,-0.1071710363,150.6694794,0.2062778473,0.1340425313,165.2676697
0.1601407379,0.3393530548,-0.03355877474,0.008266316727,1,-1.201714516,0.03456187621,0.006825022399,0,2.217047215,0.182949841,166.1621704
0.1601407379,0.3441966176,-0.02527733333,0.007086693775,1,0.9443643093,0.02625194751,-1.219538212,0,3.254247665,1.338188648,164.3387451
0.1601407379,0.3490402102,-0.01322247088,-0.004122232087,1,2.231652975,0.01385014597,-2.598799467,0,2.746000528,2.02955246,-162.6846313
0.1649843156,0.237637952,0.01333756279,-0.000304899906,1,0.05680850148,0.01334104687,-0.08454883844,0,0.5569984913,0.09815167636,-1.309567332
0.1649843156,0.2424815297,0.01482407376,-0.0007473619771,1,-0.05122435093,0.01484290045,-0.1112298071,0,0.7869147062,0.2378422618,-2.886147499
0.1649843156,0.2473251075,0.01690093614,-0.001995657571,1,-0.2187310904,0.0170183517,0.1516263038,0,0.5622310042,0.4414500594,-6.734286308
0.1649843156,0.2521686852,0.01648784243,-0.002151145833,1,-0.99150002,0.01662757806,0.3126134574,31.59036064,0.221606344,0.2304153293,-7.433313847
0.1649843156,0.257012248,0.01317190193,-0.001597525203,1,-1.502557516,0.01326842513,0.2437302321,50.88550949,0.1689203978,0.236129418,-6.915218353
0.1649843156,0.2618558407,0.01002826728,-0.002114330651,1,-1.153902531,0.01024873368,0.2597966194,38.43780136,0.1610931754,0.4905427694,-11.90570641
0.1649843156,0.2666994035,0.008363152854,-0.002715162234,1,-0.8513829112,0.008792862296,0.252821207,26.51776886,0.2677547336,0.2926043272,-17.98642349
0.1649843156,0.2715429962,0.007201418746,-0.002307023387,1,-0.9112534523,0.00756192999,0.1368322968,30.11882591,0.2269714177,-0.05463244766,-17.76321411
0.1649843156,0.276386559,0.005048779771,-0.001787787885,1,-0.9665606022,0.005355965346,0.2211331874,31.12394333,0.271320343,0.1602125317,-19.49920464
0.1649843156,0.2812301517,0.003833968425,-0.002011949429,1,-0.7292894125,0.004329809919,0.125366345,14.57457924,0.5815064907,0.0478898026,-27.68911552
0.1649843156,0.2860737145,0.004332981538,-0.00141252426,1,-0.3623450398,0.00455740653,0.07380475104,0,0.6770282388,-0.4195607305,-18.05563736
0.1649843156,0.2909172773,0.005358156282,0.000377697259,1,-0.2216433585,0.005371451844,0.1912515163,0,0.7548048496,-0.6990314722,4.032118797
0.1649843156,0.29576087,0.006915390491,0.002899630694,1,-0.1339147985,0.007498698775,0.1934302151,0,1.092841744,-0.7686583996,22.74835777
0.1649843156,0.3006044328,0.01000279374,0.005037648138,1,-0.1269568801,0.01119972207,0.1951553226,0,1.505062103,-0.7866326571,26.73093033
0.1649843156,0.3054480255,0.01359034982,0.007654997054,1,-0.5984045267,0.01559796743,0.3034718335,0,1.51083672,-0.9121447802,29.39113045
0.1649843156,0.3102915883,0.01442223042,0.01092558168,1,-0.9332926273,0.01809334196,0.3479519784,0,1.535995722,-1.314454079,37.14580154
0.1649843156,0.315135181,0.01650958881,0.01570698991,1,-1.509942293,0.0227876287,0.1257206798,0,1.621990919,-1.812452555,43.57290649
0.1649843156,0.3199787438,0.01496494655,0.02031327412,1,-3.187514067,0.02523051202,-0.4528661966,106.2634354,0.7021849155,-1.746405721,53.6206398
0.1649843156,0.3248223364,0.004471704364,0.02197234891,1,-5.10522747,0.02242276259,-0.9689795971,171.6521454,-0.659239769,-0.4312581122,78.49655151
0.1649843156,0.3296658993,-0.01295569725,0.01770877838,1,-4.885468006,0.02194198966,-0.189022854,160.8128815,-1.470358253,0.6759905219,126.1891098
0.1649843156,0.3345094621,-0.02631313913,0.01778260246,1,-3.260165691,0.0317584984,1.15090692,104.7783432,-0.3234604597,1.636739612,145.9488983
0.1649843156,0.3393530548,-0.0303132683,0.01535561029,1,-0.8907064199,0.03398071602,0.8481231332,0,1.291068912,1.91446209,153.1348572
0.1649843156,0.3441966176,-0.0243739523,0.01261770725,1,1.414458036,0.02744624019,-0.8987395763,0,3.172471762,1.64202857,152.6306763
0.1649843156,0.3490402102,-0.008096116595,0.003049202263,1,2.038704395,0.008651285432,-1.958081841,0,4.682684422,1.992913127,159.3623505
0.1698278934,0.237637952,0.01302741468,0.0009238466155,1,0.1423733532,0.01306013111,0.1155122295,0,0.6436029673,-0.1769753546,4.056372166
0.1698278934,0.2424815297,0.01493088342,0.001632189844,1,-0.08064743876,0.01501983125,-0.01867925748,0,1.05706656,0.1082210541,6.238594055
0.1698278934,0.2473251075,0.01775677688,0.0003091951075,1,-0.4355173707,0.01775946841,-0.1565417051,0,0.9636002183,0.0126407519,0.9975787997
0.1698278934,0.2521686852,0.01748869382,0.0008127414621,1,-1.080004692,0.017507568,0.003096759319,34.70849991,0.396151036,-0.2226465046,2.660757542
0.1698278934,0.257012248,0.01444448344,0.001402598456,1,-1.212375641,0.01451242156,0.1224866286,41.54957962,0.0907574296,0.1932572424,5.546187401
0.1698278934,0.2618558407,0.01205604896,0.0004699585261,1,-1.072940111,0.01206520479,0.2102648765,36.14844513,0.1096711159,0.4841052294,2.2323246
0.1698278934,0.2666994035,0.009778815322,7.623152487e-05,1,-1.112596273,0.009779112414,0.2324647009,37.2629776,0.142506361,0.2358769476,0.4466447234
0.1698278934,0.2715429962,0.007357343566,0.0004534310719,1,-1.097274661,0.007371302694,0.1051096544,35.98439407,0.3285090625,-0.1446395665,3.526662827
0.1698278934,0.276386559,0.006055239122,0.001285911305,1,-1.009540677,0.006190273911,0.2293938994,30.0041008,0.4606375992,-0.02730234712,11.98941135
0.1698278934,0.2812301517,0.004698689096,0.001696759253,1,-1.052399158,0.004995665513,0.1608822644,30.9688282,0.5272635221,0.03785357624,19.85532761
0.1698278934,0.2860737145,0.003511704039,0.001881810371,1,-0.8025205135,0.003984127659,0.007216446102,14.85219765,0.6776022911,-0.229134351,28.18544006
0.1698278934,0.2909172773,0.004093640018,0.002841539215,1,-0.506795764,0.004983195104,0.1311379522,0,0.904088378,-0.603525877,34.76587296
0.1698278934,0.29576087,0.005436021835,0.005440211855,1,-0.1707352996,0.007690659259,0.3665364683,0,1.005488396,-0.8576340675,45.02207184
0.1698278934,0.3006044328,0.008136831224,0.008770904504,1,-0.1379157901,0.01196397841,0.3863913119,0,1.300496101,-0.9936802387,47.14769363
0.1698278934,0.3054480255,0.01106707007,0.01212469582,1,-0.4355188906,0.01641609892,0.2119576931,0,1.143190026,-1.235673904,47.61108017
0.1698278934,0.3102915883,0.01156449132,0.01578262076,1,-0.9818823338,0.0195660051,0.190061748,25.30237961,0.6257022619,-1.327157974,53.76843262
0.1698278934,0.315135181,0.009341884404,0.01947346702,1,-0.8646563292,0.02159830369,-0.0985711813,26.91159248,0.3619951308,-1.782798767,64.37185669
0.1698278934,0.3199787438,0.009129812941,0.02394030802,1,-1.195490956,0.02562209591,-0.1559149623,39.30714035,-0.3319771588,-2.057971716,69.12528992
0.1698278934,0.3248223364,0.001943473937,0.02868622728,1,-2.788916588,0.0287519861,-0.173886925,83.582901,-1.376152039,-0.5941746235,86.1241684
0.1698278934,0.3296658993,-0.0110440217,0.02597600408,1,-2.854927778,0.02822628617,-0.1269777417,92.3657608,-0.9927497506,1.219613552,113.0333786
0.1698278934,0.3345094621,-0.01669299416,0.02216392756,1,-1.504971862,0.02774699591,0.8124346733,41.73950577,-0.3808153868,2.286983013,126.9856186
0.1698278934,0.3393530548,-0.02017797902,0.01883391477,1,-0.9864906073,0.02760194056,0.8733677864,15.77720356,-0.04253396392,2.228183985,136.9732208
0.1698278934,0.3441966176,-0.02167715505,0.01560177002,1,0.2649737298,0.02670794353,-0.1515402198,0,1.205884457,1.943981409,144.2561798
0.1698278934,0.3490402102,-0.01305376273,0.008684092201,1,0.6574765444,0.01567846164,-2.042144775,0,2.903265476,0.8142794371,146.3659363
0.1746714562,0.237637952,0.01303986181,0.002122841077,1,0.2436543554,0.01321152691,0.5242448449,0,0.672162056,-0.5660213828,9.246424675
0.1746714562,0.2424815297,0.01525777578,0.004763235804,1,-0.252746135,0.01598399691,0.2597357035,0,0.905998826,-0.2890788317,17.33753777
0.1746714562,0.2473251075,0.01620394178,0.004781066906,1,-0.7034330964,0.0168945659,-0.1537894309,0,0.7378420234,-0.202406913,16.43900108
0.1746714562,0.2521686852,0.01542443782,0.004998718388,1,-0.8496180773,0.01621420495,-0.1791245639,21.81689453,0.5393692255,-0.1653380692,17.95636177
0.1746714562,0.257012248,0.01470122952,0.004714291077,1,-0.8655205965,0.01543861069,-0.02069878578,25.61857796,0.4458018541,0.2652445734,17.77965736
0.1746714562,0.2618558407,0.01339149754,0.003613729496,1,-1.122381806,0.01387051679,0.08251701295,37.41941071,0.2821700573,0.3612935543,15.10169888
0.1746714562,0.2666994035,0.01063159853,0.003364015371,1,-1.412854552,0.01115112007,0.2012024969,48.19780731,0.09532749653,-0.00218655169,17.55824089
0.1746714562,0.2715429962,0.007009952795,0.004598860163,1,-1.281712651,0.008383850567,0.2415653169,41.95172501,0.3311810195,-0.1649748385,33.26676559
0.1746714562,0.276386559,0.006027624477,0.005333124194,1,-0.9694548845,0.008048258722,0.07265232503,28.31729507,0.5124800205,-0.142147094,41.50177383
0.1746714562,0.2812301517,0.004796559457,0.005639257841,1,-0.9912144542,0.007403256837,-0.03572101146,31.00080872,0.4194226861,-0.1231420264,49.61664963
0.1746714562,0.2860737145,0.003258106532,0.005756554659,1,-0.9659673572,0.006614618935,0.04725632817,25.83612823,0.6095257401,-0.277330339,60.49092102
0.1746714562,0.2909172773,0.003070112085,0.0072114137,1,-0.6647617221,0.007837734185,0.1540500373,0,0.9287438989,-0.4323343039,66.93911743
0.1746714562,0.29576087,0.004536724649,0.00859675277,1,-0.1922281086,0.009720392525,0.4107856452,0,1.016254425,-0.578830719,62.17824936
0.1746714562,0.3006044328,0.007061347365,0.0120046977,1,-0.1475299001,0.01392750535,0.5315136909,0,0.9930172563,-0.8527587652,59.53530502
0.1746714562,0.3054480255,0.008631908335,0.01530158427,1,-0.3129571676,0.01756839082,0.2817841172,0,0.6955829859,-1.103004932,60.57184601
0.1746714562,0.3102915883,0.008914625272,0.01871203072,1,-0.499283433,0.02072705142,0.1479020715,14.1471653,0.2443340421,-1.162446976,64.52633667
0.1746714562,0.315135181,0.00739704119,0.02164836228,1,-0.6207942367,0.0228772331,0.2245342135,16.08016586,-0.3439461589,-0.9695692658,71.13518524
0.1746714562,0.3199787438,0.004241830204,0.0244957637,1,-0.4454949498,0.02486032061,0.1743836403,0,-0.9265273809,-1.305268526,80.17575073
0.1746714562,0.3248223364,0.0007515444886,0.02881517261,1,-0.4992127419,0.02882497199,0.04610072076,0,-1.958736658,-0.4148406982,88.50597382
0.1746714562,0.3296658993,-0.007663438562,0.0267283693,1,-0.7976747751,0.02780528739,0.1723703146,0,-1.690666318,1.325991988,105.9984207
0.1746714562,0.3345094621,-0.01130089164,0.02322753333,1,-0.6582990885,0.02583076619,0.2430684566,0,-0.9164140224,1.647121191,115.9443207
0.1746714562,0.3393530548,-0.01529068407,0.01992773078,1,-0.4312793314,0.0251181107,0.389457643,0,-0.4753326476,1.639041901,127.4992752
0.1746714562,0.3441966176,-0.01569213718,0.01717507467,1,0.04466178268,0.02326427214,0.4045974612,0,0.2128575146,1.643535137,132.416626
0.1746714562,0.3490402102,-0.01404336933,0.01392683946,1,-0.2436539531,0.01977809705,-0.6739018559,0,0.9244576097,0.6673485637,135.2387085
0.179515034,0.237637952,0.01282506716,0.002999353921,1,0.1733654737,0.01317112241,0.7886757851,0,0.6374776363,-0.964284122,13.16299152
0.179515034,0.2424815297,0.01478875801,0.007244652603,1,-0.02030828595,0.01646791957,0.2180367261,0,0.6823080778,-0.6678287983,26.09910965
0.179515034,0.2473251075,0.01603151485,0.00729011232,1,-0.2714125216,0.0176112242,-0.1155688167,0,0.4843763411,-0.1766283512,24.45301819
0.179515034,0.2521686852,0.01582026482,0.007540399209,1,-0.4780630469,0.01752536371,0.04544922337,9.171916008,0.3949514627,-0.05034140125,25.4838295
0.179515034,0.257012248,0.01562895812,0.007754080929,1,-0.6998676062,0.01744678058,0.04097297043,20.54792023,0.3665213585,0.09617912024,26.38764191
0.179515034,0.2618558407,0.0142056765,0.007273003925,1,-1.263017297,0.0159592554,-0.02336316183,42.73085403,0.2542185783,0.05361782387,27.11148071
0.179515034,0.2666994035,0.01074276306,0.007381217554,1,-1.525936246,0.01303416025,0.181766063,51.93154144,0.1886270046,-0.02316323668,34.49246979
0.179515034,0.2715429962,0.007728314959,0.008265594952,1,-1.242537975,0.01131578162,0.2855429649,41.16897964,0.2052621245,0.06204088032,46.92399979
0.179515034,0.276386559,0.005718636326,0.008463767357,1,-1.103531003,0.01021460537,-0.04443579167,36.46026993,0.3191748559,-0.09887579829,55.95464706
0.179515034,0.2812301517,0.003929224797,0.008529279381,1,-1.01586175,0.009390815161,-0.02285128087,33.17897415,0.3301470876,-0.2394380271,65.26566315
0.179515034,0.2860737145,0.002397324424,0.009512822144,1,-0.8392916918,0.009810247459,0.1254969835,19.98543358,0.5949521065,-0.2937225401,75.85542297
0.179515034,0.2909172773,0.002745750593,0.01055979542,1,-0.4115094543,0.01091093104,0.126238361,0,0.8708309531,-0.2414153963,75.42475128
0.179515034,0.29576087,0.004622083623,0.01129358169,1,-0.06218770146,0.01220281329,0.3863993585,0,0.8539799452,-0.3848135173,67.74236298
0.179515034,0.3006044328,0.006580858026,0.01429522503,1,-0.08369708061,0.01573725417,0.4677196145,0,0.5931027532,-0.7124099135,65.28085327
0.179515034,0.3054480255,0.007089429535,0.0170096308,1,-0.1995774806,0.01842790097,0.228125453,0,0.2139498293,-0.8225769997,67.37415314
0.179515034,0.3102915883,0.006650471594,0.01938438416,1,-0.1087282598,0.02049348876,-0.006519526243,0,-0.1712661386,-0.7920482159,71.06372833
0.179515034,0.315135181,0.005733254831,0.02081440017,1,-0.04887202382,0.02158956788,-0.09618535638,0,-0.5701289177,-0.5557650328,74.59996796
0.179515034,0.3199787438,0.003652292304,0.02161039412,1,-0.09049925208,0.0219168514,-0.04208559543,0,-1.06067431,-0.2077731788,80.40730286
0.179515034,0.3248223364,0.0001574560156,0.02161692083,1,0.2521605492,0.02161749452,-0.02884258889,0,-1.787986279,-0.03717176989,89.58267212
0.179515034,0.3296658993,-0.003786598798,0.02165073715,1,0.02658033371,0.02197937109,0.4733090401,0,-1.615324736,0.6184896231,99.92038727
0.179515034,0.3345094621,-0.00753772771,0.02091372944,1,-0.1546735764,0.02223064192,0.3938893676,0,-1.200977206,1.019500732,109.8201752
0.179515034,0.3393530548,-0.01035279874,0.01862053946,1,-0.174269855,0.02130504511,0.3840292096,0,-0.696811974,1.312535405,119.0735321
0.179515034,0.3441966176,-0.01175688021,0.01641643792,1,-0.2255660295,0.02019216865,0.2405694425,0,-0.3386254311,1.123928189,125.6089096
0.179515034,0.3490402102,-0.01308550406,0.01434192248,1,-0.3477720618,0.01941445656,-0.04186406732,0,-0.2008388788,0.814737916,132.377182
0.1843586117,0.237637952,0.01218928955,0.00437080441,1,-0.06935717165,0.01294923574,0.9618958235,0,0.4368059635,-0.6053788662,19.72669029
0.1843586117,0.2424815297,0.01307917293,0.008166412823,1,0.1949295402,0.0154193081,0.1294091046,0,0.3417341709,-0.7110821009,31.97995377
0.1843586117,0.2473251075,0.01478866208,0.008441789076,1,0.1114604622,0.01702845655,-0.1914043278,0,0.3678482771,-0.4104199409,29.71895218
0.1843586117,0.2521686852,0.01540074218,0.009227232076,1,-0.2370691895,0.01795340329,-0.07941567898,0,0.3561702371,-0.376229763,30.92759514
0.1843586117,0.257012248,0.01536553632,0.009879428893,1,-0.5984148979,0.01826753467,0.006563484669,19.30616379,0.2138430327,-0.3517145216,32.73940659
0.1843586117,0.2618558407,0.01353803836,0.0109625794,1,-0.9717211723,0.01742000692,0.1592318714,32.6904335,0.1529601812,-0.2101658583,38.99921417
0.1843586117,0.2666994035,0.01139980368,0.01166863553,1,-1.28849721,0.01631295867,0.1602236629,43.0286026,0.2882993221,0.0262703374,45.6676712
0.1843586117,0.2715429962,0.008693502285,0.01161139272,1,-1.360499859,0.01450522058,0.1314744502,46.62987137,0.1080537438,0.01679161191,53.17763901
0.1843586117,0.276386559,0.005333483685,0.01222411077,1,-1.255977392,0.01333697606,-0.008956059813,42.89237976,0.1891293526,-0.1219641417,66.427948
0.1843586117,0.2812301517,0.003526140703,0.01215875614,1,-0.9850904942,0.0126597397,0.008857373148,31.27230835,0.3883846998,-0.09010158479,73.82740021
0.1843586117,0.2860737145,0.002443292877,0.01270342618,1,-0.6871589422,0.01293625589,0.2506791651,14.69807434,0.4778300524,-0.01023892313,79.11306
0.1843586117,0.2909172773,0.002512243111,0.01342252921,1,-0.2087462693,0.01365560945,0.1977875233,0,0.6425398588,0.1294793189,79.3988266
0.1843586117,0.29576087,0.004544405732,0.01303428225,1,-0.01053646207,0.01380377263,0.2650811672,0,0.7050495148,-0.118994616,70.77888489
0.1843586117,0.3006044328,0.005876170937,0.01528283022,1,-0.05162518471,0.01637358591,0.3521913588,0,0.3010751605,-0.5294407606,68.96849823
0.1843586117,0.3054480255,0.00575263612,0.01730453596,1,-0.04524282739,0.01823567413,0.1034986675,0,-0.1260088384,-0.54195261,71.61138153
0.1843586117,0.3102915883,0.005046700127,0.01840912364,1,0.1047171652,0.01908834651,-0.04701665044,0,-0.4171654284,-0.4225815833,74.66950226
0.1843586117,0.315135181,0.004239268601,0.01912361383,1,0.139985919,0.01958785392,-0.04300460219,0,-0.5560172796,-0.3294708729,77.50095367
0.1843586117,0.3199787438,0.003031619824,0.01979664527,1,-0.009632587433,0.02002742887,-0.1313343793,0,-0.7764536142,-0.09209658951,81.29347229
0.1843586117,0.3248223364,0.0004317988351,0.01893356256,1,-0.2190036476,0.01893848553,-0.03483467549,0,-0.8972882032,0.1759540737,88.69353485
0.1843586117,0.3296658993,-0.002375226934,0.01877567358,1,-0.1670182645,0.01892531663,0.2087165862,0,-0.8419137001,0.3684920669,97.20993042
0.1843586117,0.3345094621,-0.004455026705,0.01815968007,1,-0.1346594691,0.01869816147,0.3441882133,0,-0.8352877498,0.6288778186,103.7838745
0.1843586117,0.3393530548,-0.007073241752,0.01739675738,1,-0.2208833992,0.01877971925,0.3981045187,0,-0.734621048,0.7144445181,112.1258698
0.1843586117,0.3441966176,-0.009083086625,0.01662746258,1,-0.1816076189,0.01894663461,0.2323285639,0,-0.4845638275,0.8017910719,118.6464539
0.1843586117,0.3490402102,-0.01029989496,0.01463852171,1,-0.4095828533,0.01789899915,0.1489540339,0,-0.09285752475,0.9702208042,125.1308289
0.1892021894,0.237637952,0.01455188449,0.005450994242,1,-0.7206975818,0.01553932671,0.4171404839,0,-0.3448390365,-0.6171025038,20.53546143
0.1892021894,0.2424815297,0.01197137963,0.007955712266,1,0.1823652536,0.01437383983,-0.01787698269,0,-0.4787066579,-0.6539672017,33.60646439
0.1892021894,0.2473251075,0.01311653201,0.008531946689,1,0.454808712,0.01564728469,-0.2757912278,11.8353405,-0.1158173233,-0.7832855582,33.04290771
0.1892021894,0.2521686852,0.01361331064,0.01041380037,1,0.1352872998,0.0171397049,-0.2721565664,0,0.03827479109,-0.9238181114,37.41497421
0.1892021894,0.257012248,0.01395719219,0.01168831531,1,-0.1952103227,0.01820494235,-0.3323053122,0,0.2665755749,-0.8085410595,39.94416046
0.1892021894,0.2618558407,0.01395897381,0.01272048522,1,-0.5436279178,0.01888554171,-0.02988383174,18.61030388,0.066474244,-0.7174415588,42.34217453
0.1892021894,0.2666994035,0.0116460612,0.0150185544,1,-1.114186049,0.01900493912,0.04660192132,38.44743729,-0.02392321825,-0.5021996498,52.2083931
0.1892021894,0.2715429962,0.008446453139,0.01537864842,1,-1.284456968,0.01754552498,-0.04348582774,44.28022003,-0.07023328543,-0.1352981329,61.2229805
0.1892021894,0.276386559,0.005084514152,0.01546325441,1,-1.015725851,0.01627773046,0.005817908794,35.08802414,0.001859486103,0.04645626247,71.79847717
0.1892021894,0.2812301517,0.003535712138,0.01518181339,1,-0.2404242754,0.01558809541,0.01574793831,7.884392738,-0.07392988354,0.07927894592,76.88999939
0.1892021894,0.2860737145,0.003561915364,0.01515553705,1,-0.1319435537,0.01556847896,0.2728367448,0,0.2961162627,0.375807941,76.77414703
0.1892021894,0.2909172773,0.004330893047,0.01468306594,1,0.04936103523,0.01530846395,0.199980706,0,0.3156067729,0.281730026,73.56613922
0.1892021894,0.29576087,0.005329665262,0.01475957781,1,-0.1411205977,0.01569237001,0.2636567354,0,0.4283966422,-0.008970379829,70.14541626
0.1892021894,0.3006044328,0.005722336937,0.01600355655,1,-0.04839535803,0.01699585095,0.1290240884,0,-0.02673945017,-0.2547535002,70.324646
0.1892021894,0.3054480255,0.004965743981,0.01661843434,1,0.1474787742,0.01734448038,0.01381295919,0,-0.4254553318,-0.162306577,73.36336517
0.1892021894,0.3102915883,0.004375935998,0.01685660519,1,0.2682884336,0.01741533726,0.1435670704,0,-0.4823043942,-0.02672445402,75.44738007
0.1892021894,0.315135181,0.003929140978,0.01744325459,1,0.002793297172,0.01788030379,0.2087301016,0,-0.3756269813,-0.005911163986,77.30583954
0.1892021894,0.3199787438,0.00257008709,0.01789623685,1,-0.3364125788,0.01807983965,0.1248068064,2.868650675,-0.3011661768,-0.05859936401,81.8276062
0.1892021894,0.3248223364,0.0008409787551,0.01833159663,1,-0.7251303196,0.01835087687,0.2342594266,23.70417213,-0.01005572081,0.1340046823,87.37334442
0.1892021894,0.3296658993,-0.0009908437496,0.01838182844,1,-0.5937616825,0.01840851456,0.2993912101,16.79410744,-0.1630335897,0.4669155478,93.08544922
0.1892021894,0.3345094621,-0.00282460684,0.01752018183,1,-0.429988265,0.01774641313,0.1453783363,3.689041138,-0.3903220594,0.6098319292,99.15842438
0.1892021894,0.3393530548,-0.004964080639,0.01613221131,1,-0.1411434412,0.01687869616,0.2066691518,0,-0.6688848138,0.737503171,107.1037827
0.1892021894,0.3441966176,-0.006748041604,0.01494904608,1,-0.02935603261,0.01640152559,0.3811563849,0,-0.5282096863,0.4340521693,114.294548
0.1892021894,0.3490402102,-0.007664693519,0.01587600634,1,-0.7349527478,0.01762938313,0.1202059686,0,0.3564519286,-0.2625513375,115.7705307
0.1940457672,0.237637952,0.01122075785,0.006191304419,1,-0.4410014153,0.01281552389,-0.9410339594,0,-0.135314092,-0.4344478548,28.88870239
0.1940457672,0.2424815297,0.00982504338,0.004964459687,1,0.4563453496,0.01100805774,-0.4961270094,0,-0.7787964344,-0.3901336789,26.8068428
0.1940457672,0.2473251075,0.009658941068,0.005677917507,1,0.5668290257,0.01120419055,-0.3223131001,0,-0.6116507649,-1.105388165,30.44874001
0.1940457672,0.2521686852,0.009607945569,0.008757344447,1,0.360655874,0.01300014276,-0.1623297334,0,-0.3233244717,-1.49155736,42.34820175
0.1940457672,0.257012248,0.009839758277,0.01211612485,1,-0.05628637969,0.01560837403,-0.3173847795,0,0.1203638464,-1.382777452,50.9192276
0.1940457672,0.2618558407,0.009918309748,0.01391765662,1,-0.3139229715,0.01709017344,-0.3352939785,0,0.1804105341,-1.333168507,54.52472687
0.1940457672,0.2666994035,0.009193080477,0.01694940776,1,-0.6144701838,0.01928199083,-0.1374024749,0,0.1828137636,-0.8754772544,61.52531815
0.1940457672,0.2715429962,0.00782754831,0.0174925793,1,-0.808727026,0.01916405186,-0.1067757085,0,0.0641528964,-0.1487811804,65.89252472
0.1940457672,0.276386559,0.005586677697,0.01715286449,1,-0.7453537583,0.01803972572,-0.3636844158,0,-0.0476834774,0.571036756,71.95960236
0.1940457672,0.2812301517,0.003986410797,0.01296518464,1,0.457475245,0.01356419921,-0.1522324979,0,-0.4578104615,0.3383340538,72.90888977
0.1940457672,0.2860737145,0.005585053936,0.01477676723,1,0.1668784916,0.01579701528,0.5980299711,0,0.01047765464,0.2373602092,69.29532623
0.1940457672,0.2909172773,0.004845446441,0.01471211109,1,0.01392096654,0.01548949815,0.2111169696,0,0.02591423318,0.001351341605,71.7706604
0.1940457672,0.29576087,0.005777998827,0.01579278335,1,-0.1697780937,0.01681657694,0.1623054743,0,0.2568509877,0.02281948924,69.90428162
0.1940457672,0.3006044328,0.005267190747,0.01538772229,1,0.050279513,0.01626423374,-0.2243786156,0,-0.2040094882,0.03644058853,71.10401917
0.1940457672,0.3054480255,0.005033395719,0.01452948526,1,0.4669424295,0.01537663862,-0.04943141341,0,-0.3956220746,0.07736602426,70.8925705
0.1940457672,0.3102915883,0.005612636451,0.01477356907,1,0.449493587,0.01580379717,0.5403672457,0,-0.4106293321,-0.02971148491,69.19768524
0.1940457672,0.315135181,0.005221637897,0.01729070581,1,-0.2018382102,0.01806194894,0.8030003309,0,-0.2648283243,-0.2693052292,73.19615936
0.1940457672,0.3199787438,0.00335230073,0.01996736415,1,-0.7379232645,0.0202468168,0.6886236072,0,0.1172822416,-0.3656335473,80.46954346
0.1940457672,0.3248223364,0.002215514658,0.0223970823,1,-1.047452211,0.02250639535,0.3761317134,0,0.6312596798,0.1914387941,84.35069275
0.1940457672,0.3296658993,0.001336439629,0.0208619386,1,-0.8230333328,0.0209047012,0.06289550662,0,0.2010486424,0.8980815411,86.33457184
0.1940457672,0.3345094621,-0.0007971071173,0.01835180633,1,-0.5677371621,0.01836910844,-0.2029840648,0,-0.2243445367,1.040174961,92.48706055
0.1940457672,0.3393530548,-0.00250006956,0.01484060101,1,-0.1810885668,0.01504971087,0.08128726482,0,-0.7144175768,0.9361470938,99.56234741
0.1940457672,0.3441966176,-0.005134560633,0.01421122625,1,-0.7240150571,0.01511034928,0.8579593897,0,-1.028674126,-0.1917241812,109.8649445
0.1940457672,0.3490402102,-0.01098935585,0.01992482506,1,-2.044686079,0.02275444195,0.4932137132,0,-0.372856319,-1.866026402,118.87854
