PIVlab, ASCII chart output - 13-Mar-2024
FRAME: 57, filenames: A:[57]2 vortices tapados mismo sentido clase 4.mp4 & B:[58]2 vortices tapados mismo sentido clase 4.mp4, conversion factor xy (px -> m): 0.00030272, conversion factor uv (px/frame -> m/s): 0.0090842
x [m],y [m],u [m/s],v [m/s],Vector type [-],vorticity [1/s],magnitude [m/s],divergence [1/s],dcev [1],simple shear [1/s],simple strain [1/s],vector direction [degrees]
0.1262357086,0.237637952,0.003609792097,-0.006087828428,1,-0.1436803192,0.007077588234,0.7068063617,0,0.5432239771,0.3475221992,-59.33407974
0.1262357086,0.2424815297,0.004577402491,-0.00521771796,1,0.2492514104,0.006940979045,0.4176672995,0,0.1077327877,0.4729193151,-48.74015427
0.1262357086,0.2473251075,0.005338872783,-0.006355445832,1,0.1249863654,0.00830031652,0.09849916399,0,0.1157528609,0.5900254846,-49.96816254
0.1262357086,0.2521686852,0.005743441638,-0.007598463912,1,-0.07342921197,0.00952490326,-0.03520607948,0,0.1827975959,0.5529426336,-52.91550446
0.1262357086,0.257012248,0.005868606269,-0.009204185568,1,-0.2749224305,0.01091593225,-0.1094826907,0,0.2573925853,0.4769689441,-57.47833633
0.1262357086,0.2618558407,0.005658534355,-0.01043898799,1,-0.4209534824,0.01187398378,-0.1043899432,0,0.1556260884,0.1411468536,-61.53975296
0.1262357086,0.2666994035,0.004583472386,-0.01039346214,1,-0.3466356993,0.01135923713,0.1786628962,0,-0.02195589244,0.05919113755,-66.20272827
0.1262357086,0.2715429962,0.003873232286,-0.009860317223,1,-0.2594753504,0.01059376169,0.2695014477,0,-0.007914796472,0.1260727644,-68.55459595
0.1262357086,0.276386559,0.003288347507,-0.009698754176,1,-0.09623979777,0.01024104841,0.2022186071,0,0.09975592047,0.1879091412,-71.27085114
0.1262357086,0.2812301517,0.003890262917,-0.009791008197,1,-0.0785562247,0.01053555775,0.1463017613,0,0.2089034766,0.1246398911,-68.33058167
0.1262357086,0.2860737145,0.003919694573,-0.009593833238,1,-0.1054176241,0.01036366913,0.1894129068,0,-0.09371697903,0.005924642086,-67.77684021
0.1262357086,0.2909172773,0.002925741952,-0.008902271278,1,0.08023940027,0.009370720945,0.262475431,0,-0.3774696589,0.09093350172,-71.80683136
0.1262357086,0.29576087,0.002480036579,-0.008762956597,1,0.08807390928,0.009107139893,0.02901899815,0,-0.4005853832,0.3052286804,-74.19776917
0.1262357086,0.3006044328,0.001412068377,-0.01024011429,1,-0.1293909848,0.01033701561,0.003363311291,0,-0.2521420717,0.7165438533,-82.14867401
0.1262357086,0.3054480255,0.0006320516113,-0.01221730188,1,-0.3114206791,0.01223364007,0.2179543972,0,0.01464895904,0.8266826868,-87.0384903
0.1262357086,0.3102915883,-2.536841566e-05,-0.01318853721,1,-0.4032613039,0.01318856142,0.2907162309,0,-0.05975838006,0.5242242217,-90.1102066
0.1262357086,0.315135181,-0.00161062018,-0.01334831584,1,-0.4809322953,0.01344513427,0.2508482635,0,-0.07854498923,0.2652838528,-96.88009644
0.1262357086,0.3199787438,-0.002735240152,-0.01325845718,1,-0.3596693575,0.01353765931,-0.1952495277,0,-0.1818214357,0.1483801901,-101.6566772
0.1262357086,0.3248223364,-0.004233372863,-0.01501271315,1,-0.8749434948,0.01559817325,-0.7296467423,0,0.3072757423,0.2829591632,-105.7477036
0.1262357086,0.3296658993,-0.005484783091,-0.01816309243,1,-2.200249434,0.01897315867,-1.133819699,0,1.341459751,-0.2384237945,-106.8029556
0.1262357086,0.3345094621,-0.008392974734,-0.01934961975,1,-2.45310688,0.02109146304,-0.4901984632,0,1.078011513,-1.133910537,-113.4489822
0.1262357086,0.3393530548,-0.01214516442,-0.01504522283,1,-1.514079094,0.01933555678,0.8194482923,0,0.07958883047,-1.235464096,-128.9120026
0.1262357086,0.3441966176,-0.01534103975,-0.009396491572,1,-0.9867992401,0.01799003966,2.539095163,0,-1.568027735,-2.222525835,-148.5122528
0.1262357086,0.3490402102,-0.02451966703,0.008018058725,1,1.190540433,0.02579735033,5.187040329,0,-4.980548382,-2.003717661,161.891983
0.1310792714,0.237637952,0.006163145415,-0.004424296319,1,0.05200093985,0.007586749271,0.1672581881,0,0.1838013083,0.6363943815,-35.67317963
0.1310792714,0.2424815297,0.00673420867,-0.005560445134,1,0.1764668822,0.008733161725,0.1637223661,2.20449543,-0.002384074032,0.5670422316,-39.54653168
0.1310792714,0.2473251075,0.007006329019,-0.006377807353,1,0.05995613709,0.009474443272,0.1417858899,0,-0.005641397089,0.4344401062,-42.31135559
0.1310792714,0.2521686852,0.006997286342,-0.006977938581,1,-0.05033048987,0.009881985374,0.0466684103,0.6308240294,-0.0008200760931,0.3640432954,-44.92067719
0.1310792714,0.257012248,0.006758577656,-0.00791503489,1,-0.251691252,0.01040798426,-0.086118415,7.920403957,-0.006327696145,0.34015733,-49.50628281
0.1310792714,0.2618558407,0.005747551564,-0.009042638354,1,-0.3126614988,0.01071464643,-0.1341774464,9.443082809,-0.01748180389,0.2151766419,-57.55973434
0.1310792714,0.2666994035,0.005159502849,-0.009607158601,1,-0.1994689554,0.01090495102,0.09716310352,5.826037884,0.01028545201,0.1402003467,-61.76208115
0.1310792714,0.2715429962,0.004831226543,-0.009251092561,1,-0.1802598238,0.01043664012,0.1984383315,0,-0.01099366695,0.1193514913,-62.42494583
0.1310792714,0.276386559,0.004233151674,-0.009224095382,1,-0.08968952298,0.01014906447,0.1751011908,0,0.03088956699,0.1428422034,-65.34851074
0.1310792714,0.2812301517,0.004546424374,-0.009094843641,1,-0.05673705041,0.01016789861,0.06679818779,0,0.08968949318,0.1372835636,-63.43997192
0.1310792714,0.2860737145,0.004392759409,-0.009565496817,1,-0.09483792633,0.01052592322,0.0182204172,2.293195248,-0.06306304783,0.2073165476,-65.33401489
0.1310792714,0.2909172773,0.003781621112,-0.01001074258,1,0.006078004837,0.0107011972,0.1098692566,0,-0.2338534296,0.1885065287,-69.30563354
0.1310792714,0.29576087,0.003289511427,-0.009946382605,1,0.1155433506,0.01047623064,0.1048948839,0,-0.244806245,0.2136260867,-71.69969177
0.1310792714,0.3006044328,0.003155526239,-0.0105373906,1,0.06726991385,0.01099972427,0.1786438823,0,-0.09360937029,0.4844611585,-73.32915497
0.1310792714,0.3054480255,0.003161934204,-0.01142763253,1,-0.1998592615,0.0118570067,0.253246069,0,-0.0493959859,0.6288481355,-74.53366089
0.1310792714,0.3102915883,0.001948239049,-0.01235664822,1,-0.4046113491,0.01250929199,0.2924945354,0,-0.3226599693,0.4878438115,-81.04009247
0.1310792714,0.315135181,-0.0003606610117,-0.01237382181,1,-0.3630473018,0.01237907726,0.3001151383,0,-0.6273335218,0.3973779976,-91.66953278
0.1310792714,0.3199787438,-0.002848747419,-0.01282774843,1,-0.394800961,0.0131402621,0.1663833261,0,-0.6280981898,0.1200982928,-102.520874
0.1310792714,0.3248223364,-0.005315152463,-0.01214963663,1,-0.6850363016,0.01326139178,0.276864022,10.33967781,-0.5453165174,-0.392455548,-113.6281357
0.1310792714,0.3296658993,-0.008808056824,-0.009585847147,1,-1.237603664,0.01301807724,-0.1586835384,40.51438141,-0.2098967433,-0.4377371073,-132.5786896
0.1310792714,0.3345094621,-0.01232621167,-0.01079802308,1,-1.372169971,0.01638697088,-0.6534039974,37.15732193,0.4751870334,-0.3230984509,-138.7809448
0.1310792714,0.3393530548,-0.0131526636,-0.01118570752,1,-0.8019630909,0.01726593822,-0.3501965106,21.35723305,0.3378090858,-0.3489418924,-139.6204376
0.1310792714,0.3441966176,-0.0145743778,-0.01080409996,1,-0.3556636274,0.01814224571,0.3506620228,0,-0.3994996846,-0.5285927057,-143.4501801
0.1310792714,0.3490402102,-0.01681035571,-0.006926968694,1,1.602945328,0.01818161085,1.642207861,0,-2.526217937,0.04127585888,-157.6051331
0.1359228492,0.237637952,0.00750233978,-0.005449444056,1,0.2467334867,0.009272622876,0.06016360223,0,0.007034413517,0.3221811056,-35.99337769
0.1359228492,0.2424815297,0.008116912097,-0.006083995104,1,0.09045134485,0.0101439273,0.09509553015,0,0.03910665214,0.3477451205,-36.85322952
0.1359228492,0.2473251075,0.008129864,-0.006673172116,1,-0.02071310952,0.01051788591,0.05918048322,0,-0.05860003456,0.3223457932,-39.3799057
0.1359228492,0.2521686852,0.007732752711,-0.007358656731,1,-0.05852794647,0.01067451574,0.02442519367,0,-0.1542907357,0.301612854,-43.58000565
0.1359228492,0.257012248,0.007099061739,-0.008015749976,1,-0.1290886402,0.01070742402,-0.04150485992,0,-0.2181532681,0.2992778718,-48.47064209
0.1359228492,0.2618558407,0.006050859578,-0.00900926441,1,-0.1517310292,0.0108526377,0.04142551124,2.205926657,-0.1302718371,0.3225713968,-56.11364746
0.1359228492,0.2666994035,0.005733158905,-0.009377501905,1,-0.07462631911,0.01099120826,0.1107440367,0,-0.05717499927,0.1171856001,-58.55947495
0.1359228492,0.2715429962,0.005412469618,-0.009040464647,1,-0.08361905813,0.0105368318,0.08034799248,0,-0.1031912267,0.02609449439,-59.09130859
0.1359228492,0.276386559,0.004828328732,-0.009114720859,1,-0.08148379624,0.01031459589,0.1220484078,0,-0.02870796248,0.1305785179,-62.08855057
0.1359228492,0.2812301517,0.004878747277,-0.00908178091,1,0.02148155682,0.01030926406,0.03591356054,0,0.01645939983,0.1030557752,-61.75523758
0.1359228492,0.2860737145,0.0050120987,-0.009439929388,1,-0.09083659202,0.01068800222,-0.04252685606,2.647864103,-0.01400385797,0.1603434682,-62.03408813
0.1359228492,0.2909172773,0.004370945971,-0.01006439608,1,-0.1500450373,0.01097256783,0.01564636827,4.657989025,-0.05420139432,0.236228317,-66.52479553
0.1359228492,0.29576087,0.004022815265,-0.0105083352,1,0.03152082488,0.01125202887,0.1443311572,0,0.02069642954,0.3414887786,-69.05208588
0.1359228492,0.3006044328,0.004623864312,-0.01101934444,1,0.07567939162,0.01195015013,0.2329186201,0,0.1063599586,0.4352870584,-67.23642731
0.1359228492,0.3054480255,0.004904536996,-0.0114885224,1,-0.05961401761,0.01249162201,0.1969578713,0,-0.1199245304,0.5628558993,-66.88200378
0.1359228492,0.3102915883,0.003754255362,-0.01279160008,1,-0.2464496195,0.01333114691,0.1332407892,0,-0.4011708796,0.7814976573,-73.64336395
0.1359228492,0.315135181,0.00176773686,-0.01462840475,1,-0.2688717246,0.01473482698,0.3475958705,0,-0.7844615579,0.677279532,-83.1096344
0.1359228492,0.3199787438,-0.00134764635,-0.01438844856,1,-0.1584911942,0.0144514218,0.467071861,0,-1.196083069,0.4066962004,-95.35080719
0.1359228492,0.3248223364,-0.004793248605,-0.01433597039,1,0.01532095671,0.01511606015,0.3409428298,0,-1.465889692,0.09254645556,-108.4874191
0.1359228492,0.3296658993,-0.008373588324,-0.01318532135,1,0.07927256823,0.01561952941,0.4272197485,0,-1.798974514,-0.3850241303,-122.4183578
0.1359228492,0.3345094621,-0.01312273275,-0.01040181611,1,-0.3657382429,0.01674526371,0.1667357981,0,-1.112074733,-0.5890412331,-141.5976868
0.1359228492,0.3393530548,-0.01553149056,-0.00952465646,1,-0.2790962756,0.01821939275,-0.3207003474,0,-0.3568234742,-0.4844226241,-148.481369
0.1359228492,0.3441966176,-0.01620285958,-0.009608814493,1,-0.2904220223,0.01883777976,-0.5671855211,0,0.1182136685,-0.05987903476,-149.3307037
0.1359228492,0.3490402102,-0.01636559516,-0.01198183466,1,-0.266567409,0.02028292604,-0.3645442426,0,0.199371174,0.6153153181,-143.7908173
0.1407664269,0.237637952,0.008015061729,-0.005585297477,1,0.146272406,0.00976917427,0.07102799416,0,0.2105217725,0.1634553969,-34.87072372
0.1407664269,0.2424815297,0.008879141882,-0.005809137132,1,0.02164254338,0.01061061863,0.06934693456,0,0.1516218185,0.2708546221,-33.19453049
0.1407664269,0.2473251075,0.008854281157,-0.006561315618,1,-0.03581030294,0.01102039777,0.01582112908,0.5996562243,-0.02667758428,0.3528934419,-36.53967285
0.1407664269,0.2521686852,0.008576476946,-0.007441773079,1,-0.08697088063,0.01135499682,0.001696109772,0,-0.08793313801,0.3702487648,-40.94804001
0.1407664269,0.257012248,0.008007121272,-0.008346426301,1,-0.06946851313,0.01156619377,0.0237171948,0,-0.1505915821,0.3327709734,-46.18860626
0.1407664269,0.2618558407,0.007510598749,-0.008938699029,1,-0.1468784213,0.01167516317,0.07032714784,0,-0.2131082714,0.313165307,-49.96187973
0.1407664269,0.2666994035,0.006263497751,-0.009522631764,1,-0.1403364241,0.01139789075,0.07370284945,0,-0.3064014614,0.1577714682,-56.66513824
0.1407664269,0.2715429962,0.005346789025,-0.009345891885,1,-0.003648266196,0.01076725777,0.1335709691,0,-0.1629079282,0.01915962994,-60.22610855
0.1407664269,0.276386559,0.005456769839,-0.008968471549,1,-0.02299725264,0.01049808599,0.1442176998,0,-0.003275872208,0.09740869701,-58.68202972
0.1407664269,0.2812301517,0.005219533108,-0.009119168855,1,-0.09669558704,0.01050727256,0.06107015535,2.505686045,-0.005162280053,0.1074986309,-60.21449661
0.1407664269,0.2860737145,0.004963413347,-0.009193351492,1,-0.09676804394,0.01044763997,-0.0222567264,2.635463476,0.05177278072,0.06597328931,-61.63576508
0.1407664269,0.2909172773,0.005001595709,-0.009546516463,1,-0.08502735943,0.01077738032,0.0801762417,0,0.2252552509,0.24647066,-62.34912872
0.1407664269,0.29576087,0.005642618053,-0.009998811409,1,-0.07442577183,0.01148108765,0.3515804112,0,0.3614938855,0.5254746675,-60.56270599
0.1407664269,0.3006044328,0.006392032374,-0.0103887869,1,-0.06855374575,0.0121977441,0.2673797607,0,0.3162081242,0.6226831675,-58.39676666
0.1407664269,0.3054480255,0.006842151284,-0.01171975117,1,-0.09327891469,0.01357083675,0.1609486938,0,0.09055642784,0.7219525576,-59.72303009
0.1407664269,0.3102915883,0.006378845777,-0.01310605276,1,-0.2734742165,0.01457594894,0.1812442839,2.662852287,-0.1887355,0.8318729401,-64.04735565
0.1407664269,0.315135181,0.004603402689,-0.01487112138,1,-0.5050611496,0.01556732412,0.1501183808,0,-0.5262900591,1.130251884,-72.79992676
0.1407664269,0.3199787438,0.001383416005,-0.01785340533,1,-0.3372573853,0.01790692285,0.246281445,0,-1.277027845,1.165617108,-85.5691452
0.1407664269,0.3248223364,-0.003215513425,-0.01932399534,1,-0.2119101882,0.01958969794,0.2396723777,0,-1.850014925,0.4110080004,-99.44744873
0.1407664269,0.3296658993,-0.008603679016,-0.01868328266,1,-0.2816409469,0.02056911215,0.4150624871,0,-2.021656752,-0.598867476,-114.7261429
0.1407664269,0.3345094621,-0.01437168103,-0.0144129619,1,0.06213766336,0.02035383694,0.4280847609,0,-1.806439161,-1.042129636,-134.9178314
0.1407664269,0.3393530548,-0.01705233939,-0.01156218536,1,0.09988036752,0.02060258202,0.1408011913,0,-0.7687934637,-1.012916446,-145.8611298
0.1407664269,0.3441966176,-0.0176116135,-0.008824841119,1,-0.2592938542,0.0196989011,0.3503665626,0,0.5600245595,-1.072553992,-153.385437
0.1407664269,0.3490402102,-0.01559572667,-0.00467015896,1,-1.40879488,0.01627996005,0.7184633017,0,2.241188049,-0.9970741272,-163.3296051
0.1456100047,0.237637952,0.008638078347,-0.005138247274,1,0.1136220321,0.0100507699,0.09291233122,0,0.3515822291,0.2234699875,-30.74574089
0.1456100047,0.2424815297,0.009764704853,-0.005454430357,1,0.06447831541,0.01118482277,0.103867203,0,0.1993108392,0.4116334617,-29.18712616
0.1456100047,0.2473251075,0.00991576165,-0.006628937088,1,-0.04746260867,0.01192749478,0.1141064763,0,-0.0001072436571,0.5082133412,-33.7637291
0.1456100047,0.2521686852,0.00953429658,-0.007363317534,1,-0.09208801389,0.01204662863,0.1089507788,0,-0.1329571009,0.4763943553,-37.67883301
0.1456100047,0.257012248,0.008825739846,-0.008408675902,1,-0.1363242269,0.01219013985,0.02894292772,0,-0.199370116,0.4349932671,-43.61374283
0.1456100047,0.2618558407,0.007908334956,-0.009330053814,1,-0.1171674803,0.01223076694,-0.06115913391,0,-0.2898492515,0.3049286902,-49.71474075
0.1456100047,0.2666994035,0.006854322739,-0.01018185075,1,-0.09468639642,0.0122740306,0.03293119743,0,-0.2678767443,0.132402584,-56.05194473
0.1456100047,0.2715429962,0.006152232178,-0.009811851196,1,-0.09456002712,0.01158112194,0.2835578024,0,-0.08209817111,0.04351789504,-57.91144562
0.1456100047,0.276386559,0.005998665001,-0.009019198827,1,-0.0958609879,0.01083189435,0.2363165021,0,0.001507427543,-0.005946353078,-56.37213898
0.1456100047,0.2812301517,0.005695223343,-0.008638432249,1,-0.1864925921,0.01034688763,0.1328724176,4.293097973,0.02652371675,0.07119518518,-56.60357666
0.1456100047,0.2860737145,0.005223843269,-0.008720460348,1,-0.1355162859,0.01016538125,0.08654923737,0,0.1887544096,0.07066956162,-59.07700348
0.1456100047,0.2909172773,0.005953085609,-0.008561518043,1,0.05880773067,0.01042779069,0.2020203024,0,0.5702843666,0.1352234334,-55.18793106
0.1456100047,0.29576087,0.008270899765,-0.008396924473,1,-0.08245930076,0.01178626902,0.3175819516,0,0.6980925798,0.4402603507,-45.43320084
0.1456100047,0.3006044328,0.00893495325,-0.009155720472,1,-0.2910611629,0.01279299054,0.2286099494,0,0.4789466858,0.6830626726,-45.69916534
0.1456100047,0.3054480255,0.009180937894,-0.01059810165,1,-0.3804010451,0.01402174681,0.2827885151,0,0.3239167035,0.9487097263,-49.09822464
0.1456100047,0.3102915883,0.008661366999,-0.01238116156,1,-0.3378921151,0.01511001121,0.1938590109,8.793354988,0.08774058521,1.047180057,-55.02489853
0.1456100047,0.315135181,0.007969309576,-0.01473122835,1,-0.4312003255,0.01674870029,0.03405064344,12.30437374,-0.2233515382,1.388243437,-61.58746719
0.1456100047,0.3199787438,0.005490994081,-0.01894029975,1,-0.8719676733,0.01972019114,0.1030254364,0,-1.112296343,1.659525633,-73.83257294
0.1456100047,0.3248223364,-0.001641627634,-0.02227025852,1,-0.8559967279,0.02233068272,-0.0364048332,0,-2.190275192,0.5154442191,-94.21586609
0.1456100047,0.3296658993,-0.009263861924,-0.02161322348,1,-0.9577101469,0.02351490036,-0.1335740089,0,-2.026721001,-0.7153451443,-113.2009506
0.1456100047,0.3345094621,-0.01609690674,-0.01945241354,1,-0.7723583579,0.02524889819,0.2439373732,0,-1.393764973,-1.383181691,-129.6078186
0.1456100047,0.3393530548,-0.01975564845,-0.01373214554,1,-0.3802054226,0.0240594577,0.6201270223,0,-0.3638570011,-2.231490612,-145.1968536
0.1456100047,0.3441966176,-0.0197008308,-0.005640381947,1,-0.4351295233,0.02049235627,1.487398148,0,0.8564254642,-2.523952007,-164.0234985
0.1456100047,0.3490402102,-0.01771506853,0.005697141401,1,-1.299775362,0.0186086297,2.380606413,0,2.119729519,-2.300845861,162.172287
0.1504535824,0.237637952,0.009547484107,-0.004432718735,1,0.1551702321,0.01052632183,0.07974913716,0,0.599860549,0.3784319162,-24.904562
0.1504535824,0.2424815297,0.01137600932,-0.005156065337,1,0.1089582294,0.01248994004,0.1791579276,0,0.370243609,0.5712704659,-24.38194656
0.1504535824,0.2473251075,0.01186853554,-0.006331946235,1,-0.1244282499,0.0134519767,0.1370194256,0,0.1317848712,0.6497933865,-28.08023071
0.1504535824,0.2521686852,0.01141164172,-0.007639725693,1,-0.1577004343,0.0137328431,0.1913538277,0,-0.1755874604,0.6703078747,-33.80102921
0.1504535824,0.257012248,0.01025423221,-0.008651793934,1,-0.1730693877,0.01341651287,0.09955097735,0,-0.3885662854,0.5404174328,-40.15530014
0.1504535824,0.2618558407,0.008691315539,-0.009775096551,1,-0.2663804591,0.01308019366,-0.03465268016,0,-0.392208606,0.3183299303,-48.35879135
0.1504535824,0.2666994035,0.00706430478,-0.01036149263,1,-0.3166030049,0.01254053134,0.1112968922,9.805168152,-0.0468287617,0.01022188738,-55.71444321
0.1504535824,0.2715429962,0.006931005511,-0.009285531938,1,-0.2214082181,0.01158705913,0.2926827073,0,0.1198883876,-0.09228737652,-53.2612114
0.1504535824,0.276386559,0.006572585553,-0.008496860042,1,-0.1737527102,0.01074223034,0.1126411632,4.355677128,0.02447150648,-0.1347222924,-52.27693939
0.1504535824,0.2812301517,0.006207950413,-0.008087407798,1,-0.2467373908,0.01019533258,0.08024709672,7.438286304,0.07172819227,-0.1002267078,-52.48991013
0.1504535824,0.2860737145,0.005724914838,-0.007622721139,1,-0.244299829,0.00953312777,0.2191908807,0,0.3324810863,0.008959680796,-53.09224319
0.1504535824,0.2909172773,0.006635061931,-0.007069139741,1,-0.02573129535,0.00969519373,0.2526359558,0,0.7665827274,-0.03735075891,-46.81422424
0.1504535824,0.29576087,0.009313286282,-0.00621814793,1,-0.09137064219,0.01119833346,0.2046204954,0,0.9528677464,0.1199835092,-33.72962189
0.1504535824,0.3006044328,0.01080778986,-0.006659193896,1,-0.252695471,0.01269461215,0.1756575108,0,0.9740058184,0.6071950197,-31.63920212
0.1504535824,0.3054480255,0.01280700881,-0.008308333345,1,-0.4899190664,0.0152659053,0.127464354,0,0.8165630102,1.032843351,-32.97281647
0.1504535824,0.3102915883,0.01238991506,-0.0110444678,1,-0.7753554583,0.01659790054,0.1574585438,19.02335548,0.5039416552,1.304556131,-41.71406174
0.1504535824,0.315135181,0.01149239484,-0.01386438962,1,-0.8265854716,0.01800823212,0.08336639404,25.42555618,0.3167462945,1.729461193,-50.34416962
0.1504535824,0.3199787438,0.009920469485,-0.0190174561,1,-2.028815269,0.02144945972,-0.06628751755,65.58332062,-0.5287246704,2.395175457,-62.45117188
0.1504535824,0.3248223364,-0.0008952489006,-0.02578667738,1,-3.195976257,0.0258022137,0.1367864013,94.83399963,-1.477419376,1.136804104,-91.98836517
0.1504535824,0.3296658993,-0.01271548495,-0.02386111952,1,-2.405325174,0.0270376876,0.3320080042,61.55927658,-1.516261339,-1.394796014,-118.0529633
0.1504535824,0.3345094621,-0.0198896993,-0.01742279343,1,-2.608920097,0.02644151822,0.3199743032,86.67691803,0.1021740437,-2.235599041,-138.7825928
0.1504535824,0.3393530548,-0.02485710382,-0.01148300059,1,-1.4786551,0.02738128789,0.371173501,36.94538498,0.9124325514,-2.695505619,-155.2049255
0.1504535824,0.3441966176,-0.02263224311,-0.002569094067,1,0.2182455063,0.0227775909,1.825080276,0,1.773609638,-3.00099659,-173.5237885
0.1504535824,0.3490402102,-0.01520939916,0.01189247891,1,1.620706201,0.01930691302,3.863710403,0,1.444309592,-2.107713699,141.9775543
0.1552971601,0.237637952,0.01085731387,-0.002984354971,1,0.1694284976,0.01126000192,0.1306613535,0,0.8802704811,0.6280289292,-15.36935139
0.1552971601,0.2424815297,0.01339946315,-0.004188874271,1,0.07085344195,0.01403895579,0.1409302652,0,0.5215674639,0.6371737719,-17.36003304
0.1552971601,0.2473251075,0.01372675039,-0.005387948826,1,-0.1895745546,0.01474631019,0.1575155258,0,0.2532380223,0.8307948112,-21.43072891
0.1552971601,0.2521686852,0.01370782219,-0.007449954748,1,-0.3939997554,0.01560148131,0.180613637,11.70781231,0.02211007476,1.019768,-28.523283
0.1552971601,0.257012248,0.0119254766,-0.009452451952,1,-0.6064015031,0.01521728747,0.1093560159,17.12691307,-0.3072773218,0.6233474016,-38.40128326
0.1552971601,0.2618558407,0.009282347746,-0.009939512238,1,-0.7932480574,0.01359984931,0.1705587953,25.57312584,-0.1322182715,0.05137545243,-46.95808411
0.1552971601,0.2666994035,0.007442908362,-0.008875178173,1,-0.6601024866,0.01158299111,0.311114192,18.13566589,0.214257434,-0.05653917789,-50.01610565
0.1552971601,0.2715429962,0.007122862618,-0.008158754557,1,-0.5029862523,0.01083053276,0.1902416646,14.34789276,0.1827281266,0.02175180614,-48.87796783
0.1552971601,0.276386559,0.005891713314,-0.008059084415,1,-0.4817295671,0.009983042255,-0.07257796824,14.9415884,0.1670010537,-0.2920097709,-53.83077621
0.1552971601,0.2812301517,0.005598450545,-0.007095919456,1,-0.3031150103,0.009038513526,0.01703993976,0,0.3933778405,-0.4231939912,-51.72770691
0.1552971601,0.2860737145,0.006328908261,-0.005926777143,1,-0.3323119879,0.008670741692,0.2505398989,0,0.6208156943,-0.2391896248,-43.12069321
0.1552971601,0.2909172773,0.006995836273,-0.0047238837,1,-0.2220514715,0.008441374637,0.3135699034,0,0.9475970268,-0.2206844091,-34.02888489
0.1552971601,0.29576087,0.009843144566,-0.003339074785,1,-0.04159903526,0.01039408054,0.1107552201,0,1.224799633,-0.2009537071,-18.73839951
0.1552971601,0.3006044328,0.01272676047,-0.003214097349,1,-0.2499582171,0.01312634163,-0.02301453054,0,1.273547411,0.1691945493,-14.17347717
0.1552971601,0.3054480255,0.01480097882,-0.0042700544,1,-0.7954716682,0.01540462021,-0.1199037582,0,1.418149471,0.4934216738,-16.09275055
0.1552971601,0.3102915883,0.01574274898,-0.006184786558,1,-1.361601949,0.01691406779,-0.1379191875,0,1.763970256,0.8785520792,-21.44816208
0.1552971601,0.315135181,0.01674988121,-0.009193412028,1,-1.756686211,0.01910699718,0.02669942379,0,1.969007373,1.160098791,-28.76081276
0.1552971601,0.3199787438,0.0167711433,-0.01167449448,1,-3.83645916,0.02043440938,0.3584613502,120.1697464,1.312957883,1.339736342,-34.8420105
0.1552971601,0.3248223364,0.004527106415,-0.01394629385,1,-6.705392838,0.01466266718,0.4937244654,223.8558502,0.267444849,1.656600356,-72.01605225
0.1552971601,0.3296658993,-0.0144115584,-0.01730697416,1,-6.377940178,0.02252164111,0.6637137532,212.4041595,0.2042841911,-0.9105975032,-129.7842407
0.1552971601,0.3345094621,-0.02537538484,-0.006321018562,1,-4.476920128,0.02615082078,0.6828565001,144.0029449,1.049252391,-2.44628644,-166.0122833
0.1552971601,0.3393530548,-0.03101373278,-0.00215072697,1,-2.039022446,0.03108821809,0.2416710854,0,2.034668446,-1.45421648,-176.0330353
0.1552971601,0.3441966176,-0.02539647371,0.001893144799,1,1.13478303,0.02546693757,0.4501916468,0,3.366842031,-0.9936746359,175.7368469
0.1552971601,0.3490402102,-0.009209762327,0.004842751194,1,4.615989208,0.01040538121,0.7706410289,0,2.067773342,-0.4473004937,152.2633514
0.1601407379,0.237637952,0.01322225947,-0.0009897004347,1,0.1322938502,0.01325924788,-0.1567850113,0,0.6615644693,0.6621536613,-4.280668736
0.1601407379,0.2424815297,0.0151448166,-0.002972997027,1,0.05909112096,0.01543386467,-0.1234148741,0,0.6497308016,0.5367270112,-11.10620117
0.1601407379,0.2473251075,0.01665549353,-0.004187148996,1,-0.09322685003,0.01717374846,0.1935708523,0,0.5228610635,0.7409489751,-14.11157703
0.1601407379,0.2521686852,0.01722578332,-0.00562426541,1,-0.7595902681,0.01812070608,0.183229208,24.02519417,0.1706951559,0.8058719635,-18.08200264
0.1601407379,0.257012248,0.0138031384,-0.007202962879,1,-1.563701153,0.01556949876,0.2251805067,51.83523178,0.02361816168,0.4211269617,-27.55713654
0.1601407379,0.2618558407,0.009766271338,-0.006573347375,1,-1.348861456,0.01177238114,0.3106837869,43.39653397,0.212143898,0.08843062818,-33.94316483
0.1601407379,0.2666994035,0.00829735864,-0.006126462482,1,-0.730558753,0.01031405386,0.2458361238,19.69795609,0.3571861982,0.1200765222,-36.44078827
0.1601407379,0.2715429962,0.007957812399,-0.005964220967,1,-0.9147300124,0.009944782592,0.1769491732,29.35530472,0.1940473914,0.01760836691,-36.85082626
0.1601407379,0.276386559,0.004806676414,-0.005354682915,1,-1.062709928,0.007195607759,0.1250656694,33.94345093,0.2952811718,-0.1330762357,-48.08699417
0.1601407379,0.2812301517,0.004240711685,-0.004713890608,1,-0.4792841077,0.006340694148,0.1095392257,0,0.6802129149,-0.3753316402,-48.02481079
0.1601407379,0.2860737145,0.005779890809,-0.003006173065,1,-0.2560658455,0.006514922716,0.1813322902,0,0.8432882428,-0.5020560026,-27.47934723
0.1601407379,0.2909172773,0.007084960118,-0.001403856324,1,-0.258815974,0.007222705521,0.1967776418,0,0.8981186152,-0.4064800143,-11.20775414
0.1601407379,0.29576087,0.008876402862,-8.424763655e-05,1,-0.1416663826,0.0088768024,0.0253303051,0,1.056457877,-0.4131638408,-0.5437889099
0.1601407379,0.3006044328,0.01151582412,0.0007200241089,1,-0.1889066696,0.01153831184,0.07521754503,0,1.373933315,-0.4404674172,3.577747583
0.1601407379,0.3054480255,0.01461617183,0.00241351244,1,-0.7728470564,0.01481409837,0.2277994603,0,1.693943858,-0.4688880444,9.376421928
0.1601407379,0.3102915883,0.01597722806,0.004094484262,1,-1.548068285,0.01649353281,0.07901983708,0,2.089934826,-0.2859551013,14.37385368
0.1601407379,0.315135181,0.01724074408,0.00418129703,1,-2.101051092,0.01774053276,0.07353493571,0,2.548776627,-0.3042150438,13.63240242
0.1601407379,0.3199787438,0.01814582199,0.005924145691,1,-4.19715786,0.0190883819,0.2986968458,109.8468704,2.603144646,-0.4869842231,18.08053398
0.1601407379,0.3248223364,0.009520016611,0.00798680447,1,-7.000387192,0.01242657565,0.1789627671,234.1017914,0.3819105625,-0.253826946,39.99491882
0.1601407379,0.3296658993,-0.01391128544,0.008020396344,1,-7.617238998,0.01605772786,0.2011400908,255,-0.2181138992,-0.07899390161,150.0348816
0.1601407379,0.3345094621,-0.0284310095,0.009343651123,1,-4.330537796,0.02992701344,-0.04659575969,142.1966705,0.8581302166,-0.09363587946,161.807251
0.1601407379,0.3393530548,-0.03073016182,0.008248238824,1,-1.572727919,0.0318178609,0.152267009,0,2.226452351,0.3797010481,164.9754486
0.1601407379,0.3441966176,-0.025264645,0.008242056705,1,0.6080260277,0.0265750587,-0.654080987,0,2.919714928,1.141748548,161.9321747
0.1601407379,0.3490402102,-0.01364327408,-0.000450001331,1,2.40032649,0.01365069393,-2.25177002,0,2.398330927,1.337325335,-178.1108704
0.1649843156,0.237637952,0.0133051062,-0.0004207916791,1,0.303912282,0.01331175864,-0.1864345074,0,0.5616737008,0.18819502,-1.811451316
0.1649843156,0.2424815297,0.01540137269,-0.001328065293,1,0.04493564367,0.01545852609,-0.1137984321,0,0.9766364694,0.295627743,-4.928442001
0.1649843156,0.2473251075,0.01825316995,-0.002403879073,1,-0.1626712084,0.01841077954,-0.004716143012,0,0.8021236658,0.3289173245,-7.502479553
0.1649843156,0.2521686852,0.01849861071,-0.002944045002,1,-0.9075344205,0.01873141713,0.2450506985,28.07682037,0.2474319339,0.1129721329,-9.042757034
0.1649843156,0.257012248,0.0150559172,-0.001764147193,1,-1.585558534,0.01515892055,0.270332545,52.2698555,0.08189296722,0.1536040306,-6.683045864
0.1649843156,0.2618558407,0.01121548936,-0.002378661418,1,-1.275614858,0.01146495715,0.1008333713,42.53793335,0.06975364685,0.4812244177,-11.9742651
0.1649843156,0.2666994035,0.009215234779,-0.003606600687,1,-0.896907568,0.009895863943,0.1164214611,28.62665558,0.2465055883,0.2009961009,-21.37406921
0.1649843156,0.2715429962,0.008065217175,-0.002788305283,1,-1.014531732,0.00853360258,0.1933813691,31.59258461,0.3203504086,-0.2453546077,-19.07128143
0.1649843156,0.276386559,0.005852913484,-0.001481548767,1,-1.148169994,0.006037514191,0.2996274829,34.96633148,0.3730915487,0.02947598696,-14.20491314
0.1649843156,0.2812301517,0.004311064258,-0.001479805564,1,-0.8598179221,0.004557970911,0.1778560281,18.39313889,0.637367487,-0.003740817308,-18.94517326
0.1649843156,0.2860737145,0.004775458016,-0.0006019703578,1,-0.4359588623,0.004813249223,0.07354347408,0,0.7805527449,-0.4136236906,-7.184525967
0.1649843156,0.2909172773,0.00598012656,0.0008798192139,1,-0.1964233816,0.006044501439,0.05002623796,0,0.8548591137,-0.5829982758,8.369533539
0.1649843156,0.29576087,0.007964642718,0.002464133082,1,-0.05961859226,0.008337114938,0.09681722522,0,1.08727169,-0.6207970381,17.19123077
0.1649843156,0.3006044328,0.01095764432,0.004355639685,1,-0.1461834908,0.01179158874,0.2983181179,0,1.316517711,-0.778139472,21.67771149
0.1649843156,0.3054480255,0.01363324746,0.007678039372,1,-0.5218752623,0.01564665139,0.4181322753,0,1.30286777,-1.043705225,29.38755417
0.1649843156,0.3102915883,0.01474044193,0.01143616345,1,-1.016512275,0.0186565388,0.1967103183,0,1.429289222,-0.9698551893,37.80559158
0.1649843156,0.315135181,0.0156325642,0.0133283902,1,-1.58402586,0.02054319903,0.5926510096,0,1.814994931,-1.436249137,40.4510498
0.1649843156,0.3199787438,0.01585915871,0.02126329951,1,-3.108385563,0.02652622946,0.1092384458,101.0714569,0.7407001257,-1.641956806,53.28271103
0.1649843156,0.3248223364,0.004164495971,0.02181044035,1,-4.903739452,0.02220446616,-0.9662712216,155.7591248,-1.223775029,-0.4022178054,79.19003296
0.1649843156,0.3296658993,-0.01381993387,0.01853126287,1,-5.07315588,0.02311705612,0.05450692773,165.40242,-1.165867805,0.6738319397,126.7142181
0.1649843156,0.3345094621,-0.0260546077,0.01881070063,1,-2.850591421,0.03213541582,0.9774805903,89.53549957,-0.1672542095,1.44828248,144.1717682
0.1649843156,0.3393530548,-0.02843710408,0.0162508972,1,-0.7936081886,0.03275302425,0.5512721539,0,1.417153358,1.732364178,150.253418
0.1649843156,0.3441966176,-0.023034418,0.01308998931,1,0.8628662825,0.02649400383,-0.5158685446,0,2.192346096,1.841441035,150.3913116
0.1649843156,0.3490402102,-0.01363894623,0.004833084997,1,0.8692481518,0.01446995419,-1.73255682,0,3.010298252,1.676856399,160.4877472
0.1698278934,0.237637952,0.01323078666,0.000258786924,1,0.3721860647,0.01323331706,0.2596266568,0,0.7818096876,-0.269313544,1.120531082
0.1698278934,0.2424815297,0.01602552086,0.001539768418,1,-0.07638025284,0.01609932259,0.04998952523,0,1.107642889,0.003097880632,5.488260746
0.1698278934,0.2473251075,0.01822578721,0.0004859102482,1,-0.4003299177,0.01823226362,-0.3313345611,0,1.006157637,-0.007221996784,1.527177572
0.1698278934,0.2521686852,0.01895989478,-3.009595821e-05,1,-1.035491705,0.01895991899,-0.12471053,29.17208672,0.5463321209,-0.2047254145,-0.09094829112
0.1698278934,0.257012248,0.01585650817,0.0008734680014,1,-1.283447742,0.01588054933,0.1186145246,42.80026627,-0.03260034323,0.1241588145,3.152995348
0.1698278934,0.2618558407,0.01258551329,-5.695017171e-05,1,-1.203053474,0.01258564182,0.1810758561,39.82294083,-0.04018300772,0.482861042,-0.259264946
0.1698278934,0.2666994035,0.009834795259,-0.0005882520927,1,-1.233272672,0.00985237211,0.2117219716,39.99427032,0.2258691788,0.0964487344,-3.422974586
0.1698278934,0.2715429962,0.007706075907,0.0005013846676,1,-1.107893348,0.007722369861,0.1242204458,34.3764801,0.3988966644,-0.4129687548,3.72262001
0.1698278934,0.276386559,0.006400714628,0.002013665624,1,-0.9705435038,0.00670999242,0.2004535496,28.37923431,0.4292032421,-0.2199916095,17.46358299
0.1698278934,0.2812301517,0.005084052216,0.002537843538,1,-1.074089766,0.005682273768,0.1438399553,29.32044029,0.6058348417,-0.03628101945,26.5273304
0.1698278934,0.2860737145,0.004132685717,0.00288609555,1,-0.8828673363,0.005040698219,0.02342558652,14.85986328,0.7630002499,-0.2140584588,34.92884445
0.1698278934,0.2909172773,0.004503468517,0.003688112367,1,-0.4838348627,0.005820944905,-0.01561456919,0,0.9392379522,-0.5492508411,39.31573868
0.1698278934,0.29576087,0.006338465959,0.005470804404,1,-0.2073936462,0.008372923359,0.1748484671,0,1.175335884,-0.6750643253,40.79785919
0.1698278934,0.3006044328,0.009191771969,0.007804730907,1,-0.1952567101,0.01205829624,0.3017248213,0,1.278690219,-0.8918129206,40.33457565
0.1698278934,0.3054480255,0.0115861604,0.01125179697,1,-0.3482886255,0.01615060493,0.4381392896,0,0.976061821,-1.241648555,44.16120911
0.1698278934,0.3102915883,0.01223244052,0.01594091393,1,-0.5273087621,0.02009341493,0.4097998142,0,0.8511499763,-1.529453039,52.49876404
0.1698278934,0.315135181,0.01315471064,0.02064471878,1,-1.122169137,0.02447959967,0.06503629684,25.91629028,0.810321331,-1.715998173,57.49492264
0.1698278934,0.3199787438,0.01072198153,0.02456749231,1,-1.516710877,0.02680527233,-0.2942492962,45.58249283,-0.6021932364,-1.360874295,66.42211914
0.1698278934,0.3248223364,0.002891633427,0.0258109998,1,-2.695959091,0.02597247064,-0.04622212052,71.11300659,-1.661460519,-0.53721416,83.60774231
0.1698278934,0.3296658993,-0.01038351934,0.02694565058,1,-2.897542477,0.02887707762,0.3916157782,88.22380829,-1.143547058,1.108112454,111.0741882
0.1698278934,0.3345094621,-0.01668163761,0.02234060317,1,-1.438753843,0.02788152732,0.7818726897,37.15358353,-0.4783563018,2.431359053,126.748558
0.1698278934,0.3393530548,-0.01966919191,0.01895623468,1,-0.606307745,0.02731695399,0.655221045,0,0.1598415077,2.236512661,136.0574646
0.1698278934,0.3441966176,-0.01884413138,0.01468149479,1,0.2334739566,0.02388823032,-0.1109984517,0,0.9549301267,1.754542589,142.0777893
0.1698278934,0.3490402102,-0.01391306426,0.009920341894,1,0.1085601449,0.01708761416,-1.108331561,0,1.927559614,0.8576277494,144.5102539
0.1746714562,0.237637952,0.0132581871,0.001563248923,1,0.2597452998,0.01335002854,0.4825032949,0,0.7313890457,-0.6916639805,6.724594116
0.1746714562,0.2424815297,0.01565850526,0.004406834021,1,-0.1969906092,0.01626680605,0.1703244746,0,0.8896934986,-0.4171118438,15.71840096
0.1746714562,0.2473251075,0.01661334746,0.004408542532,1,-0.5580845475,0.01718832739,-0.0988522023,0,0.8150143027,-0.163018778,14.86157799
0.1746714562,0.2521686852,0.01690296456,0.004717629869,1,-0.8607780933,0.01754896715,-0.1693266928,10.63315105,0.7820055485,-0.1457651556,15.59445763
0.1746714562,0.257012248,0.01623180695,0.004294420592,1,-0.9896860123,0.01679028384,-0.02451883256,28.99551582,0.4793918431,0.2777053118,14.81910992
0.1746714562,0.2618558407,0.01443131454,0.003253783798,1,-1.324297309,0.0147935776,0.1994264573,43.42626572,0.1838334203,0.3715233803,12.70584488
0.1746714562,0.2666994035,0.0107078813,0.003460855689,1,-1.662263393,0.01125327777,0.3049817085,54.70808792,0.05917775631,0.04563735425,17.91116333
0.1746714562,0.2715429962,0.006666644476,0.004509938415,1,-1.338278651,0.008048831485,0.2221013904,42.9240303,0.3163890839,-0.1572395265,34.07807541
0.1746714562,0.276386559,0.005758279469,0.005298222881,1,-0.866571486,0.00782489311,0.1677791625,23.3278656,0.4877995849,-0.275506556,42.61732101
0.1746714562,0.2812301517,0.004832033534,0.006657027174,1,-0.8965656757,0.008225847036,0.1738433987,24.17215538,0.5030207634,-0.2538738847,54.02581024
0.1746714562,0.2860737145,0.003852114314,0.007369904779,1,-0.954424262,0.008315904997,0.06726422906,24.01386261,0.6265928745,-0.1630507708,62.40475464
0.1746714562,0.2909172773,0.003244161373,0.007772572339,1,-0.5720586181,0.008422438055,0.02953109145,0,0.9209118485,-0.3403558135,67.34503937
0.1746714562,0.29576087,0.005541812163,0.009161480702,1,-0.2019919753,0.01070721354,0.3188456595,0,1.204422474,-0.4496426284,58.83010864
0.1746714562,0.3006044328,0.008099511266,0.01149480511,1,-0.2289375067,0.01406174339,0.3218554854,0,1.095978737,-0.6962231994,54.83057022
0.1746714562,0.3054480255,0.009741393849,0.01409262419,1,-0.3921046555,0.01713174954,0.3046247065,0,0.643532753,-1.061724901,55.34619904
0.1746714562,0.3102915883,0.009317322634,0.01811282523,1,-0.4704507589,0.02036877349,0.3764075637,9.378278732,0.03577642143,-1.398296833,62.77849579
0.1746714562,0.315135181,0.007636014838,0.02268854342,1,-0.08305355906,0.02393906191,0.003833472729,0,-0.221446842,-1.561126471,71.39891815
0.1746714562,0.3199787438,0.007842451334,0.02569282986,1,-0.3864650428,0.02686308883,-0.314528048,0,-0.9136965275,-1.167733192,73.02577209
0.1746714562,0.3248223364,0.001338581322,0.02682110853,1,-1.357589245,0.02685449086,-0.1084886789,0,-1.615078211,-0.3839119375,87.14286804
0.1746714562,0.3296658993,-0.006555894855,0.02702686377,1,-0.8634003401,0.02781062946,0.3671039939,0,-1.578949571,1.060530543,103.6348572
0.1746714562,0.3345094621,-0.01049109362,0.02346245386,1,-0.6908072829,0.02570116334,0.2751765251,0,-0.9350349903,1.733823299,114.0915146
0.1746714562,0.3393530548,-0.01443078835,0.01996179484,1,-0.4375410974,0.02463170514,0.3461679816,0,-0.5085989833,1.766201019,125.8639374
0.1746714562,0.3441966176,-0.01507379673,0.01658441313,1,-0.1780830026,0.02241120487,0.1920189261,0,0.09086254239,1.496479988,132.2681427
0.1746714562,0.3490402102,-0.01485324744,0.01364353672,1,-0.3195297122,0.0201684162,-0.3682509065,0,0.4105981588,0.8460858464,137.4308014
0.179515034,0.237637952,0.01221770234,0.00254322635,1,0.3158230782,0.01247959398,1.132309675,0,0.762919426,-0.6267094016,11.75872231
0.179515034,0.2424815297,0.01483018883,0.006803199183,1,0.06641721725,0.0163161885,0.3067398667,0,0.9121351242,-0.6416054964,24.64281082
0.179515034,0.2473251075,0.01695739664,0.007136610802,1,-0.258956641,0.01839794777,0.08142327517,0,0.7964800596,-0.1505628824,22.8240509
0.179515034,0.2521686852,0.0174337253,0.007926842198,1,-0.5944015384,0.01915122941,0.09812301397,0,0.6202993989,-0.0778709352,24.45054817
0.179515034,0.257012248,0.01708283462,0.007989049889,1,-0.8969578147,0.0188586358,0.03262104839,25.63354111,0.4669499993,0.1728180945,25.06386185
0.179515034,0.2618558407,0.01535094902,0.007247786969,1,-1.326409817,0.01697592624,0.07536160201,43.95121765,0.1806057096,0.124783881,25.27383614
0.179515034,0.2666994035,0.01153304335,0.007749669254,1,-1.508670807,0.0138949072,0.3103480935,49.46242905,-0.004820048809,0.0485380739,33.8992691
0.179515034,0.2715429962,0.008020238951,0.008515884168,1,-1.374512196,0.01169805601,0.3055721521,44.356987,0.2071697712,0.1354525387,46.71683884
0.179515034,0.276386559,0.005878929514,0.008573656902,1,-1.112661481,0.0103956433,0.06445572525,34.36245346,0.4264291227,-0.1009086296,55.56169128
0.179515034,0.2812301517,0.004696418997,0.009316839278,1,-0.8179212213,0.0104335919,0.1772061437,23.85090637,0.3616071343,-0.2295605987,63.24830246
0.179515034,0.2860737145,0.003668736899,0.01054386329,1,-0.7218356133,0.01116390061,0.1985227317,19.64565086,0.3711739779,-0.1323454231,70.81466675
0.179515034,0.2909172773,0.002997967182,0.01091942005,1,-0.3602920175,0.01132349484,0.247025609,0,0.7806847692,-0.1120082512,74.64752197
0.179515034,0.29576087,0.005704941694,0.01228287164,1,-0.1261322796,0.01354308985,0.3942809105,0,1.030531645,-0.2875778079,65.08686829
0.179515034,0.3006044328,0.007378495764,0.01422205567,1,-0.2433008105,0.01602214202,0.2860367298,0,0.7004321218,-0.5367245078,62.579422
0.179515034,0.3054480255,0.007919092663,0.01626797952,1,-0.3415715098,0.01809307002,0.125323832,0,0.3218240738,-0.7357762456,64.04364014
0.179515034,0.3102915883,0.007282847539,0.01839286089,1,-0.2391992509,0.01978224516,0.03506469727,0,-0.2371510863,-0.7301592827,68.39839172
0.179515034,0.315135181,0.005611852743,0.01997440122,1,0.02976924181,0.02074776031,0.0414198041,0,-0.8019881845,-0.7061574459,74.30717468
0.179515034,0.3199787438,0.003542545019,0.02201380953,1,0.09718334675,0.02229702845,-0.05145183206,0,-1.151196837,-0.9989813566,80.85812378
0.179515034,0.3248223364,0.000506656419,0.02456383407,1,-0.1071985364,0.02456905879,0.05117702484,0,-1.340329885,-0.2514976561,88.81837463
0.179515034,0.3296658993,-0.003468671115,0.02347983792,1,-0.05471390486,0.02373466827,0.06157878041,0,-1.484971285,0.7648142576,98.40351105
0.179515034,0.3345094621,-0.006950906012,0.0211576689,1,-0.1014271975,0.0222702045,0.09846132994,0,-1.130949497,1.103457451,108.1868439
0.179515034,0.3393530548,-0.009437783621,0.0186120607,1,-0.1437832117,0.02086817101,0.2814894319,0,-0.6231834888,1.349608421,116.8886108
0.179515034,0.3441966176,-0.01066576876,0.01598415151,1,-0.2059847265,0.0192159228,0.2194562554,0,-0.240142867,1.283812761,123.7140579
0.179515034,0.3490402102,-0.01159863733,0.01345676742,1,-0.1975849718,0.01776549965,0.1651952267,0,-0.1876119822,1.208794117,130.758667
0.1843586117,0.237637952,0.01570710167,0.003728794865,1,-0.3272406161,0.01614363492,1.122949839,0,-0.3625569642,-0.8484603763,13.35455036
0.1843586117,0.2424815297,0.01403655764,0.008503134362,1,-0.1544831991,0.01641122252,0.2801166177,0,0.2724461257,-0.9156600833,31.20684814
0.1843586117,0.2473251075,0.01627846435,0.009520632215,1,-0.05516189337,0.01885817572,-0.05690743029,0,0.6672093272,-0.4900571108,30.32168198
0.1843586117,0.2521686852,0.01700105704,0.01060112845,1,-0.2657194138,0.02003546432,-0.001576289535,0,0.4615259767,-0.286486268,31.94589043
0.1843586117,0.257012248,0.01722686738,0.01090061385,1,-0.5582777262,0.02038598433,-0.100294821,16.74057388,0.227876842,-0.09038529545,32.32432938
0.1843586117,0.2618558407,0.01540073473,0.01055313088,1,-1.141559958,0.01866952516,-0.07811995596,37.80210495,0.1545431316,-0.04596594721,34.42033005
0.1843586117,0.2666994035,0.0124461744,0.01074487343,1,-1.363037348,0.01644261368,0.2354055792,44.97844315,0.0008308291435,-0.09860517085,40.80428314
0.1843586117,0.2715429962,0.008802781813,0.01217093784,1,-1.445261598,0.01502067596,0.2734082639,47.53575516,0.0280328989,-0.1411725581,54.12319946
0.1843586117,0.276386559,0.005581717007,0.01275292784,1,-1.201794863,0.01392094605,-0.04157523811,38.69338608,0.329643786,-0.08270736784,66.36190796
0.1843586117,0.2812301517,0.004578450695,0.01237016451,1,-0.7743369341,0.01319026854,-0.06466209143,20.14921761,0.4834222794,-0.04629839957,69.68946075
0.1843586117,0.2860737145,0.004172649235,0.01266398188,1,-0.6072454453,0.01333369594,0.1243576184,12.32735538,0.4667863846,-0.06740561873,71.76348877
0.1843586117,0.2909172773,0.003898128401,0.01329898182,1,-0.1289998889,0.01385851018,0.4186542928,0,0.518378973,-0.01488685608,73.6633606
0.1843586117,0.29576087,0.006058637053,0.01476387214,1,-0.05574017763,0.01595866494,0.3466036618,0,0.6724655032,-0.2246408165,67.68827057
0.1843586117,0.3006044328,0.006885285489,0.01606584899,1,-0.1783793569,0.01747909188,0.1920019835,0,0.3282650709,-0.332808435,66.801651
0.1843586117,0.3054480255,0.006784620229,0.01730583236,1,-0.161037147,0.01858824678,0.05516956747,4.954352379,-0.03194158524,-0.3694951534,68.59272003
0.1843586117,0.3102915883,0.005950578023,0.01812274568,1,-0.1177350432,0.01907467656,-0.04383812845,0,-0.3712245226,-0.3233896494,71.82247925
0.1843586117,0.315135181,0.004416306503,0.01865986176,1,-0.1031009406,0.01917535439,0.001539736986,0,-0.556738019,-0.3129917085,76.68458557
0.1843586117,0.3199787438,0.002754596528,0.01964620315,1,0.03366434574,0.01983837411,0.1878443956,0,-0.8694088459,-0.2639867961,82.01858521
0.1843586117,0.3248223364,0.0003683127579,0.02084834129,1,0.05473875999,0.02085159533,0.1095108241,0,-1.150580049,0.01596474275,88.98789978
0.1843586117,0.3296658993,-0.002553196158,0.02009930089,1,0.01767230034,0.02026081644,-0.001778334379,0,-1.057778358,0.4880384803,97.23945618
0.1843586117,0.3345094621,-0.004669506103,0.01847588271,1,-0.006242573261,0.01905682497,0.1217035353,0,-0.814894855,0.6294932365,104.1836472
0.1843586117,0.3393530548,-0.006530439015,0.01763978228,1,-0.1077300757,0.0188097991,0.2553678453,0,-0.5370599031,0.6800367832,110.315094
0.1843586117,0.3441966176,-0.007792596705,0.01641896553,1,-0.1410062909,0.01817435026,0.1195745468,0,-0.203322649,0.9346622229,115.3894653
0.1843586117,0.3490402102,-0.008198223077,0.01369184162,1,-0.3163626492,0.01595861465,0.06731462479,0,0.1488727629,1.193389416,120.9117813
0.1892021894,0.237637952,0.01354721375,0.002372168936,1,-0.1052956283,0.01375333313,0.687906146,0,-0.6360279322,-1.995604157,9.932017326
0.1892021894,0.2424815297,0.01175188459,0.008871064521,1,0.3704276383,0.01472421736,0.3979250491,0,-0.2133294046,-1.308107853,37.0478096
0.1892021894,0.2473251075,0.0143081313,0.0106354719,1,0.4583784342,0.01782795228,-0.1938625276,0,0.4266259074,-0.7261648178,36.6240387
0.1892021894,0.2521686852,0.01603847183,0.01144931186,1,0.05930921435,0.01970581897,-0.2284320593,0,0.3228735924,-0.4682095051,35.52173615
0.1892021894,0.257012248,0.01615926065,0.01179685071,1,-0.3309155107,0.02000718378,-0.2488821745,6.975585461,0.0648843646,-0.6775428653,36.13080978
0.1892021894,0.2618558407,0.01474992931,0.01352556329,1,-0.764369607,0.0200125277,-0.1697359383,24.9031353,-0.05395391583,-0.6980272532,42.52056503
0.1892021894,0.2666994035,0.01219564676,0.01435567066,1,-1.18335259,0.01883664168,-0.05440750718,39.52560425,-0.07381653786,-0.493408829,49.6509285
0.1892021894,0.2715429962,0.008660732768,0.01565190032,1,-1.228557348,0.01788827218,0.05323519558,40.57176971,-0.1998681426,-0.2844548225,61.04273987
0.1892021894,0.276386559,0.005276957061,0.01599129848,1,-0.8927645087,0.01683947444,0.04790561646,29.84114265,-0.0366640687,0.09807644039,71.73766327
0.1892021894,0.2812301517,0.004158973228,0.01540889405,1,-0.202608496,0.01596029662,0.1025826186,5.326201916,-0.072470963,0.1532226056,74.89537811
0.1892021894,0.2860737145,0.003944588359,0.01574601978,1,0.02483757213,0.0162325874,0.04082375765,0,0.1392302662,0.3203378618,75.9360733
0.1892021894,0.2909172773,0.004953646101,0.01405504998,1,0.3245966733,0.01490245108,0.1724551618,7.473553181,0.1608068943,0.159247458,70.58519745
0.1892021894,0.29576087,0.006295678206,0.01580999233,1,0.1779107153,0.01701738685,0.2976826727,0,0.1819147468,-0.2434415668,68.287117
0.1892021894,0.3006044328,0.006696488708,0.01667602733,1,0.1253166348,0.01797033288,0.001254282892,2.318171263,-0.1044737846,-0.2223968208,68.1213913
0.1892021894,0.3054480255,0.006396632176,0.01689326391,1,0.1584711671,0.01806375571,0.01284521073,0,-0.4046398997,-0.0881209597,69.26084137
0.1892021894,0.3102915883,0.005504151341,0.01716506481,1,0.0653861165,0.01802595705,0.2101442218,0,-0.5388628244,0.02765292674,72.22103119
0.1892021894,0.315135181,0.004103310872,0.01777717471,1,-0.1042797714,0.01824459061,0.2030492872,0,-0.3768538237,0.1050557643,77.00267029
0.1892021894,0.3199787438,0.003173743375,0.01763970405,1,-0.3168715835,0.0179229416,0.2286054492,0,-0.3002143502,0.03275761753,79.80043793
0.1892021894,0.3248223364,0.001114407089,0.01872577891,1,-0.562189281,0.01875890978,0.2910750508,11.94124126,-0.3229365647,0.1607777178,86.59423828
0.1892021894,0.3296658993,-0.001113432227,0.0182708092,1,-0.5059843659,0.01830470376,0.2245788127,6.62789011,-0.4079777896,0.5311465859,93.48731995
0.1892021894,0.3345094621,-0.003312426154,0.01724089868,1,-0.3312385082,0.01755621657,0.2227743119,0,-0.4519937634,0.5816497207,100.8754883
0.1892021894,0.3393530548,-0.004907078575,0.01653256826,1,-0.02153645456,0.01724544168,0.2366757691,0,-0.4423902035,0.5584588051,106.5315628
0.1892021894,0.3441966176,-0.005559490994,0.01568231732,1,0.005711533129,0.0166386012,0.1447447389,0,-0.126539737,0.3145359755,109.5197678
0.1892021894,0.3490402102,-0.005492319353,0.01571017131,1,-0.7184004784,0.01664256677,-0.3206211627,0,0.7461367846,-0.3321225345,109.2697754
0.1940457672,0.237637952,0.009373164736,0.001158151659,1,0.3032611609,0.00944444444,0.07091063261,0,-0.1980283111,-1.794450283,7.043786526
0.1940457672,0.2424815297,0.009628016502,0.005675661843,1,0.9125363231,0.01117639616,0.4088866711,0,-0.4069027305,-1.285869837,30.51911163
0.1940457672,0.2473251075,0.01182224043,0.009366836399,1,0.674715519,0.01508320216,0.1270011067,0,0.1508731842,-1.153470039,38.39001083
0.1940457672,0.2521686852,0.01362681948,0.01187772304,1,0.006255112588,0.01807679608,-0.1416756809,0,0.1831537485,-0.854138732,41.07680893
0.1940457672,0.257012248,0.01273965556,0.01281770132,1,-0.4615249932,0.01807186566,-0.4875371754,0,-0.03999748826,-0.9244790077,45.1749649
0.1940457672,0.2618558407,0.01119765639,0.01399408467,1,-0.4009345174,0.01792266406,-0.3926074505,0,-0.2074736357,-1.074189663,51.33422852
0.1940457672,0.2666994035,0.009792783298,0.01611899771,1,-0.7268861532,0.01886055991,-0.1699506044,0,0.001223176718,-0.8222347498,58.72003937
0.1940457672,0.2715429962,0.007682851516,0.01715347357,1,-0.6717283726,0.01879542135,-0.1213197708,0,-0.05170190334,-0.2824649215,65.8729248
0.1940457672,0.276386559,0.006288792472,0.01689951681,1,-0.3800728917,0.01803171076,-0.2198072672,0,-0.005053266883,0.6376122236,69.58833313
0.1940457672,0.2812301517,0.005817463156,0.01300049573,1,0.4593678415,0.01424274407,-0.03762564063,0,-0.5351029634,0.7224458456,65.89243317
0.1940457672,0.2860737145,0.005921963602,0.01321805175,1,0.4896409214,0.01448400971,0.3571643233,0,-0.5542023778,0.4593293071,65.86662292
0.1940457672,0.2909172773,0.005504755769,0.01250565331,1,0.3611160815,0.01366359089,0.2753577828,0,-0.2786575258,-0.04779472947,66.2417984
0.1940457672,0.29576087,0.006321358029,0.014783266,1,0.2439169288,0.01607807539,0.2579237521,0,-0.1800367534,-0.2473200858,66.8483429
0.1940457672,0.3006044328,0.005814164411,0.01495284121,1,0.3659516275,0.01604343951,-0.2033160627,0,-0.3455827534,-0.1610114276,68.7522583
0.1940457672,0.3054480255,0.006420016289,0.01457836013,1,0.6109130979,0.01592938043,0.02993095852,0,-0.3449521065,-0.02027524076,66.23227692
0.1940457672,0.3102915883,0.007102367003,0.01519601885,1,0.3537377715,0.01677386649,0.6150102019,0,-0.4593165517,0.04492169619,64.94939423
0.1940457672,0.315135181,0.005908637308,0.01733962819,1,-0.2278011441,0.01831869781,0.8404446244,0,-0.4084719419,-0.09499299526,71.18299103
0.1940457672,0.3199787438,0.004020528868,0.01972688362,1,-0.7769153118,0.02013242617,0.6566554308,0,0.08491846919,-0.3070025444,78.48033905
0.1940457672,0.3248223364,0.002556896769,0.02200718038,1,-0.9782142639,0.02215521969,0.3852626383,0,0.3767352402,0.210367173,83.37281799
0.1940457672,0.3296658993,0.001107218559,0.02057400346,1,-0.8192819357,0.02060377598,0.03356030583,0,0.1317482293,0.8833861351,86.91951752
0.1940457672,0.3345094621,-0.0007732157828,0.01789099537,1,-0.5250823498,0.01790769584,0.01091772318,0,-0.2566458285,1.037567735,92.47467041
0.1940457672,0.3393530548,-0.002679142868,0.01560134441,1,-0.3027071953,0.01582971215,0.2418947667,0,-0.6872261763,0.6780597568,99.74407959
0.1940457672,0.3441966176,-0.005568034947,0.01577839628,1,-0.9159399867,0.01673202775,0.533387661,0,-0.8762671947,-0.5369156599,109.4374161
0.1940457672,0.3490402102,-0.01135983784,0.02078544162,1,-2.243600845,0.02368713915,-0.1776555777,0,-0.1479308605,-2.245147705,118.6578751
