PIVlab, ASCII chart output - 13-Mar-2024
FRAME: 23, filenames: A:[23]2 vortices tapados mismo sentido clase 4.mp4 & B:[24]2 vortices tapados mismo sentido clase 4.mp4, conversion factor xy (px -> m): 0.00030272, conversion factor uv (px/frame -> m/s): 0.0090842
x [m],y [m],u [m/s],v [m/s],Vector type [-],vorticity [1/s],magnitude [m/s],divergence [1/s],dcev [1],simple shear [1/s],simple strain [1/s],vector direction [degrees]
0.1262357086,0.237637952,0.003242274281,-0.008100964129,1,1.346855879,0.008725707419,1.551710129,0,1.182536125,1.8761338,-68.18708038
0.1262357086,0.2424815297,0.009367927909,-0.008886649273,1,0.9563477039,0.01291242056,0.2360860109,0,0.6304973364,0.8019770384,-43.48975754
0.1262357086,0.2473251075,0.01092828158,-0.01084190141,1,0.03253737837,0.01539396495,-0.4440410733,0,0.2428864539,0.2709651589,-44.7726593
0.1262357086,0.2521686852,0.01070196461,-0.01234983746,1,-0.3861538172,0.01634168066,-0.4772183597,0,0.261690259,0.08154860139,-49.08886719
0.1262357086,0.257012248,0.01032543369,-0.01354832854,1,-0.5929833651,0.01703442819,-0.4409852624,0,0.3687094152,0.08621121943,-52.68830109
0.1262357086,0.2618558407,0.009615676478,-0.01490335446,1,-0.9903398752,0.01773615554,-0.08689608425,0,0.2306057215,-0.09763779491,-57.16980743
0.1262357086,0.2666994035,0.006645602174,-0.01349630021,1,-0.4005127549,0.01504374109,0.2404440641,0,0.1592122465,0.5602568388,-63.78428268
0.1262357086,0.2715429962,0.0084469188,-0.01645239256,1,-0.6274687052,0.01849409752,-0.1966791749,0,0.59981215,-0.1915256977,-62.82331467
0.1262357086,0.276386559,0.006511645392,-0.01352126151,1,-0.5063476562,0.01500753313,0.5826663375,0,-0.06766474247,-0.3234195709,-64.28520203
0.1262357086,0.2812301517,0.005666645244,-0.01206369512,1,-0.2891784608,0.01332830079,0.4660957456,0,-0.06538783759,0.278945148,-64.83927917
0.1262357086,0.2860737145,0.004794275854,-0.0126147829,1,-0.3072164059,0.01349510439,0.6087135077,0,0.07168840617,0.6528350115,-69.19059753
0.1262357086,0.2909172773,0.004525850527,-0.01227740012,1,-0.04331417754,0.01308502536,0.5725383759,0,-0.06917013228,0.3809305429,-69.76447296
0.1262357086,0.29576087,0.004249449354,-0.0116867153,1,0.1911430359,0.01243531797,0.2142124027,0,-0.09507220984,0.1067716032,-70.01804352
0.1262357086,0.3006044328,0.004991177004,-0.01175700221,1,0.3085086942,0.01277258527,-0.03378643841,0,-0.2238870859,-0.2670184672,-66.99741364
0.1262357086,0.3054480255,0.004659320693,-0.01055703778,1,0.4629266858,0.01153951138,-0.0189229846,0,-1.085148811,-0.5395155549,-66.18585968
0.1262357086,0.3102915883,0.001977395499,-0.009235471487,1,0.7278001308,0.009444788098,-0.04703553021,0,-1.578893661,0.3155564666,-77.91493225
0.1262357086,0.315135181,0.0005369833671,-0.01231328025,1,0.3055894375,0.01232498325,-0.7117190957,0,-0.4213626981,0.9801166654,-87.5029068
0.1262357086,0.3199787438,0.00141663861,-0.01743000932,1,-1.093815327,0.0174874831,-1.520989418,0,1.025904655,0.4151729345,-85.35345459
0.1262357086,0.3248223364,0.0002080532868,-0.02169123292,1,-2.069199562,0.02169222943,-0.5896394849,0,1.707604408,-1.124035358,-89.45045471
0.1262357086,0.3296658993,-0.0003347751626,-0.01484162174,1,-0.4786761999,0.01484539732,-0.5847790837,0,0.02274934947,-2.347288132,-91.29216766
0.1262357086,0.3345094621,-0.00200025714,-0.01315440983,1,-0.9618241787,0.01330562029,-1.567289352,0,-0.3795088828,-2.052787542,-98.64614105
0.1262357086,0.3393530548,-0.006831625942,-0.01249007415,1,-1.79470849,0.01423632912,-1.529934645,0,-0.8393546939,-0.5150167942,-118.6770782
0.1262357086,0.3441966176,-0.01475854684,-0.0180702433,1,-5.204572201,0.02333127521,-0.9436942339,0,-0.1889452934,3.233050346,-129.2396088
0.1262357086,0.3490402102,-0.03295554593,-0.03272046149,1,-10.86092377,0.04644024745,2.708259344,0,3.347079515,8.757577896,-135.2050934
0.1310792714,0.237637952,0.01154376287,-0.008498910815,1,0.03208371252,0.01433492079,0.7734891176,0,0.1075349376,1.259442687,-36.361763
0.1310792714,0.2424815297,0.01188188978,-0.009675787762,1,0.01289235801,0.01532319095,0.08413796127,0,-0.2265016735,0.4626951218,-39.15698242
0.1310792714,0.2473251075,0.01050912961,-0.01033248194,1,-0.3035691082,0.01473777462,-0.01974324882,5.783119202,-0.1378712952,0.2084172219,-44.51438904
0.1310792714,0.2521686852,0.009743738919,-0.01078090072,1,-0.2875486612,0.01453163009,0.05308365822,5.857845783,0.07223620266,0.2361793816,-47.89283752
0.1310792714,0.257012248,0.009466248564,-0.01121931896,1,-0.2316205204,0.01467933878,-0.02574920654,4.300632,0.1129142344,0.2148973346,-49.84415054
0.1310792714,0.2618558407,0.009168775752,-0.01194649097,1,-0.2843077481,0.01505938638,-0.0565947406,5.55630064,0.1023092568,0.1336467862,-52.49423218
0.1310792714,0.2666994035,0.008584724739,-0.01214076858,1,-0.1548069566,0.01486928854,0.05173918605,0,-0.1883286983,0.3683843613,-54.73591232
0.1310792714,0.2715429962,0.007506771479,-0.01348018646,1,-0.4324283004,0.01542942133,-0.1188778952,8.438114166,0.1340454817,-0.05320354551,-60.88768005
0.1310792714,0.276386559,0.007139484398,-0.01245886739,1,-0.03480136022,0.01435951237,0.2543481588,0,0.0274101235,-0.1499941349,-60.1853714
0.1310792714,0.2812301517,0.007470971439,-0.01152172312,1,0.1222765297,0.01373191644,0.1717774272,0,0.02430650592,0.01451573521,-57.03962326
0.1310792714,0.2860737145,0.007849470712,-0.01169715822,1,-0.05512620509,0.01408679131,0.09280629456,0,-0.07618780434,0.2617510557,-56.13610077
0.1310792714,0.2909172773,0.006834943779,-0.01234001759,1,-0.2357681394,0.01410647016,0.09135563672,0,-0.3469970226,0.2323067933,-61.01861572
0.1310792714,0.29576087,0.005026802421,-0.01237986609,1,-0.1974995136,0.01336150616,0.1162955463,0,-0.3335646391,0.2621238828,-67.90055847
0.1310792714,0.3006044328,0.004262693226,-0.01304634847,1,-0.05530559272,0.01372507773,-0.1703297943,0,-0.2997827232,0.2273663431,-71.9059906
0.1310792714,0.3054480255,0.003306904575,-0.01430613827,1,0.1590305269,0.01468336489,-0.1323276609,0,-0.4965906441,0.2342260629,-76.98451996
0.1310792714,0.3102915883,0.002627694514,-0.01482177991,1,0.4137737751,0.01505290437,0.3768965304,0,-0.8514504433,0.3289280832,-79.94671631
0.1310792714,0.315135181,0.001186983543,-0.01407379936,1,0.003984540701,0.01412376575,0.5664885044,0,-0.8069244027,0.04512411356,-85.17908478
0.1310792714,0.3199787438,-0.00126140716,-0.01229651086,1,-0.7620345354,0.01236104034,0.05315151066,15.00376797,-0.2969091237,-0.2625572383,-95.85704803
0.1310792714,0.3248223364,-0.003942092415,-0.01254463941,1,-1.301517248,0.01314945146,-0.5253328085,25.52418327,0.02679949999,-0.2505839169,-107.445076
0.1310792714,0.3296658993,-0.007435601205,-0.01362727862,1,-0.6600812078,0.01552388165,-0.6912699938,0,-0.7490467429,-0.8565347195,-118.6186905
0.1310792714,0.3345094621,-0.01076729223,-0.01174416952,1,-0.3491158783,0.01593298651,-0.5698466301,0,-0.5486605763,-1.282307982,-132.5152435
0.1310792714,0.3393530548,-0.01178405154,-0.01017641649,1,0.1458061934,0.01556994952,-0.02764588594,0,0.1748380065,-1.22937727,-139.1869202
0.1310792714,0.3441966176,-0.009214227088,-0.005923490506,1,-0.4173100591,0.01095398143,1.562653899,0,1.77916646,-0.8869057894,-147.2645264
0.1310792714,0.3490402102,-0.005187793169,0.001688216813,1,-2.518876553,0.005455572624,4.247024059,0,4.181457996,1.104023457,161.9740295
0.1359228492,0.237637952,0.01308892295,-0.007735510822,1,-0.4538845122,0.01520388201,-0.4676690102,0,0.0110835433,0.4864439964,-30.58295059
0.1359228492,0.2424815297,0.0120165525,-0.01004617102,1,-0.1344243139,0.01566279307,-0.1633014381,0,-0.1229857728,0.3123431504,-39.89656067
0.1359228492,0.2473251075,0.0118421372,-0.01003933232,1,0.09884993732,0.01552496105,0.2567401528,0,-0.08099578321,0.3725684285,-40.29006195
0.1359228492,0.2521686852,0.01210303046,-0.01060719416,1,0.1064268202,0.01609335095,0.2157310098,0,-0.2304161936,0.5956610441,-41.23158646
0.1359228492,0.257012248,0.01124158595,-0.01187955029,1,0.004417151213,0.01635533385,0.08718028665,0,-0.4409017265,0.5875446796,-46.58052063
0.1359228492,0.2618558407,0.00998888351,-0.01303074788,1,0.01311290264,0.01641883701,-0.01506148279,0,-0.5418720245,0.3522527218,-52.52757645
0.1359228492,0.2666994035,0.00868050009,-0.01365866512,1,0.00280790031,0.01618364081,-0.06950235367,0,-0.4932414889,0.07045394182,-57.56279373
0.1359228492,0.2715429962,0.007613430265,-0.0137086371,1,-0.1084566787,0.01568091288,-0.05534959212,0,-0.2349689603,-0.1459291875,-60.95331192
0.1359228492,0.276386559,0.007017091382,-0.01321993582,1,-0.0012267977,0.01496683899,0.008455313742,0,-0.2144115418,-0.2331878245,-62.04080582
0.1359228492,0.2812301517,0.006568969227,-0.0125382198,1,0.06307981908,0.01415479835,-0.05938833579,0,-0.167443186,-0.1632660031,-62.34925079
0.1359228492,0.2860737145,0.006511599291,-0.01271679625,1,-0.04167109355,0.01428698096,-0.2098806053,0,-0.05648741499,-0.1525002569,-62.88541412
0.1359228492,0.2909172773,0.006093532313,-0.01281614508,1,-0.1606080681,0.01419100817,-0.02438892424,3.033473969,0.07198579609,-0.1009934247,-64.57090759
0.1359228492,0.29576087,0.006082350388,-0.0123457564,1,-0.2348534018,0.01376272831,0.1537306011,3.548245192,0.06429873407,0.1795378327,-63.77204132
0.1359228492,0.3006044328,0.005267437547,-0.01294114441,1,-0.1881056726,0.01397208404,0.1274864525,2.96437335,-0.003793291748,0.4138096571,-67.85219574
0.1359228492,0.3054480255,0.005152872764,-0.01373258512,1,-0.05693287402,0.01466751471,0.18653211,0,0.08349778503,0.6866850257,-69.43242645
0.1359228492,0.3102915883,0.005396106746,-0.01536367368,1,-0.06227388233,0.01628374681,0.264413625,0,-0.2791061699,0.7822932005,-70.64744568
0.1359228492,0.315135181,0.003499371931,-0.01624097489,1,-0.0712916255,0.01661369577,0.5033287406,0,-0.9597106576,0.4648175538,-77.84062195
0.1359228492,0.3199787438,0.000402367179,-0.01517714188,1,-0.04626053572,0.01518247463,0.4558068514,0,-1.409177303,0.2527468204,-88.48136139
0.1359228492,0.3248223364,-0.003550154157,-0.01525743771,1,-0.1569421291,0.01566502452,0.07512656599,0,-1.543049812,0.0948208347,-103.0987091
0.1359228492,0.3296658993,-0.007831675932,-0.01527253259,1,-0.2950473428,0.01716349088,0.09667238593,0,-1.237118959,-0.1379728615,-117.1485062
0.1359228492,0.3345094621,-0.01097129844,-0.0141209187,1,-0.2011472285,0.01788210683,0.2604657114,0,-0.8494046926,-0.3430295289,-127.8455505
0.1359228492,0.3393530548,-0.01292010583,-0.01234945655,1,0.1454939544,0.01787283458,0.492706418,0,-0.251658231,-0.8883934021,-136.2936707
0.1359228492,0.3441966176,-0.0114855133,-0.007431454491,1,0.9095593691,0.01368004084,0.6578834057,11.77204418,0.3049840033,-1.836664319,-147.0959778
0.1359228492,0.3490402102,-0.007037370466,-0.0002669206588,1,1.997523069,0.007042430807,0.2739101648,0,-0.1608107686,-2.684444904,-177.8278656
0.1407664269,0.237637952,0.01163470093,-0.006246801931,1,-0.004065051675,0.01320563536,-0.7289822102,0,0.4042171836,0.6640304327,-28.23185158
0.1407664269,0.2424815297,0.01260378491,-0.009620384313,1,0.127906397,0.01585582644,0.01977735758,0,0.2690179348,1.043148279,-37.35425186
0.1407664269,0.2473251075,0.01355723478,-0.01120357867,1,0.2355884314,0.01758746058,0.1343832612,4.136761665,-0.01467844844,0.7108252645,-39.5700264
0.1407664269,0.2521686852,0.01367377955,-0.01241242606,1,0.2508710921,0.01846728288,0.2284550816,0,-0.4207671583,0.6770243645,-42.23171616
0.1407664269,0.257012248,0.01273433119,-0.01337625552,1,0.03369897604,0.01846855134,0.1978709996,0,-0.6266061068,0.6566594839,-46.4083252
0.1407664269,0.2618558407,0.01080198772,-0.01463460363,1,-0.1326985061,0.01818940789,0.1101593524,0,-0.7230733633,0.3511314392,-53.56849289
0.1407664269,0.2666994035,0.008589333855,-0.0145434225,1,-0.1779441237,0.01689046435,0.02722452581,0,-0.703661561,-0.08460295945,-59.43393707
0.1407664269,0.2715429962,0.006531862076,-0.01409295853,1,-0.1330366433,0.01553308405,-0.1004198045,0,-0.3910302818,-0.3176101446,-65.13302612
0.1407664269,0.276386559,0.006050975062,-0.01349144429,1,0.01553179231,0.01478625555,-0.1135841459,0,-0.04429859295,-0.4139156938,-65.84354401
0.1407664269,0.2812301517,0.006392527837,-0.01263827924,1,-0.06220677122,0.01416299772,0.02343463898,0,0.0711414367,-0.3321954608,-63.16939926
0.1407664269,0.2860737145,0.006094250828,-0.01176892221,1,-0.2529263496,0.01325320452,0.03063545376,2.636592627,0.218884632,-0.2635381222,-62.62371445
0.1407664269,0.2909172773,0.006227644626,-0.01121343113,1,-0.2567917407,0.01282671373,0.08904404938,0,0.3696759045,-0.08397324383,-60.9533577
0.1407664269,0.29576087,0.006641014013,-0.01093089953,1,-0.1850136817,0.01279013883,0.06434742361,0,0.3206280172,0.2584572434,-58.71943665
0.1407664269,0.3006044328,0.006884503178,-0.01215361711,1,-0.1056250185,0.01396806352,0.1665565073,0,0.2904853821,0.722974062,-60.4703064
0.1407664269,0.3054480255,0.007536399644,-0.01362595148,1,-0.03400940448,0.01557125151,0.1916703582,0,0.201859951,0.9593687654,-61.05338669
0.1407664269,0.3102915883,0.007697500288,-0.015872024,1,-0.180153653,0.01764008589,0.05068838596,1.259188175,-0.1625938863,1.0315696,-64.12787628
0.1407664269,0.315135181,0.005876275245,-0.01837692596,1,-0.2026475966,0.01929357462,0.2303484976,0,-0.9384454489,0.8550685644,-72.26760864
0.1407664269,0.3199787438,0.002170527587,-0.01889790408,1,-0.02413994074,0.01902214438,0.34356004,0,-1.833002567,0.525539875,-83.44798279
0.1407664269,0.3248223364,-0.003118938999,-0.01925835945,1,0.03266739845,0.01950928383,0.3015831113,0,-2.057239294,0.1554869413,-99.19931793
0.1407664269,0.3296658993,-0.00763564324,-0.01819027588,1,-0.2697558403,0.01972787827,0.6233454943,0,-1.391884089,-0.2797716558,-112.7709656
0.1407664269,0.3345094621,-0.01116719656,-0.01488405466,1,-0.5293150544,0.01860756241,0.6399511695,0,-0.7228479981,-0.6174296737,-126.8801346
0.1407664269,0.3393530548,-0.01370059233,-0.01210005395,1,-0.485383749,0.01827888191,0.3979929984,0,-0.2901892662,-0.8474203348,-138.5497894
0.1407664269,0.3441966176,-0.01492374483,-0.008851798251,1,0.04603523016,0.01735144109,-0.3426088989,0,-0.6990263462,-1.030987024,-149.3263397
0.1407664269,0.3490402102,-0.0168634057,-0.008765840903,1,1.379163742,0.01900564134,-1.637864709,0,-2.180081844,-1.673357964,-152.5339508
0.1456100047,0.237637952,0.01277432404,-0.005757964216,1,0.7200878263,0.01401204895,-0.8177393079,0,1.092866182,0.670715034,-24.263237
0.1456100047,0.2424815297,0.0171649158,-0.009362686425,1,0.08805720508,0.01955234632,0.1207109094,0,0.5646929741,1.254904509,-28.61047363
0.1456100047,0.2473251075,0.01593597047,-0.01125151943,1,-0.2905124128,0.01950773783,-0.05479341745,5.190918922,0.1509203017,0.8737846017,-35.22383118
0.1456100047,0.2521686852,0.01648879051,-0.01386032626,1,-0.003797132522,0.0215404015,0.01922804117,0,-0.1108703017,0.809196949,-40.05010223
0.1456100047,0.257012248,0.01538057067,-0.01507778931,1,-0.1934352964,0.02153837681,0.1832442582,0,-0.6872379184,0.6023452282,-44.43045044
0.1456100047,0.2618558407,0.01222318131,-0.0158902742,1,-0.2709214985,0.02004761808,0.07193469256,0,-1.169746518,0.3046612144,-52.43164825
0.1456100047,0.2666994035,0.008402583189,-0.01620501839,1,-0.06547605991,0.01825393178,-0.0243165344,0,-1.304278255,-0.216741398,-62.59247589
0.1456100047,0.2715429962,0.005588669796,-0.01495824941,1,-0.1349952519,0.01596817002,-0.0390829742,0,-0.6785517931,-0.5955495834,-69.51341248
0.1456100047,0.276386559,0.004462104756,-0.01350972895,1,-0.0637146309,0.01422754861,-0.07371068001,0,-0.04265460372,-0.7066956758,-71.72222137
0.1456100047,0.2812301517,0.005073462147,-0.01189233735,1,-0.1773844361,0.01292933524,0.04144829512,0,0.3676182628,-0.5940707326,-66.89613342
0.1456100047,0.2860737145,0.005383517127,-0.01043154299,1,-0.2055484056,0.01173879672,0.09140071273,0,0.421222508,-0.3443399072,-62.70261765
0.1456100047,0.2909172773,0.006118093152,-0.00978180021,1,-0.09363316,0.01153753325,0.03286779299,0,0.5607181787,-0.07756738365,-57.97579956
0.1456100047,0.29576087,0.007645879872,-0.009896641597,1,0.05026632547,0.01250611804,0.04302594066,0,0.6636387706,0.2991904318,-52.31129074
0.1456100047,0.3006044328,0.009575948119,-0.01102255285,1,-0.07972767949,0.01460121386,0.2015723884,0,0.7160631418,0.7576678991,-49.01720428
0.1456100047,0.3054480255,0.01072802022,-0.01259013359,1,-0.2790647447,0.01654091477,0.2319152951,0,0.4983570874,1.11061883,-49.56576538
0.1456100047,0.3102915883,0.01063810755,-0.01527862158,1,-0.5056906939,0.01861734688,0.03564369678,10.60612297,0.09868863225,1.525190353,-55.15150833
0.1456100047,0.315135181,0.008756673895,-0.01980486885,1,-0.468401283,0.02165438049,-0.1332309842,0,-0.7757591009,1.654680252,-66.14749908
0.1456100047,0.3199787438,0.0046119201,-0.0239385087,1,0.1785732508,0.02437872067,0.2266917229,0,-2.262358189,1.377740622,-79.0951767
0.1456100047,0.3248223364,-0.001336299931,-0.0253800638,1,0.4264566898,0.0254152175,1.100148797,0,-2.651974678,0.4331087172,-93.01392365
0.1456100047,0.3296658993,-0.006167549174,-0.02070764825,1,0.6624220014,0.02160660364,0.6639215946,0,-2.629138231,-1.467103243,-106.5855942
0.1456100047,0.3345094621,-0.01086221356,-0.0150583107,1,-0.5491625071,0.01856718585,-0.1076430678,0,-1.294390559,-2.028460979,-125.8045425
0.1456100047,0.3393530548,-0.01509694196,-0.01140401699,1,-1.12115252,0.01892007515,-0.1900085509,22.23604012,-0.3811292946,-1.019579768,-142.9331207
0.1456100047,0.3441966176,-0.01813863218,-0.01104021817,1,-0.9537780881,0.02123432048,-1.213295221,0,-0.6934736371,0.04659724236,-148.6728973
0.1456100047,0.3490402102,-0.02307553403,-0.01750640385,1,-0.8173995018,0.02896470949,-2.252493858,0,-1.221129417,0.4175016284,-142.8139954
0.1504535824,0.237637952,0.01092257723,-0.004441221245,1,1.51390326,0.01179097686,-0.8019387126,0,1.931528449,0.3833588958,-22.12711525
0.1504535824,0.2424815297,0.01926668547,-0.007311761845,1,0.2089022994,0.02060745098,-0.06028878689,0,1.154037476,0.8944277763,-20.78189468
0.1504535824,0.2473251075,0.01752408221,-0.00906546507,1,-0.5520669818,0.01973008178,-0.2864395082,8.885408401,0.2257864922,0.8737114668,-27.35318947
0.1504535824,0.2521686852,0.01768632047,-0.01293104328,1,-0.4537481964,0.02190930769,-0.407861948,0,0.2504503429,0.9759440422,-36.17174911
0.1504535824,0.257012248,0.01653939486,-0.01576802693,1,-0.1846901476,0.02285130695,0.09782069921,0,-0.8600461483,1.348361015,-43.63227081
0.1504535824,0.2618558407,0.01262605935,-0.01898813248,1,-0.3051614165,0.02280277386,-0.08363413811,0,-1.577257872,0.9023374915,-56.37828827
0.1504535824,0.2666994035,0.007421751041,-0.02054365724,1,-0.644549787,0.02184317447,0.02444569767,0,-1.24828434,-0.4426501989,-70.13687134
0.1504535824,0.2715429962,0.003457969753,-0.01672571711,1,-0.6497853994,0.01707943715,0.2318390012,9.52536869,-0.4136299193,-1.245213509,-78.31892395
0.1504535824,0.276386559,0.002271016128,-0.01338943839,1,-0.2692600489,0.01358066965,0.2622673213,0,0.3225033879,-1.126623631,-80.37353516
0.1504535824,0.2812301517,0.003715858096,-0.00999851618,1,-0.1844454408,0.010666674,0.1921690404,0,0.7208473086,-0.7691719532,-69.61287689
0.1504535824,0.2860737145,0.004869120196,-0.00873310864,1,-0.215115875,0.009998776019,0.1586088836,0,0.68899858,-0.2449136078,-60.85826874
0.1504535824,0.2909172773,0.00601113867,-0.008044029586,1,-0.06798672676,0.01004192233,0.1479414403,0,0.7760264277,-0.01167739928,-53.22999191
0.1504535824,0.29576087,0.008298565634,-0.00795998238,1,0.08965998888,0.01149902213,0.1263442338,0,1.049894333,0.179014504,-43.80699158
0.1504535824,0.3006044328,0.01153065823,-0.008299142122,1,0.06540668011,0.01420675311,0.02827687562,0,1.119771361,0.4206451178,-35.74429321
0.1504535824,0.3054480255,0.01403906755,-0.009860448539,1,-0.1406027973,0.01715586893,0.005533427,0,0.9100470543,0.9646433592,-35.08258438
0.1504535824,0.3102915883,0.01525752153,-0.01294466574,1,-0.6430522203,0.02000890672,-0.2210291028,7.877923965,0.4792199433,1.84463191,-40.31167603
0.1504535824,0.315135181,0.01324553322,-0.01986563765,1,-0.9237763882,0.0238765087,-0.6744022369,13.01271343,-0.1737183332,2.995628357,-56.30638885
0.1504535824,0.3199787438,0.009941720404,-0.03072074428,1,-0.8364753723,0.03228934482,0.1336084604,0,-1.008858919,3.086661816,-72.06759644
0.1504535824,0.3248223364,0.004307513125,-0.03416898102,1,-1.845063925,0.03443942219,0.03529834747,0,-2.587121964,0.73983109,-82.81491089
0.1504535824,0.3296658993,-0.01152591594,-0.03413320333,1,-1.379160047,0.03602669016,0.02964675426,0,-3.951852798,-3.206680775,-108.6585236
0.1504535824,0.3345094621,-0.02151358314,-0.0184936244,1,-0.6559849977,0.02836984955,0.2861664295,0,-1.002584815,-5.00279808,-139.3168182
0.1504535824,0.3393530548,-0.01955932751,-0.008515694179,1,-0.6111873984,0.02133270539,0.03688323498,0,0.8050205112,-2.214062691,-156.4727631
0.1504535824,0.3441966176,-0.02057473734,-0.007590993308,1,-1.55949688,0.02193041146,-0.6359178424,29.9289608,0.281101644,-0.180542931,-159.7486115
0.1504535824,0.3490402102,-0.02575133368,-0.01072133798,1,-2.665561676,0.02789405361,0.03575736284,0,0.5280588865,1.328328848,-157.3960266
0.1552971601,0.237637952,0.01074689999,-0.003735164646,1,2.018816948,0.01137749199,-0.2261176854,0,2.299574852,0.2073163539,-19.16527367
0.1552971601,0.2424815297,0.02120513283,-0.004784850404,1,0.3542578518,0.0217382703,-0.1333968341,0,1.304344296,0.6405684948,-12.71560097
0.1552971601,0.2473251075,0.01878046803,-0.00748392567,1,-0.713514924,0.02021670341,-0.2490418851,12.72578239,0.3078658581,0.9204728603,-21.72704315
0.1552971601,0.2521686852,0.01924034022,-0.01044948585,1,-0.3106541634,0.02189480327,-0.7377540469,0,1.054897666,1.505426407,-28.50651741
0.1552971601,0.257012248,0.02238526382,-0.01834892854,1,-0.7673643231,0.02894448489,-0.4118497372,13.56626987,0.1373123527,1.983546257,-39.34105682
0.1552971601,0.2618558407,0.01618863456,-0.0220517721,1,-2.374071121,0.02735603414,0.3071015477,46.35822678,-0.930983305,0.4682067037,-53.71688461
0.1552971601,0.2666994035,0.006376977079,-0.01912925392,1,-3.026105404,0.02016418055,0.4807378352,63.94533539,-0.1757268906,-1.219938993,-71.56354523
0.1552971601,0.2715429962,0.0006803112337,-0.01381441206,1,-1.630006313,0.01383115351,0.09840291739,33.96834183,0.3703075051,-1.653561711,-87.18066406
0.1552971601,0.276386559,0.000275528233,-0.01064347662,1,-0.6687848568,0.01064704265,0.08162271976,0,0.9987872839,-1.220499516,-88.51711273
0.1552971601,0.2812301517,0.002278703963,-0.007507481612,1,-0.1831129193,0.007845684886,0.2196913064,0,1.151398301,-0.7281787395,-73.11567688
0.1552971601,0.2860737145,0.004965493456,-0.006052394398,1,-0.1522043943,0.00782863982,0.1462122202,0,1.081147671,-0.228248626,-50.63392639
0.1552971601,0.2909172773,0.006778098643,-0.005693756975,1,-0.196626991,0.008852202445,0.1715315878,0,1.055375457,0.004976540804,-40.03102493
0.1552971601,0.29576087,0.009124908596,-0.005245672073,1,-0.1553478837,0.0105252564,0.06246230751,0,1.181910992,0.1082753018,-29.89347458
0.1552971601,0.3006044328,0.01175033674,-0.005915655755,1,0.03800958395,0.01315543242,-0.2331782132,0,1.263144016,0.2325017601,-26.72276878
0.1552971601,0.3054480255,0.01542714704,-0.007501229178,1,0.01262480021,0.01715416275,-0.2269149721,0,1.381348133,0.5838810205,-25.93067551
0.1552971601,0.3102915883,0.01850215346,-0.00984280929,1,-0.4432440102,0.02095735073,-0.3084666729,0,1.387291193,1.48167181,-28.01216698
0.1552971601,0.315135181,0.01999971271,-0.01617190428,1,-1.326857448,0.02572001144,0.2330271006,0,1.679364562,3.315594196,-38.95923996
0.1552971601,0.3199787438,0.02020954899,-0.02477346174,1,-4.310455322,0.03197108582,0.7310233116,89.9016571,0.6805738211,3.374187708,-50.79332352
0.1552971601,0.3248223364,0.00241809967,-0.0289742779,1,-6.049686432,0.02907500602,-1.959637642,109.6124725,-2.573135376,-0.2263686657,-85.22933197
0.1552971601,0.3296658993,-0.02155576088,-0.03316868469,1,-7.2803936,0.03955771029,0.2530962229,155.9517059,-0.1781003475,-2.273387909,-123.0191498
0.1552971601,0.3345094621,-0.03370758519,-0.01673709415,1,-2.50824666,0.03763418272,1.585983992,21.49620247,1.664548159,-4.323734283,-153.5938568
0.1552971601,0.3393530548,-0.02564227954,-0.004544503987,1,-0.2143647671,0.02604187094,-0.1912490129,0,2.612253666,-3.208018541,-169.9499969
0.1552971601,0.3441966176,-0.02209322341,-0.002125136089,1,-0.1291038394,0.02219519578,0.3203367293,0,2.023117542,-0.1971834004,-174.5056458
0.1552971601,0.3490402102,-0.0164684765,-0.002037855098,1,-0.08178782463,0.01659408212,1.673651457,0,2.404339314,1.637611628,-172.9459229
0.1601407379,0.237637952,0.01083151158,-0.003081347561,1,2.386531353,0.01126127597,-0.21769014,0,2.110846519,-0.3710491359,-15.87998867
0.1601407379,0.2424815297,0.02172321081,-0.0027099445,1,0.6603735685,0.02189159021,-0.5361685157,0,1.392798543,-0.3220746517,-7.110844612
0.1601407379,0.2473251075,0.02077621035,-0.004118327983,1,-0.8202335835,0.02118045278,-0.0586425662,6.784837723,0.7544538975,0.6860429645,-11.2120142
0.1601407379,0.2521686852,0.02140460163,-0.006316886749,1,-0.7874196172,0.02231725864,-0.1119449735,0,1.484388828,1.388565302,-16.44228745
0.1601407379,0.257012248,0.02415202931,-0.01138615515,1,-2.144868135,0.02670140564,-0.2473379076,39.01951981,1.107767582,0.9256663322,-25.24091339
0.1601407379,0.2618558407,0.0163813252,-0.01199842431,1,-4.185519218,0.02030541748,0.4978989065,89.10083008,-0.007797956467,-0.461831063,-36.22073746
0.1601407379,0.2666994035,0.003841372905,-0.006737628486,1,-4.282785416,0.007755757775,0.1853061914,91.72872925,0.05948424339,-0.8390157223,-60.31092453
0.1601407379,0.2715429962,-0.004074562807,-0.007037041709,1,-2.401711702,0.008131545037,-0.3977058828,46.62453079,0.9386206269,-0.6919522285,-120.0715408
0.1601407379,0.276386559,-0.003245222149,-0.005312423222,1,-0.8231204748,0.006225215271,-0.2272006869,0,1.923035383,-0.9502889514,-121.4196701
0.1601407379,0.2812301517,0.001252959715,-0.003534707474,1,-0.1664299369,0.003750208765,-0.1762982309,0,1.759672284,-0.7034190893,-70.48194122
0.1601407379,0.2860737145,0.004471770488,-0.002759272465,1,-0.1628811359,0.005254551768,-0.02351513505,0,1.321761489,-0.3445286453,-31.67634773
0.1601407379,0.2909172773,0.006866069511,-0.001979858382,1,-0.3703035712,0.007145820651,0.1110999584,0,1.331117392,-0.1524257064,-16.08512688
0.1601407379,0.29576087,0.009125546552,-0.001482865424,1,-0.4084361196,0.009245241061,-0.06587181985,0,1.37080574,0.01366648637,-9.22966671
0.1601407379,0.3006044328,0.01152738184,-0.002365108347,1,-0.2394281626,0.01176750939,-0.2298833281,0,1.610834599,0.1310203224,-11.59464169
0.1601407379,0.3054480255,0.01576806046,-0.003230930306,1,-0.2038590312,0.0160956718,-0.1940364391,0,2.147184849,0.159672752,-11.57981777
0.1601407379,0.3102915883,0.02094003186,-0.004078326281,1,0.002938508987,0.0213334877,-0.03871054947,0,3.024884462,0.3894517422,-11.02108097
0.1601407379,0.315135181,0.03043355606,-0.00530476775,1,-1.689287186,0.03089242429,0.3255411386,0,3.523798466,0.8350775242,-9.88768959
0.1601407379,0.3199787438,0.02982562967,-0.006546305493,1,-7.570282936,0.0305355899,0.4812860489,161.979599,-0.009679079056,2.964010715,-12.37931919
0.1601407379,0.3248223364,-0.006280578673,-0.01733003743,1,-7.319570541,0.01843301021,-1.175848246,138.4644165,-3.238117933,-2.582579613,-109.9210205
0.1601407379,0.3296658993,-0.02131135575,0.0002673077979,1,-7.725894928,0.02131303214,2.373061419,152.6034546,1.843135834,-1.559512496,179.2813721
0.1601407379,0.3345094621,-0.03477409109,0.001717631007,1,-4.748150826,0.0348164849,0.1377666891,94.91910553,1.710605145,-0.8755223751,177.172226
0.1601407379,0.3393530548,-0.03602394462,0.005175251979,1,-0.1846431494,0.03639378771,-1.242840409,0,3.23938036,-1.473213077,171.8247375
0.1601407379,0.3441966176,-0.01997823454,0.002833458828,1,1.609023809,0.02017816529,-0.2700520158,0,3.823111773,0.5258142948,171.9277344
0.1601407379,0.3490402102,-0.00971297361,0.001320411684,1,1.067792535,0.009802313522,0.1711715758,0,3.170904636,0.7959339619,172.2584839
0.1649843156,0.237637952,0.007895295508,-0.005070465617,1,1.86190784,0.009383246303,0.4827547371,0,1.917476058,-1.10003078,-32.70912552
0.1649843156,0.2424815297,0.0170481652,-0.001237293123,1,1.252684236,0.01709300466,-0.3453194499,0,1.622057557,-1.421726465,-4.151039124
0.1649843156,0.2473251075,0.02181933075,0.0001431954879,1,0.04597407579,0.02181980014,0.1981118172,0,1.683240533,-0.1717567891,0.3760142624
0.1649843156,0.2521686852,0.02542375028,0.0005541942082,1,-0.797411263,0.02542978898,-0.0938757211,0,1.592582703,0.4713538289,1.248752117
0.1649843156,0.257012248,0.02567080036,-0.002594533376,1,-2.742225647,0.02580158226,-0.521119535,54.61356735,0.8716210127,-0.0316363126,-5.771254063
0.1649843156,0.2618558407,0.01636333205,-0.001816655742,1,-4.177381992,0.01646386646,0.1818609834,88.93431091,-0.4597102404,-0.7466672659,-6.335030079
0.1649843156,0.2666994035,0.003210684052,0.00190286513,1,-3.835570812,0.00373220956,0.2395569384,81.39403534,-0.4919873476,-0.6237311363,30.65380287
0.1649843156,0.2715429962,-0.004597532563,0.002364746993,1,-2.629858255,0.005170042161,0.2186437845,53.17847443,0.8463795781,0.06279254705,152.7809296
0.1649843156,0.276386559,-0.005427734461,0.002657742705,1,-1.21543479,0.006043500733,-0.05095736682,0,1.755378246,0.06115046144,153.9108734
0.1649843156,0.2812301517,-0.001982275164,0.001821744023,1,-0.100481987,0.00269224192,-0.5748822689,0,1.878213167,-0.2612391114,137.4164734
0.1649843156,0.2860737145,0.003182844725,0.001138587715,1,0.1825807691,0.0033803673,-0.07332330942,0,1.584756494,-0.2231021523,19.68347359
0.1649843156,0.2909172773,0.006577934138,0.002547207288,1,-0.2428566813,0.007053898647,0.2192374468,0,1.417443752,-0.2419168651,21.16815376
0.1649843156,0.29576087,0.008872047998,0.003372224513,1,-0.3901875615,0.009491318837,0.02681328543,0,1.359213471,-0.0762155652,20.8115654
0.1649843156,0.3006044328,0.01127148606,0.003046235535,1,-0.3068014383,0.01167587005,-0.002390880138,0,1.625796795,-0.1085128933,15.12347698
0.1649843156,0.3054480255,0.01526070386,0.003886234714,1,-0.3730049729,0.01574775949,-0.03561192751,0,2.216582298,-0.3964992464,14.28706074
0.1649843156,0.3102915883,0.02020099573,0.004794221371,1,-0.7188150883,0.02076209895,0.2556395233,0,2.857844591,-0.8162637949,13.35078049
0.1649843156,0.315135181,0.02562125959,0.009078081697,1,-0.6148058176,0.02718198858,-0.3393310905,0,4.061868668,-1.795422554,19.51016998
0.1649843156,0.3199787438,0.03689711168,0.01184691396,1,-8.660064697,0.03875236958,-2.455416441,178.0376434,0.1111369133,1.319381237,17.80077171
0.1649843156,0.3248223364,-0.01578613743,-0.009205444716,1,-12.03550816,0.01827408932,1.669314623,255,0.7809381485,1.39415741,-149.7520599
0.1649843156,0.3296658993,-0.01761527359,0.01317965984,1,-7.83646965,0.02200002968,2.541370392,141.2462616,3.398656845,-2.362424135,143.1963501
0.1649843156,0.3345094621,-0.03728096187,0.01454639249,1,-4.205467701,0.04001834244,0.739656806,88.68738556,-0.1678328514,0.9749456644,158.6851349
0.1649843156,0.3393530548,-0.03879769519,0.01204001997,1,0.3698199987,0.04062293842,0.07899367809,0,3.021586895,1.306892037,162.7593994
0.1649843156,0.3441966176,-0.0208544191,0.008598971181,1,1.760221243,0.02255768329,-0.1253910065,0,3.816951513,0.6780003309,157.5920105
0.1649843156,0.3490402102,-0.0117842257,0.008148731664,1,0.9316855073,0.01432724018,0.06695771217,0,2.813548326,0.2528690994,145.3363495
0.1698278934,0.237637952,0.007841686718,-0.00281219813,1,0.9430291653,0.008330696262,-0.2135168016,0,1.254808664,-0.9944858551,-19.72892952
0.1698278934,0.2424815297,0.01316438615,-0.0009208559641,1,0.995207727,0.01319655403,0.1982352436,0,1.701595545,-1.169368982,-4.001353264
0.1698278934,0.2473251075,0.02090386301,0.00381189934,1,0.3981989622,0.02124857716,0.226162672,0,1.680545449,-1.049772501,10.33455181
0.1698278934,0.2521686852,0.02323294617,0.00525923539,1,-0.7988988161,0.02382077649,-0.473364532,0,0.9167561531,-0.9494373202,12.75505924
0.1698278934,0.257012248,0.02147471346,0.006117791403,1,-2.402169704,0.02232914418,-1.003768444,45.90457916,0.4227851629,-1.158441782,15.90137863
0.1698278934,0.2618558407,0.01364564244,0.006008407567,1,-3.934820652,0.01490988024,-0.004741936922,84.34108734,-0.08991467953,-0.694208622,23.76470757
0.1698278934,0.2666994035,0.001980595523,0.009457277134,1,-3.08297205,0.009662445635,0.3708033264,65.31593323,-0.2940865755,-0.4120847285,78.1717453
0.1698278934,0.2715429962,-0.002711404115,0.009800386615,1,-1.84156394,0.01016854402,0.1029763371,35.77019882,0.7728401423,0.1815001816,105.464798
0.1698278934,0.276386559,-0.00319585111,0.009076940827,1,-0.9355444908,0.00962311402,-0.03993558884,3.781350136,0.917901516,0.734518826,109.3963852
0.1698278934,0.2812301517,-0.00279685948,0.006049256306,1,-0.01965838671,0.006664527114,-0.2627902329,0,1.306282043,0.7787262797,114.8133469
0.1698278934,0.2860737145,0.003036010778,0.004032274708,1,0.3734976053,0.005047434941,0.1442470551,0,1.598827243,0.1416292489,53.02290344
0.1698278934,0.2909172773,0.006756220013,0.006061935797,1,-0.09968793392,0.00907709077,0.2967176437,0,1.3075248,-0.3140332699,41.89965439
0.1698278934,0.29576087,0.008886262774,0.006990494207,1,-0.2638554871,0.01130631194,0.0138913244,0,1.138000846,-0.1788681,38.19081879
0.1698278934,0.3006044328,0.01099021081,0.00699558109,1,-0.2578988373,0.01302777324,0.09971430898,0,1.246596456,-0.3795683086,32.4779129
0.1698278934,0.3054480255,0.01367509644,0.009311936796,1,-0.170029819,0.0165444985,0.2995256782,0,1.663635135,-0.9908265471,34.25256348
0.1698278934,0.3102915883,0.01822460443,0.01324550249,1,-0.633536458,0.02252952568,0.209938705,0,1.958716989,-1.448986053,36.00936508
0.1698278934,0.315135181,0.02009371109,0.01734706759,1,-0.6797456741,0.02654577233,1.280517936,0,1.938845873,-3.404488087,40.80431366
0.1698278934,0.3199787438,0.02432315424,0.03593769297,1,-3.289317608,0.04339508712,0.5599668026,66.71419525,0.9075813293,-5.097080231,55.9092865
0.1698278934,0.3248223364,0.008557585999,0.04474741593,1,-9.528162003,0.04555835202,3.880027056,186.4798279,0.2854557037,0.009370684624,79.17337036
0.1698278934,0.3296658993,-0.02044461668,0.05468551815,1,-5.089664936,0.05838226154,-1.467491031,93.85582733,-2.141967773,3.378773212,110.4986572
0.1698278934,0.3345094621,-0.02646928094,0.02127422951,1,-1.862597823,0.03395903111,-1.559366941,21.82921791,0.03199183941,6.010704041,141.210022
0.1698278934,0.3393530548,-0.02931129932,0.01801929064,1,0.09714585543,0.03440707922,1.090239763,0,1.79559803,2.840771675,148.4186401
0.1698278934,0.3441966176,-0.01730162837,0.01279539149,1,1.565094233,0.02151902393,-0.2368676066,0,2.800982237,1.328902721,143.5152893
0.1698278934,0.3490402102,-0.008163867518,0.01043536048,1,1.781559587,0.01324935816,0.3188453615,0,1.99157393,1.293341398,128.0370483
0.1746714562,0.237637952,0.002044249559,-0.003560340032,1,1.215501666,0.004105481319,1.932421088,0,3.037619114,-0.4395800829,-60.13674164
0.1746714562,0.2424815297,0.01234441064,0.002184146084,1,1.042197704,0.01253614668,1.064988852,0,2.21693635,-0.9819836617,10.03372765
0.1746714562,0.2473251075,0.01783011854,0.006354331039,1,0.2551802397,0.01892856695,-0.03948020935,0,1.022366881,-1.418614388,19.61514664
0.1746714562,0.2521686852,0.01853230968,0.008864089847,1,-0.7709304094,0.020543091,-0.4773485959,12.02781391,0.227501601,-1.45472765,25.5620079
0.1746714562,0.257012248,0.01519798301,0.01108833496,1,-1.270530105,0.01881302334,-0.116071105,26.99633217,0.1237757206,-1.755835533,36.11421204
0.1746714562,0.2618558407,0.01297791582,0.01680641621,1,-2.245714664,0.02123397961,-0.01393964887,47.7971077,-0.2704518437,-0.9063982964,52.32467651
0.1746714562,0.2666994035,0.003010734683,0.01541102771,1,-2.4732306,0.01570236683,0.2122290283,49.42110825,-0.8709020019,0.5794409513,78.94579315
0.1746714562,0.2715429962,-0.003219650593,0.01502779685,1,-1.288707495,0.01536882669,0.09338608384,27.06832314,0.2410922647,0.8729727268,102.0926056
0.1746714562,0.276386559,-0.002063471591,0.011635039,1,-0.03522142768,0.01181660127,-0.2075130641,0,0.8066239357,1.193056345,100.0568161
0.1746714562,0.2812301517,0.0005166973569,0.008244030178,1,0.2016582191,0.008260206319,0.1593535542,0,1.167366624,1.101112247,86.41365814
0.1746714562,0.2860737145,0.004567506723,0.007073557936,1,-0.0119022131,0.008420055732,0.3644462824,0,1.245987058,0.1333951354,57.14904022
0.1746714562,0.2909172773,0.006494064815,0.009363140911,1,-0.1789156497,0.01139479224,0.223798871,0,0.9026502371,-0.4138817787,55.25569153
0.1746714562,0.29576087,0.008072971366,0.01016221382,1,-0.1683142483,0.01297857706,-0.1444715559,0,0.8748021126,-0.3447827697,51.5359993
0.1746714562,0.3006044328,0.009915993549,0.0103333639,1,-0.1357582808,0.0143214995,-0.006702244282,0,0.9284301996,-0.5446323156,46.18078613
0.1746714562,0.3054480255,0.01191233937,0.01276772004,1,-0.003910720348,0.01746191643,0.3155249059,0,0.8882960677,-1.133118868,46.98500824
0.1746714562,0.3102915883,0.01419958286,0.01734998263,1,-0.001924604177,0.02241985872,0.1532598138,0,0.7082868814,-1.703568697,50.70239639
0.1746714562,0.315135181,0.01533365995,0.02176141366,1,-0.3078164458,0.02662104927,0.4833033085,0,0.4568179846,-2.57743144,54.83047867
0.1746714562,0.3199787438,0.01492128335,0.032174889,1,-0.1472938061,0.0354664363,-0.1778702736,0,-2.388275385,-3.598088026,65.12023163
0.1746714562,0.3248223364,0.003052433487,0.03832750395,1,-0.6678760052,0.03844885901,-1.267383814,0,-4.138308525,-0.2933411896,85.44652557
0.1746714562,0.3296658993,-0.008357843384,0.02745703794,1,0.9233849049,0.02870091423,0.1239628792,0,-4.799257278,3.139208794,106.9300995
0.1746714562,0.3345094621,-0.01572059654,0.02372297086,1,-1.351563096,0.028459033,0.9159399271,0,-1.002011657,2.400471687,123.5314026
0.1746714562,0.3393530548,-0.01975756511,0.0202665925,1,-0.008312201127,0.02830364183,0.7121456861,0,0.04042197764,2.598744869,134.2713623
0.1746714562,0.3441966176,-0.01556507032,0.01458508149,1,1.353689194,0.02133063599,-0.9366423488,0,1.904662371,1.355184317,136.8616638
0.1746714562,0.3490402102,-0.003975485917,0.009165951051,1,2.12871933,0.009990952909,-1.844854832,0,2.656813145,0.3927944303,113.4474945
0.179515034,0.237637952,0.01507236715,0.006013356149,1,-1.770201206,0.01622765139,1.293278694,0,1.148371935,1.807065248,21.75029755
0.179515034,0.2424815297,0.01356642786,0.004769073799,1,-0.6544404626,0.01438026503,0.1396743208,10.68858528,0.4003126025,-0.1730006486,19.3683567
0.179515034,0.2473251075,0.01384147909,0.007527821697,1,-0.1001891643,0.01575609855,-0.2098250985,0,0.1638551503,-1.309453726,28.53998375
0.179515034,0.2521686852,0.01387479901,0.01009521075,1,-0.2291787267,0.01715876907,-0.2812666297,0,-0.06677586585,-1.384458542,36.03938293
0.179515034,0.257012248,0.01240800228,0.01287120953,1,-0.6512266397,0.01787810214,0.01294338703,12.20030022,-0.3164213598,-1.118559122,46.04974747
0.179515034,0.2618558407,0.00918792095,0.01557573117,1,-0.4576803446,0.01808373071,0.02543306351,0,-0.9034824371,-0.8720560074,59.46419907
0.179515034,0.2666994035,0.005815104581,0.01721826755,1,-0.7169584632,0.01817372255,0.544829607,0,-0.773406446,0.2074038088,71.33869934
0.179515034,0.2715429962,0.001969222911,0.01721007936,1,-0.406886071,0.01732237451,0.3244312704,0,-0.4679647386,1.163437009,83.47245026
0.179515034,0.276386559,0.00157769653,0.01315447781,1,-0.0708732456,0.01324875094,-0.1066800952,0,0.3473366499,1.231864691,83.16083527
0.179515034,0.2812301517,0.003308295039,0.01072673313,1,-0.02750587463,0.01122531202,0.1393789649,0,0.8264285326,0.7648521662,72.85940552
0.179515034,0.2860737145,0.005447340664,0.01012494974,1,-0.2508839667,0.01149730943,0.1742058992,0,0.7726579905,0.05573055893,61.71922684
0.179515034,0.2909172773,0.005835540127,0.01130057592,1,-0.1832298338,0.01271835435,0.0502012372,0,0.4039725363,-0.3457770646,62.68848038
0.179515034,0.29576087,0.006516525056,0.01204290148,1,0.008118987083,0.01369293872,-0.2029574215,0,0.5047752261,-0.3783395588,61.58177185
0.179515034,0.3006044328,0.008319783024,0.01215005293,1,0.08878719807,0.01472557522,-0.1601092964,0,0.5715712309,-0.4884825945,55.5984993
0.179515034,0.3054480255,0.009715022519,0.013633403,1,0.1574400216,0.01674070954,0.03081932664,0,0.3371924758,-0.9055564404,54.52671814
0.179515034,0.3102915883,0.01071557403,0.01668546163,1,0.2351474464,0.01982998103,0.09757018089,2.247892618,-0.186499089,-1.433782458,57.291008
0.179515034,0.315135181,0.009950654581,0.02105062827,1,-0.1941286325,0.02328399569,-0.1256539226,0,-0.7724169493,-1.859471321,64.69985199
0.179515034,0.3199787438,0.006034035236,0.0250833407,1,0.03307950497,0.0257989075,-0.6129004955,0,-1.881413579,-2.034887552,76.47396088
0.179515034,0.3248223364,0.0009981049225,0.02793813311,1,0.2029269934,0.02795595676,-0.1711956859,0,-2.406515121,-0.5601971149,87.95394135
0.179515034,0.3296658993,-0.004639215767,0.02696749941,1,-0.9095884562,0.02736363187,0.01001405716,0,-1.444899917,1.036288857,99.76103973
0.179515034,0.3345094621,-0.01040600706,0.0229673069,1,-0.6594133377,0.02521472238,0.1299512386,0,-1.123473883,1.928654909,114.3742828
0.179515034,0.3393530548,-0.01327476837,0.01825533807,1,-0.1704150438,0.02257159352,0.4446932673,0,-0.8347063065,1.99380374,126.0235977
0.179515034,0.3441966176,-0.01527439058,0.01546406932,1,-0.2426846027,0.02173578739,-0.2508669794,0,-0.1541822255,0.8355441093,134.6464539
0.179515034,0.3490402102,-0.01519702375,0.01299322117,1,-0.4795994461,0.01999433152,-2.279001713,0,0.5115454793,-1.258747339,139.4700775
0.1843586117,0.237637952,0.01706100628,0.01057599578,1,-1.035748601,0.02007310651,-1.443606138,0,-0.9784709811,-0.08796709776,31.79447556
0.1843586117,0.2424815297,0.01218299195,0.007292924449,1,-0.8134849668,0.01419901568,-0.8669958115,0,-0.5470038056,-0.2594396174,30.90538406
0.1843586117,0.2473251075,0.01047137287,0.007633250207,1,-0.2014845163,0.01295824628,-0.3011806905,0,-0.1533672363,-0.7879647017,36.09069061
0.1843586117,0.2521686852,0.01046423987,0.009650700726,1,-0.01689544693,0.01423503924,-0.05472207069,0,-0.1128694564,-1.10286212,42.68396378
0.1843586117,0.257012248,0.009842847474,0.01270999014,1,-0.01658952236,0.01607561857,0.0108486414,0,-0.3110625148,-1.020710826,52.24515152
0.1843586117,0.2618558407,0.008877231739,0.01464713924,1,-0.03183737397,0.01712728478,0.07753887773,0,-0.6264799833,-0.423666507,58.78108597
0.1843586117,0.2666994035,0.006654236,0.01513761748,1,-0.06235209107,0.0165356081,0.1367189884,0,-0.9472893476,0.1192074791,66.27053833
0.1843586117,0.2715429962,0.003986955155,0.01473195758,1,0.1314586997,0.01526192576,0.1219924688,0,-0.8061228395,0.4269212484,74.85662079
0.1843586117,0.276386559,0.003386447905,0.01366067119,1,0.1185349748,0.01407415979,0.01344375312,2.042670012,0.06923037022,0.4990000725,76.07717896
0.1843586117,0.2812301517,0.004896411207,0.0123801278,1,0.06460803747,0.01331324223,-0.03292587399,0,0.409168601,0.3035006523,68.42092133
0.1843586117,0.2860737145,0.005681221839,0.01203116309,1,-0.2562369406,0.01330508012,-0.09552181512,0,0.2905111015,-0.05984013528,64.72290802
0.1843586117,0.2909172773,0.005062420387,0.01220730133,1,-0.201348573,0.01321538165,-0.08047668636,3.114584446,0.113849692,-0.191271618,67.47600555
0.1843586117,0.29576087,0.005257414188,0.01256780699,1,0.05306991935,0.0136231482,-0.08311351389,0,0.3004018366,-0.1790063679,67.29927826
0.1843586117,0.3006044328,0.006774488371,0.01267176587,1,0.1603286415,0.01436897181,-0.0921882987,0,0.3389031887,-0.3132146001,61.87046814
0.1843586117,0.3054480255,0.007675482426,0.01363836508,1,-0.01105099916,0.015649857,-0.03718909621,0,0.2078160048,-0.5814023018,60.62979126
0.1843586117,0.3102915883,0.007727534976,0.01530770492,1,-0.213328436,0.01714761369,0.002831161022,2.049243689,-0.1906974763,-1.095956564,63.21474075
0.1843586117,0.315135181,0.005718551576,0.01896042936,1,-0.2364302874,0.01980403252,0.04161942005,0,-0.9261440039,-1.526268601,73.21645355
0.1843586117,0.3199787438,0.00209651608,0.02290189266,1,-0.1060584188,0.02299765311,0.1234691739,0,-1.175778389,-1.265594482,84.76953125
0.1843586117,0.3248223364,-0.000490124512,0.02568846755,1,0.09032952785,0.02569314279,-0.04717963934,0,-1.202422738,-0.452318728,91.09304047
0.1843586117,0.3296658993,-0.00328999362,0.0248642154,1,0.004770219326,0.02508093417,-0.27119717,0,-1.090634823,0.5986604691,97.53749847
0.1843586117,0.3345094621,-0.005749578122,0.02147525735,1,-0.1081037223,0.02223160677,-0.05464714766,0,-0.8532767296,1.558864594,104.9883041
0.1843586117,0.3393530548,-0.007946514525,0.01704904623,1,-0.5147824287,0.01881002635,0.2150270343,0,-0.927036643,1.549063206,114.9901047
0.1843586117,0.3441966176,-0.01273314096,0.01501374971,1,-1.089268208,0.01968617737,0.007498323917,0,-1.628626585,0.64388901,130.301239
0.1843586117,0.3490402102,-0.02111084945,0.01396663859,1,-1.582654715,0.02531274408,-0.2758528888,0,-1.876640558,0.156516701,146.5119476
0.1892021894,0.237637952,0.007654073182,0.006290784571,1,1.30373621,0.009907512926,-2.140990496,0,-1.115289688,-2.045611143,39.4163475
0.1892021894,0.2424815297,0.008110450581,0.006059796084,1,0.4435573816,0.01012425497,-0.4900145233,0,-0.2552574277,-0.7935291529,36.76557541
0.1892021894,0.2473251075,0.008566118777,0.007760881446,1,0.02526461706,0.01155896485,0.1499340385,0,0.007252604701,-0.5872394443,42.1764946
0.1892021894,0.2521686852,0.008267950267,0.00963035319,1,-0.1625102758,0.0126926247,0.128788501,1.779623985,-0.05416094139,-0.6318126917,49.35290527
0.1892021894,0.257012248,0.007516656537,0.0114449067,1,0.1953935623,0.01369255316,-0.07338055968,0,-0.3515850306,-0.7062144279,56.7043457
0.1892021894,0.2618558407,0.007511424832,0.01269553322,1,0.5992212296,0.01475120522,-0.3751792312,0,-0.6945954561,-0.6822040677,59.38894653
0.1892021894,0.2666994035,0.007054704241,0.01293200534,1,0.5297130346,0.01473111007,-0.4674732983,0,-1.125036478,-0.4619601965,61.3865242
0.1892021894,0.2715429962,0.004627929069,0.01266883034,1,0.5026221275,0.01348766033,-0.01037753839,0,-1.120955586,-0.007004371844,69.93273163
0.1892021894,0.276386559,0.004059758037,0.01291566715,1,0.5565949678,0.01353868842,0.06042614579,0,-0.5584704876,0.1168289483,72.55059814
0.1892021894,0.2812301517,0.004618844949,0.01239563897,1,0.3580340147,0.01322821248,-0.2700018883,1.320958495,-0.2269171327,-0.2405813336,69.56367493
0.1892021894,0.2860737145,0.004694832955,0.01277316641,1,0.07624711841,0.01360864565,-0.3238885403,0,-0.09679786116,-0.4130015373,69.81887817
0.1892021894,0.2909172773,0.004519306123,0.01282726321,1,-0.009971298277,0.01360010263,-0.02027312666,0,0.1239560619,-0.1168353185,70.59160614
0.1892021894,0.29576087,0.00524692703,0.01324087288,1,0.005457296968,0.0142425755,0.1636199355,0,0.3737822771,0.1248615086,68.38319397
0.1892021894,0.3006044328,0.006356182508,0.0130149927,1,-0.0848711431,0.0144841671,0.2856016159,0,0.3887580633,-0.01430673897,63.97032166
0.1892021894,0.3054480255,0.006718826946,0.01469350234,1,-0.6145694256,0.01615678333,0.3714829385,5.340756893,0.4214793444,-0.4089492261,65.42703247
0.1892021894,0.3102915883,0.005420935806,0.01679507643,1,-1.086039782,0.01764826104,0.1519263983,22.32494545,0.2686303258,-0.4708454609,72.11151123
0.1892021894,0.315135181,0.002759641036,0.01770994626,1,-0.6814978123,0.01792366616,0.2629958093,11.41946793,-0.3340476751,-0.3784706295,81.1431427
0.1892021894,0.3199787438,0.0005020620301,0.01990206912,1,0.06765425205,0.01990840025,1.047949076,0,-0.930837512,0.2290005088,88.55492401
0.1892021894,0.3248223364,-0.001421254245,0.02167658694,1,0.4874756634,0.02172312886,0.8939754963,0,-1.221475244,0.5306591988,93.75130463
0.1892021894,0.3296658993,-0.003053121734,0.02166181989,1,0.6097915173,0.0218759235,-0.2544260919,0,-0.9605579376,0.2242677063,98.02268982
0.1892021894,0.3345094621,-0.003120213281,0.01935800351,1,0.1939533055,0.01960785687,-0.8586364388,0,-0.5402135849,0.2569164634,99.15644073
0.1892021894,0.3393530548,-0.004730260465,0.01625855267,1,-0.8110249043,0.01693268865,-0.7522524595,0,-1.046926498,0.5910434723,106.221817
0.1892021894,0.3441966176,-0.01211934537,0.01285164524,1,-1.201006651,0.01766474731,0.06171134114,11.21771526,-1.079286575,1.029854059,133.3202362
0.1892021894,0.3490402102,-0.01577503793,0.01156927831,1,-0.1969507337,0.01956271939,2.019293308,0,-1.312545538,2.548803806,143.7440033
0.1940457672,0.237637952,-0.003217123682,-0.001140744891,1,3.430253983,0.00341338315,-1.202064276,0,0.3616423607,-3.28684783,-160.4762421
0.1940457672,0.2424815297,0.005966048222,0.003908160608,1,1.638628006,0.007132141851,0.4539978504,0,0.7501792312,-1.339460135,33.22748184
0.1940457672,0.2473251075,0.008353250101,0.007546007633,1,0.2571965158,0.01125695463,0.6030254364,0,0.1684712619,-0.6909227371,42.09345627
0.1940457672,0.2521686852,0.008027803153,0.01017549913,1,-0.3485777378,0.01296095736,0.2100058198,0,-0.1234772205,-0.3091668487,51.72887421
0.1940457672,0.257012248,0.006066818722,0.01006065682,1,-0.1552148163,0.01174832415,-0.4846352935,0,-0.726796329,-0.1140286922,58.90900803
0.1940457672,0.2618558407,0.00375571358,0.00838043727,1,0.4868122041,0.009183524176,-1.078683019,0,-1.294968128,-0.4721174538,65.86035156
0.1940457672,0.2666994035,0.002152452478,0.007122709416,1,1.214561105,0.007440836169,-1.168238521,0,-1.184201121,-0.8559890985,73.18540955
0.1940457672,0.2715429962,0.003902764525,0.006868032739,1,1.41363883,0.00789945852,-0.03233908117,0,-0.9816143513,-0.2670943737,60.39256668
0.1940457672,0.276386559,0.0042449967,0.008259764872,1,0.8085346818,0.009286749177,0.3147792816,0,-1.113970637,-0.238290906,62.79970169
0.1940457672,0.2812301517,0.002423361642,0.009546871297,1,0.3679693341,0.009849641472,-0.1504802108,0,-0.8083378673,-0.7560741901,75.75696564
0.1940457672,0.2860737145,0.002112037502,0.0111930063,1,0.5301132798,0.01139052678,-0.191641748,0,-0.1223631501,-0.874840796,79.31434631
0.1940457672,0.2909172773,0.004398324993,0.01285598893,1,0.4630056322,0.01358755678,0.3011048436,0,0.4748670161,-0.3510600924,71.11302185
0.1940457672,0.29576087,0.006654696539,0.01435181778,1,0.1515730172,0.01581959613,0.5084439516,0,0.6103020906,0.07284925878,65.12364197
0.1940457672,0.3006044328,0.008088526316,0.01496582571,1,-0.3161249161,0.01701176725,0.8020329475,0,0.4894089699,-0.08671718836,61.61026764
0.1940457672,0.3054480255,0.007494011428,0.01865654811,1,-1.014930844,0.02010539733,0.8726708293,0,0.6214818358,-0.5525832772,68.11553192
0.1940457672,0.3102915883,0.006182825658,0.02186915465,1,-1.288606167,0.02272635698,0.362393558,0,0.806571722,-0.04779559374,74.21339417
0.1940457672,0.315135181,0.005159240216,0.02064333111,1,-0.3889763653,0.02127827331,0.102781862,0,0.822270751,0.888055563,75.9679184
0.1940457672,0.3199787438,0.008281520568,0.01806562021,1,0.5082876682,0.01987335458,1.272470117,0,-0.2500149608,1.939807534,65.37265015
0.1940457672,0.3248223364,0.00641020434,0.01741103083,1,-0.3289383054,0.01855356246,1.533515573,0,-2.09026289,1.700234056,69.78785706
0.1940457672,0.3296658993,-0.003436068073,0.0172581058,1,-0.6469265819,0.01759684086,-0.02659801021,0,-2.465299129,-0.1315273941,101.2602692
0.1940457672,0.3345094621,-0.008664055727,0.01791926287,1,-0.2491746545,0.019903915,-1.284107924,0,-0.8432564139,-1.005043983,115.8040009
0.1940457672,0.3393530548,-0.008727342822,0.01590643823,1,0.1984303445,0.01814335398,-1.064308047,0,0.0530359894,-0.5861588717,118.7521286
0.1940457672,0.3441966176,-0.007446059026,0.01560331043,1,0.437599659,0.01728892885,0.2067999244,0,1.573811412,1.722883701,115.5109558
0.1940457672,0.3490402102,0.001015083166,0.008563168347,1,2.367511511,0.008623122238,2.012975216,0,1.12623477,4.919966698,83.2396698
