PIVlab, ASCII chart output - 13-Mar-2024
FRAME: 40, filenames: A:[40]2 vortices tapados mismo sentido clase 4.mp4 & B:[41]2 vortices tapados mismo sentido clase 4.mp4, conversion factor xy (px -> m): 0.00030272, conversion factor uv (px/frame -> m/s): 0.0090842
x [m],y [m],u [m/s],v [m/s],Vector type [-],vorticity [1/s],magnitude [m/s],divergence [1/s],dcev [1],simple shear [1/s],simple strain [1/s],vector direction [degrees]
0.1262357086,0.237637952,0.01840010658,-1.412042639e-05,1,-0.5752588511,0.01840011217,-2.382756948,0,-1.526768327,-1.338502407,-0.04396934435
0.1262357086,0.2424815297,0.01330944058,-0.002543084789,1,-0.979988575,0.01355022099,-1.462358475,0,-0.8932139874,-0.5817497969,-10.81733322
0.1262357086,0.2473251075,0.009327104315,-0.004279416986,1,-0.8694351912,0.01026198268,-0.4612146914,0,-0.4279309511,0.1495922506,-24.64637566
0.1262357086,0.2521686852,0.00702554686,-0.005501575768,1,-0.5654699206,0.008923321031,0.2759509087,0,-0.05082851648,0.5180646181,-38.06383896
0.1262357086,0.257012248,0.00634201942,-0.005452111829,1,-0.2255708426,0.008363416418,0.4582076073,0,0.05826513469,0.4803805351,-40.68501282
0.1262357086,0.2618558407,0.006215188652,-0.005608972162,1,-0.1427924037,0.008371925913,0.3333221078,0,0.03390546888,0.4889419079,-42.06505585
0.1262357086,0.2666994035,0.005814617034,-0.006205868442,1,-0.3134566545,0.008504267782,0.2518996298,0,0.1092992648,0.4251030385,-46.86424637
0.1262357086,0.2715429962,0.00522633642,-0.006447896361,1,-0.3995807171,0.008299998008,0.2426902503,0,0.2341180295,0.2347917706,-50.97354126
0.1262357086,0.276386559,0.005013185553,-0.006167611573,1,-0.3289335072,0.007948047481,0.05967263132,0,0.2140248269,0.01141615026,-50.89494324
0.1262357086,0.2812301517,0.004669767339,-0.006214162335,1,-0.217464447,0.007773193996,-0.1106032729,0,0.2142736614,-0.009693350643,-53.07617569
0.1262357086,0.2860737145,0.004997730721,-0.006656376645,1,-0.08597432077,0.008323741145,-0.1751904488,0,0.1931046396,0.01330585778,-53.10010147
0.1262357086,0.2909172773,0.005188659765,-0.007127156015,1,-0.05634410307,0.008815811947,-0.2372424304,0,0.03041015938,-0.07055786997,-53.94491196
0.1262357086,0.29576087,0.004872117657,-0.007463726215,1,0.06452019513,0.008913177997,-0.1634484231,0,-0.2486558706,-0.1381846666,-56.86458969
0.1262357086,0.3006044328,0.004296784289,-0.007249522954,1,0.2288128883,0.008427213877,-0.07390396297,0,-0.6298547983,0.1134824008,-59.34482193
0.1262357086,0.3054480255,0.002929640003,-0.00837134663,1,0.2034793496,0.008869173005,-0.005093187094,0,-0.8303670287,0.6366044283,-70.7119751
0.1262357086,0.3102915883,0.001260405057,-0.0103576351,1,0.1171388328,0.01043404173,-0.07341963053,0,-0.9741432667,1.179704905,-83.06187439
0.1262357086,0.315135181,-0.001221327693,-0.0144409528,1,-0.4959840775,0.01449250709,0.07579427958,0,-0.3654637337,1.385763288,-94.83421326
0.1262357086,0.3199787438,-0.002912084339,-0.01670257188,1,-0.875754118,0.01695453189,0.2721966505,0,-0.02635556459,0.9771760702,-99.89007568
0.1262357086,0.3248223364,-0.005590766203,-0.01785557531,1,-1.121511459,0.01871037856,0.8800616264,0,0.2218806446,0.6646335125,-107.3858795
0.1262357086,0.3296658993,-0.007269516122,-0.01565912925,1,-0.5660277605,0.01726424694,1.048014998,0,-0.09234669805,-0.02139782906,-114.9023895
0.1262357086,0.3345094621,-0.008779644035,-0.01267580688,1,-0.09233009815,0.01541941054,0.6417441368,0,-0.8141440749,-0.384454757,-124.7076416
0.1262357086,0.3393530548,-0.01166009437,-0.01068865508,1,0.4382270277,0.01581787504,0.4904570282,0,-0.7022795677,0.04989495873,-137.4889221
0.1262357086,0.3441966176,-0.01005860325,-0.01054191031,1,0.7973534465,0.01457077172,-0.6442945004,0,0.138577044,-0.0451490581,-133.6560364
0.1262357086,0.3490402102,-0.00712684216,-0.01359066274,1,-0.2900512218,0.01534594316,-1.501652718,0,1.50062418,-0.2427721024,-117.6721802
0.1310792714,0.237637952,0.009388029575,-0.002318468411,1,0.02361139655,0.009670077823,-1.218591809,0,-0.4484926462,-1.212617993,-13.87219715
0.1310792714,0.2424815297,0.008359056897,-0.002332935575,1,-0.1189073026,0.008678503335,-0.6458257437,0,-0.04948199913,-0.4617217779,-15.59392643
0.1310792714,0.2473251075,0.008572422899,-0.003210190218,1,-0.05285466835,0.009153784253,-0.1958964318,0,0.1745461076,0.2009778172,-20.52985764
0.1310792714,0.2521686852,0.008948478848,-0.004255226813,1,-0.1320072711,0.009908694774,0.1881778389,0,0.1408131123,0.5091255903,-25.43226433
0.1310792714,0.257012248,0.008615074679,-0.004764723126,1,-0.107501477,0.009844901972,0.2893645167,0,-0.04568003118,0.4805086851,-28.94557953
0.1310792714,0.2618558407,0.008206532337,-0.005181048531,1,-0.06561696529,0.009705175646,0.23090069,0,-0.1740623116,0.3170607388,-32.26554108
0.1310792714,0.2666994035,0.007454169448,-0.005182045978,1,-0.2731529772,0.00907844957,0.2132855952,4.187204361,-0.103394866,0.1579892635,-34.80654526
0.1310792714,0.2715429962,0.006382693537,-0.004913216457,1,-0.351755023,0.008054717444,0.1575356275,9.00803566,-0.1166636646,0.08953613043,-37.58805466
0.1310792714,0.276386559,0.00518534705,-0.004852685146,1,-0.3102486134,0.007101857569,0.03872700036,8.940644264,-0.1035484746,0.09145052731,-43.10190582
0.1310792714,0.2812301517,0.004378435202,-0.005168586969,1,-0.1734483689,0.006773845758,-0.057326857,4.768757343,0.05377124622,0.1755223572,-49.73125458
0.1310792714,0.2860737145,0.004605681635,-0.005980508402,1,-0.0696259886,0.007548429072,-0.1207493991,0,0.08300447464,0.2402388304,-52.39958191
0.1310792714,0.2909172773,0.004443234764,-0.006917056162,1,-0.1317062676,0.008221192285,-0.1793189347,0,0.03589830548,0.2834922075,-57.28496552
0.1310792714,0.29576087,0.004141628277,-0.008222170174,1,0.03372003883,0.009206365794,-0.2115169913,0,-0.04416689277,0.2864562869,-63.26492691
0.1310792714,0.3006044328,0.004392634612,-0.009329028428,1,0.2733464241,0.01031145081,-0.1405607313,3.346460342,-0.2078176141,0.4071596861,-64.78629303
0.1310792714,0.3054480255,0.004459022079,-0.01087509654,1,0.233813256,0.01175374817,-0.0493645072,0,-0.3273491561,0.7086399198,-67.70532227
0.1310792714,0.3102915883,0.003939586226,-0.01300048176,1,0.08008854091,0.01358428784,0.1444601417,0,-0.5220710635,0.8154031038,-73.14141846
0.1310792714,0.315135181,0.002318245359,-0.01412486099,1,-0.3421563506,0.01431383751,0.3964691758,0,-0.4477479458,0.7361008525,-80.67942047
0.1310792714,0.3199787438,0.0001136231804,-0.01464551408,1,-0.5056865215,0.01464595459,0.3912548125,0,-0.3548546135,0.489800185,-89.55548859
0.1310792714,0.3248223364,-0.00184985227,-0.01460217312,1,-0.68181777,0.01471887995,0.3282897174,15.382061,-0.3291904926,0.300719887,-97.21996307
0.1310792714,0.3296658993,-0.004783273675,-0.01451197732,1,-0.6531715989,0.01527995989,0.1293799877,0,-0.6489056945,0.09257019311,-108.2426682
0.1310792714,0.3345094621,-0.00815654546,-0.01442388259,1,-0.3034549654,0.01657038368,0.01765201241,0,-0.8461511135,-0.2014555335,-119.4876862
0.1310792714,0.3393530548,-0.01035147998,-0.0134507129,1,-0.005590736866,0.01697276719,0.1768460572,0,-0.7318268418,-0.29523471,-127.5813751
0.1310792714,0.3441966176,-0.01172828488,-0.01213732269,1,-0.04586318508,0.01687801071,0.1117098927,0,-0.1605912,-0.7547311783,-134.0180969
0.1310792714,0.3490402102,-0.0113514578,-0.009254038334,1,-0.4049112797,0.01464557275,-0.02521574497,0,0.5605094433,-1.215771794,-140.812088
0.1359228492,0.237637952,0.006624370813,-0.00230078958,1,0.2077988088,0.00701255491,0.03397167474,0,0.3374946415,-0.00483069662,-19.1532383
0.1359228492,0.2424815297,0.007944956422,-0.002206818433,1,0.2646314204,0.008245749399,0.1632956564,0,0.29845348,0.3444005549,-15.52334785
0.1359228492,0.2473251075,0.009351716377,-0.003177985316,1,0.2918525636,0.009876952507,0.1218352765,4.7619133,0.2156294137,0.5292474627,-18.76925468
0.1359228492,0.2521686852,0.01040298492,-0.004180151038,1,0.1177906245,0.01121141203,0.06750364602,2.822568655,0.03070273995,0.4751967192,-21.89136124
0.1359228492,0.257012248,0.01007095445,-0.005152675323,1,-0.07433381677,0.01131256763,0.01524150372,0,-0.2423136532,0.418679595,-27.09597588
0.1359228492,0.2618558407,0.008869278245,-0.006134234834,1,-0.1563168615,0.01078392006,0.1073299646,0,-0.351167798,0.1550132632,-34.66879272
0.1359228492,0.2666994035,0.007612912916,-0.005383633077,1,-0.1556961983,0.009324159473,0.1148541123,0,-0.3493503928,-0.05547866225,-35.26685333
0.1359228492,0.2715429962,0.006423045881,-0.005309214815,1,-0.07418191433,0.008333263919,0.02632090636,0,-0.3323777616,-0.0185195338,-39.57674026
0.1359228492,0.276386559,0.005643709563,-0.005166444927,1,-0.06408779323,0.007651379798,0.09266919643,0,-0.1796969473,0.05228445679,-42.47205353
0.1359228492,0.2812301517,0.005242255516,-0.005113608204,1,-0.01595317386,0.007323266473,0.09164723009,0,0.002074315678,0.2466267347,-44.28826904
0.1359228492,0.2860737145,0.005576486234,-0.005917100236,1,0.03405238315,0.008130760863,0.03078651428,0,0.05905568972,0.2788979411,-46.69747162
0.1359228492,0.2909172773,0.005693230312,-0.006315351464,1,-0.1443309039,0.008502736688,-0.01001825929,3.812193394,0.07384687662,0.3871833384,-47.96563339
0.1359228492,0.29576087,0.005235091317,-0.00784097705,1,-0.1333690733,0.009427995421,-0.05089557171,1.611268878,0.1116588488,0.6231358051,-56.27062607
0.1359228492,0.3006044328,0.005588075146,-0.009580074809,1,0.08081648499,0.0110907359,0.05371767282,0,0.1024768129,0.7243787646,-59.74490738
0.1359228492,0.3054480255,0.006122886669,-0.01108937617,1,0.04108756781,0.01266743895,0.04686173797,0,0.02528792806,0.8095546961,-61.09516144
0.1359228492,0.3102915883,0.005909570027,-0.01327423751,1,-0.1392896175,0.01453025825,0.01084798574,0,-0.2444209456,0.8084024787,-66.00180817
0.1359228492,0.315135181,0.004264354706,-0.01495239325,1,-0.2413572073,0.0155485943,0.04641920328,0,-0.6988987327,0.6033979058,-74.08209229
0.1359228492,0.3199787438,0.001355367363,-0.01597200707,1,-0.2600372732,0.01602941193,0.06581924856,0,-1.145632029,0.3125804663,-85.14956665
0.1359228492,0.3248223364,-0.002544113901,-0.01614760049,1,-0.2449398041,0.0163467899,-0.1084035337,0,-1.313794851,-0.1772658825,-98.95355988
0.1359228492,0.3296658993,-0.006194484886,-0.01563846692,1,-0.3187665045,0.01682062075,-0.3664225042,0,-1.152422309,-0.5405105352,-111.6087952
0.1359228492,0.3345094621,-0.009669909254,-0.01530439407,1,-0.3731828034,0.01810335927,-0.3441499472,0,-0.8736296892,-0.6398479342,-122.2862854
0.1359228492,0.3393530548,-0.01223351806,-0.01420623064,1,-0.2472336739,0.01874769293,-0.0280739069,0,-0.4760359526,-0.8966035247,-130.7329865
0.1359228492,0.3441966176,-0.01317312196,-0.01109760348,1,-0.2664444447,0.0172246322,-0.02235013247,7.810378551,0.07977779955,-1.114858866,-139.8877869
0.1359228492,0.3490402102,-0.01313765254,-0.008914579637,1,-0.5356507897,0.01587663777,0.395262599,0,0.5502967238,-0.5061442852,-145.8410645
0.1407664269,0.237637952,0.009529176168,-0.001690276549,1,0.07594543695,0.009677925147,0.366604358,0,0.4562837481,0.5643256307,-10.05845356
0.1407664269,0.2424815297,0.01081812289,-0.002169115702,1,0.2835019827,0.01103344187,0.3258630335,0,0.1700505018,0.7158859968,-11.33789349
0.1407664269,0.2473251075,0.0117259929,-0.003579383017,1,0.1455659866,0.01226013433,0.1743281484,0,0.01112961769,0.6921123266,-16.97491646
0.1407664269,0.2521686852,0.01157709025,-0.004677043762,1,-0.017125763,0.01248614304,0.04150313139,0,-0.1912303865,0.4542076886,-21.99827957
0.1407664269,0.257012248,0.01071680523,-0.00557834655,1,-0.1031116694,0.01208171621,-0.03582592309,0,-0.330426991,0.2630813122,-27.49802589
0.1407664269,0.2618558407,0.009477212094,-0.006124824286,1,-0.1633589119,0.01128410455,-0.006009995937,0,-0.450865984,0.1058244109,-32.87331772
0.1407664269,0.2666994035,0.007741759066,-0.00612002518,1,-0.09674230218,0.009868614376,-0.01504104584,0,-0.534347415,-0.006992498413,-38.32712173
0.1407664269,0.2715429962,0.006420480087,-0.006163808051,1,-0.06105858088,0.00890028663,0.05091205984,0,-0.3217819333,-0.09513249248,-43.83154297
0.1407664269,0.276386559,0.005887441337,-0.005412647035,1,-0.01122520491,0.007997419685,0.1850175261,0,-0.07209928334,-0.03848227113,-42.59402466
0.1407664269,0.2812301517,0.00601689145,-0.005081269424,1,0.01736950688,0.007875422947,0.1094166785,0,0.02768416889,0.2016534358,-40.18111801
0.1407664269,0.2860737145,0.006105662324,-0.00585940294,1,-0.02203187905,0.008462370373,0.03950884193,0,0.07430159301,0.2003461719,-43.82093048
0.1407664269,0.2909172773,0.00627006311,-0.005860295147,1,-0.01410084218,0.008582350798,-0.006856799126,0,0.1808486581,0.2359297276,-43.06526184
0.1407664269,0.29576087,0.006913318299,-0.007035358343,1,0.002930670977,0.009863581508,-0.05193966627,0,0.3875538111,0.6425510645,-45.50127792
0.1407664269,0.3006044328,0.008161405101,-0.00922411494,1,-0.01950366795,0.01231636479,0.07811355591,0,0.3692086935,0.8866615295,-48.49791718
0.1407664269,0.3054480255,0.008607141674,-0.01095162332,1,-0.1894475073,0.01392913982,0.1329859793,0,0.1370656639,1.017782092,-51.83535385
0.1407664269,0.3102915883,0.007907689549,-0.01350969356,1,-0.3872339427,0.01565386169,0.06845879555,8.55619812,-0.2613479197,1.181143641,-59.65808868
0.1407664269,0.315135181,0.005465684924,-0.01634099893,1,-0.3593420684,0.01723084413,-0.09968414903,0,-0.8714129925,1.020411015,-71.50611115
0.1407664269,0.3199787438,0.001946431701,-0.01893496141,1,-0.2045933008,0.01903474145,-0.1342614442,0,-1.59143424,0.5755974054,-84.13085175
0.1407664269,0.3248223364,-0.003233514261,-0.01977925561,1,-0.1375812292,0.02004181966,-0.1961163878,0,-2.158759594,-0.2756252885,-99.28458405
0.1407664269,0.3296658993,-0.009176074527,-0.01854985394,1,-0.122836411,0.0206953492,-0.5189803839,0,-1.877571583,-1.124200106,-116.3202667
0.1407664269,0.3345094621,-0.01292261574,-0.01684783585,1,-0.2014333606,0.02123307809,-0.4034298658,0,-0.9659170508,-1.227390885,-127.4889069
0.1407664269,0.3393530548,-0.01483022701,-0.01455893461,1,-0.5632465482,0.0207821615,-0.1807724237,12.99000645,-0.3273821771,-1.499522328,-135.5289001
0.1407664269,0.3441966176,-0.0172364451,-0.01046036836,1,0.148232609,0.02016220056,0.2834596038,0,0.4591087997,-1.897731066,-148.7474823
0.1407664269,0.3490402102,-0.01188852172,-0.003994167317,1,0.6587198973,0.01254154369,1.390892267,0,1.549526572,-1.279109716,-161.4292755
0.1456100047,0.237637952,0.01113340259,-0.000458591443,1,0.241462782,0.0111428434,-0.2976920307,0,0.5254686475,0.6510851383,-2.358713627
0.1456100047,0.2424815297,0.01299074851,-0.002756329486,1,0.2284318209,0.01327994373,0.1430216134,0,0.2701635659,0.8389011621,-11.97915459
0.1456100047,0.2473251075,0.01354838815,-0.003829138353,1,-0.01410180703,0.01407910232,0.194527939,0,-0.02445434779,0.6625933051,-15.7817173
0.1456100047,0.2521686852,0.01280399878,-0.005023440346,1,-0.2030081749,0.01375417504,0.1460928619,0,-0.2876845002,0.6466649771,-21.42175102
0.1456100047,0.257012248,0.01117168367,-0.00625369465,1,-0.2244630307,0.01280293707,0.01535314322,0,-0.4880808592,0.5321936607,-29.23926544
0.1456100047,0.2618558407,0.009352737106,-0.007526797708,1,-0.1016209722,0.01200526487,-0.1703089178,0,-0.6551526785,0.0876641497,-38.8260498
0.1456100047,0.2666994035,0.00750619173,-0.007503207307,1,-0.07144248486,0.01061324775,-0.06360132992,0,-0.5776389241,-0.2607178092,-44.9886055
0.1456100047,0.2715429962,0.006208860781,-0.006572048645,1,-0.1164999753,0.009041115642,0.09336827695,0,-0.1214908957,-0.3282031417,-46.62770081
0.1456100047,0.276386559,0.006353464443,-0.005461293273,1,0.02524524368,0.008378080092,0.1135762781,0,0.08626055717,-0.1978464872,-40.68160248
0.1456100047,0.2812301517,0.006748947781,-0.005063648336,1,-0.05675737187,0.008437347598,0.04586327076,0,0.1361982822,0.04363522679,-36.8804245
0.1456100047,0.2860737145,0.006738242693,-0.005450501572,1,-0.1962082982,0.008666710928,0.05016341433,0,0.2073189318,0.1136394292,-38.96907043
0.1456100047,0.2909172773,0.006802762859,-0.005371098407,1,-0.09907242656,0.008667541668,0.07036679983,0,0.3793447912,0.1792787313,-38.29273987
0.1456100047,0.29576087,0.008095763624,-0.00597802503,1,0.01502293348,0.01006370597,0.01662513614,0,0.6989690065,0.4968936741,-36.44268036
0.1456100047,0.3006044328,0.01026103832,-0.007697316352,1,-0.04221534729,0.01282722037,0.03122082353,0,0.7856653333,0.7599918842,-36.87539291
0.1456100047,0.3054480255,0.01169672143,-0.009507884271,1,-0.266536355,0.01507359184,0.1805321574,0,0.6177392006,1.20605135,-39.10653687
0.1456100047,0.3102915883,0.0119621167,-0.01266449876,1,-0.7171680927,0.01742072776,0.114248693,21.60240746,0.1034162939,1.750387192,-46.63370514
0.1456100047,0.315135181,0.008723966777,-0.01743264869,1,-0.9130421281,0.01949371211,-0.03362190723,11.31066799,-0.8354802132,2.036083698,-63.41485596
0.1456100047,0.3199787438,0.003493012628,-0.02268927917,1,-0.9373636246,0.02295657992,-0.05967986584,0,-1.860774279,1.696188927,-81.24803162
0.1456100047,0.3248223364,-0.004829031415,-0.02593733557,1,-1.379341125,0.02638304234,-0.416266799,0,-2.263910055,-0.1172350496,-100.546608
0.1456100047,0.3296658993,-0.0141533576,-0.02413766272,1,-0.2657235861,0.02798114158,-0.1021419764,0,-2.364547729,-1.532928705,-120.3856506
0.1456100047,0.3345094621,-0.01756891608,-0.01900723018,1,-0.6235134602,0.02588323131,0.3497282267,0,-0.660413146,-1.936569333,-132.7480774
0.1456100047,0.3393530548,-0.02037215605,-0.01306380332,1,-0.8527709246,0.02420098521,-0.02209156752,25.90381432,0.1460504234,-1.965981007,-147.3296661
0.1456100047,0.3441966176,-0.02099197172,-0.009591850452,1,0.2788245082,0.02307956852,0.3159729242,0,1.326586008,-1.431478262,-155.4429474
0.1456100047,0.3490402102,-0.01259622537,-0.004599888343,1,1.599221468,0.01340984181,0.8414459229,0,1.867522001,-1.219818354,-159.9388275
0.1504535824,0.237637952,0.01124086324,-0.0003146721574,1,0.6282336116,0.01124526653,-0.3196310103,0,1.16105485,0.3626384437,-1.603496075
0.1504535824,0.2424815297,0.01557414234,-0.00196698471,1,0.2218486369,0.01569786482,-0.02211174369,0,0.7354319096,0.6622695923,-7.198236465
0.1504535824,0.2473251075,0.01587752625,-0.003629526356,1,-0.1703431308,0.01628709026,0.05748310685,2.525167942,0.1378737986,0.701675415,-12.87629604
0.1504535824,0.2521686852,0.01541687455,-0.005087180063,1,-0.3753277361,0.01623451337,0.183303982,9.093750954,-0.1426033676,0.8492742777,-18.26158905
0.1504535824,0.257012248,0.01336889062,-0.006855200045,1,-0.7098278403,0.01502401382,0.06115761399,11.5885849,-0.5991134048,0.8289202452,-27.14750671
0.1504535824,0.2618558407,0.009076915681,-0.008805898018,1,-0.8234162331,0.0126465112,-0.2098517716,13.61394215,-0.6626746655,0.1445612013,-44.13173676
0.1504535824,0.2666994035,0.006170894019,-0.008571826853,1,-0.534311831,0.01056201477,0.03739666939,14.5353632,-0.2489679307,-0.5030955672,-54.24972916
0.1504535824,0.2715429962,0.005283039063,-0.006187981926,1,-0.1978594661,0.008136438206,0.2186505497,0,0.05506790429,-0.4946057498,-49.51068878
0.1504535824,0.276386559,0.005479271989,-0.005117114633,1,-0.004921980202,0.007497151382,0.004134401679,0,0.2459308803,-0.4173119664,-43.0425415
0.1504535824,0.2812301517,0.00645038439,-0.004146673717,1,-0.1433429867,0.007668269798,-0.1534357816,0,0.4364697337,-0.4037109613,-32.73521805
0.1504535824,0.2860737145,0.006899054162,-0.003904887475,1,-0.3240034878,0.007927489467,-0.08157009631,0,0.5364207029,-0.2061952055,-29.51000595
0.1504535824,0.2909172773,0.007479240652,-0.003543044208,1,-0.2520207167,0.00827600155,0.02366205864,0,0.7684844732,-0.01397028752,-25.34771347
0.1504535824,0.29576087,0.009400586598,-0.00372261228,1,-0.146343708,0.01011082903,-0.07062615454,0,1.078395367,0.2744011283,-21.60346031
0.1504535824,0.3006044328,0.0119937053,-0.0052142106,1,-0.0532438755,0.01307811029,-0.03453725576,0,1.276013613,0.5736812353,-23.4967823
0.1504535824,0.3054480255,0.01532316674,-0.006668565795,1,-0.2804397345,0.01671135053,0.1893295646,0,1.301481128,1.081421852,-23.51843643
0.1504535824,0.3102915883,0.0169391986,-0.009535129182,1,-1.053049088,0.01943849586,0.05805397034,7.829139709,1.02034533,1.977452517,-29.37530136
0.1504535824,0.315135181,0.0151647646,-0.01596532203,1,-1.793583393,0.02201957256,0.02417838573,54.34132385,0.3347015381,2.888268471,-46.47312164
0.1504535824,0.3199787438,0.00987299066,-0.02340757288,1,-2.93329072,0.02540453523,0.641771853,77.01899719,-1.398700476,2.313761473,-67.13066101
0.1504535824,0.3248223364,-0.005817572121,-0.02406373434,1,-4.092452049,0.02475696802,0.08426266909,117.7029572,-1.475468636,1.180167317,-103.5908737
0.1504535824,0.3296658993,-0.01709566638,-0.02871567197,1,-2.22709322,0.03341932967,0.4184080958,62.46236801,-0.8266571164,-1.034483671,-120.7671432
0.1504535824,0.3345094621,-0.02060860395,-0.01702656224,1,-1.637000322,0.02673234604,0.3793720007,48.98232269,0.1166478395,-3.542234659,-140.4369354
0.1504535824,0.3393530548,-0.02445961162,-0.009721065871,1,-0.9117671251,0.02632055804,0.3791793585,20.57461357,0.4924743176,-2.024231911,-158.3254852
0.1504535824,0.3441966176,-0.02263948135,-0.005385453813,1,0.5173147321,0.02327121049,0.1584495306,0,1.699727058,-1.292220592,-166.6192474
0.1504535824,0.3490402102,-0.01372119784,-0.002694632392,1,1.572780371,0.01398328692,0.009113013744,0,2.109727383,-1.101971865,-168.8893738
0.1552971601,0.237637952,0.01134171244,0.002122169826,1,0.6538591385,0.0115385456,-0.4949832261,0,1.307373047,0.492269963,10.59817505
0.1552971601,0.2424815297,0.01609140262,-0.0002687489032,1,0.1548271775,0.01609364711,-0.367577672,0,1.059919357,0.5529062748,-0.9568305016
0.1552971601,0.2473251075,0.01722543128,-0.002336265752,1,-0.2219766229,0.01738314144,-0.08010259271,0,0.5758408308,0.6688216925,-7.723831654
0.1552971601,0.2521686852,0.01780537143,-0.003896221751,1,-0.6255955696,0.01822667941,0.01766481996,17.45781136,0.2658224702,0.715739727,-12.34306812
0.1552971601,0.257012248,0.01548284478,-0.005717440508,1,-1.578864813,0.01650477573,-0.09877046943,48.07281494,-0.2315479517,0.4900529087,-20.26796913
0.1552971601,0.2618558407,0.009036497213,-0.006748233456,1,-2.004106998,0.01127816178,-0.02987803333,61.71374893,-0.1084432602,0.05346558243,-36.75147247
0.1552971601,0.2666994035,0.00525054289,-0.006121121813,1,-1.211359501,0.008064511232,0.1033118814,35.61027527,0.3516134918,-0.1859904081,-49.37784195
0.1552971601,0.2715429962,0.004872250371,-0.005346975289,1,-0.6481236815,0.007233876269,0.09801328182,13.66868305,0.4626541734,-0.2890670896,-47.65970993
0.1552971601,0.276386559,0.00435220683,-0.004246267956,1,-0.7185323238,0.006080501247,-0.02487775683,14.28223705,0.5488465428,-0.6631858349,-44.29411316
0.1552971601,0.2812301517,0.004050364252,-0.002255280502,1,-0.4570233226,0.004635918885,-0.2065787017,0,0.6618764997,-0.8183780909,-29.10946655
0.1552971601,0.2860737145,0.005344429053,-0.001282969839,1,-0.2860212028,0.005496265367,-0.09547206759,0,0.8639720678,-0.4726898968,-13.4988451
0.1552971601,0.2909172773,0.006849705707,-0.0004282022128,1,-0.2434071004,0.006863076705,0.01853928715,0,1.015219688,-0.2368635833,-3.577130795
0.1552971601,0.29576087,0.009082763456,-4.590621029e-05,1,-0.05885607004,0.009082879871,-0.0794839412,0,1.302300215,0.09203231335,-0.2895825505
0.1552971601,0.3006044328,0.01287242398,-0.001258954522,1,0.1416832209,0.01293384191,-0.03677454591,0,1.668743134,0.3348147273,-5.585901737
0.1552971601,0.3054480255,0.01785170473,-0.001845727675,1,-0.1582072377,0.01794686913,0.1080523878,0,2.005772829,0.3894346952,-5.902964115
0.1552971601,0.3102915883,0.02182125114,-0.002621851629,1,-1.11301899,0.02197819576,-0.02539771795,0,2.140962601,1.064376593,-6.851318836
0.1552971601,0.315135181,0.02283062972,-0.007124134805,1,-2.7019701,0.02391633205,-0.005034089088,60.04909134,1.873474598,2.603475571,-17.33016014
0.1552971601,0.3199787438,0.01780836843,-0.01525637135,1,-5.09437418,0.02344983816,0.6919646263,154.3766479,0.6482195854,1.959134579,-40.58655548
0.1552971601,0.3248223364,0.001295333495,-0.01326177083,1,-6.407463074,0.01332488097,0.8938676119,194.0972748,-0.8073968887,1.327053428,-84.42137146
0.1552971601,0.3296658993,-0.01713736728,-0.01735454053,1,-6.813138962,0.02438994497,0.3209556937,209.763855,-0.2444381714,-0.2464926243,-134.639267
0.1552971601,0.3345094621,-0.03288848698,-0.01051329914,1,-3.149659872,0.03452799097,0.05380904675,93.63712311,0.8367562294,-2.236293554,-162.2727356
0.1552971601,0.3393530548,-0.02834009565,-0.00626225071,1,-0.5228818059,0.0290237274,-0.266512692,0,1.845252991,-1.639166355,-167.5396881
0.1552971601,0.3441966176,-0.02648347989,-0.003864744911,1,0.4332415462,0.0267639868,-0.1710380018,0,1.724362612,-1.051194429,-171.697403
0.1552971601,0.3490402102,-0.01788957231,-0.001999144442,1,1.481705904,0.01800092682,0.3668644428,0,2.066861629,-0.4034730196,-173.6236877
0.1601407379,0.237637952,0.01122772135,0.002850673627,1,0.8442797065,0.01158395782,0.2060587406,0,1.321092367,0.3851718903,14.24614429
0.1601407379,0.2424815297,0.01647179574,0.002416899428,1,0.1660383344,0.01664816588,-0.1753197461,0,1.382674694,0.3647581339,8.347419739
0.1601407379,0.2473251075,0.01872903295,0.0002347645204,1,-0.4584155381,0.01873050444,-0.1680770516,0,0.97402215,0.4897893667,0.7181529999
0.1601407379,0.2521686852,0.01896917634,-0.000769527629,1,-1.217985392,0.01898477972,0.1180248708,34.02355957,0.5026173592,0.2344949096,-2.32305932
0.1601407379,0.257012248,0.0152640976,-0.000329366303,1,-2.09128952,0.0152676506,0.0838592127,64.40937042,0.07253110409,-0.1526238918,-1.236127496
0.1601407379,0.2618558407,0.009191163816,0.0003758966632,1,-2.146617889,0.009198847227,0.0700424239,65.92062378,0.1865660548,0.2087991536,2.341955423
0.1601407379,0.2666994035,0.00577043416,-0.001001445344,1,-1.442305326,0.0058566886,0.0721372366,42.26136017,0.4443841279,0.3165308833,-9.845485687
0.1601407379,0.2715429962,0.004357655067,-0.0008078429964,1,-1.309519649,0.004431903362,0.163675949,36.13872528,0.5613429546,-0.25398615,-10.50253391
0.1601407379,0.276386559,0.002146582585,0.001021533506,1,-1.205568075,0.002377256285,-0.1235668361,31.79530334,0.6126739979,-0.5531351566,25.44923019
0.1601407379,0.2812301517,0.001485926332,0.001272804453,1,-0.4613336921,0.001956529683,-0.2978539467,0,0.8743620515,-0.4307435751,40.58246994
0.1601407379,0.2860737145,0.004147117492,0.001665194635,1,-0.07398539782,0.004468943458,-0.007955178618,0,1.093037605,-0.2723077536,21.87697029
0.1601407379,0.2909172773,0.006421769969,0.002553212689,1,-0.07449698448,0.006910718046,0.06979573518,0,1.171671152,-0.1789994538,21.682127
0.1601407379,0.29576087,0.00946136564,0.00287025352,1,0.08316987753,0.009887153283,-0.06518230587,0,1.365246296,0.01141181029,16.87599754
0.1601407379,0.3006044328,0.01343728602,0.002182223136,1,0.07164847851,0.0136133302,-0.001035667956,0,1.636059999,-0.1956410706,9.224337578
0.1601407379,0.3054480255,0.01773278415,0.003812839976,1,-0.2163657546,0.01813806407,0.2499149889,0,1.978345871,-0.5849142671,12.13477898
0.1601407379,0.3102915883,0.02197157405,0.006225783378,1,-0.5669025183,0.02283660322,0.06872628629,0,2.635153294,-0.4233396053,15.82040977
0.1601407379,0.315135181,0.02775051817,0.006196199451,1,-2.654663801,0.02843385562,-0.01638147235,0,2.807902336,0.3590965271,12.58667374
0.1601407379,0.3199787438,0.0227137953,0.004407126456,1,-6.327840805,0.02313739993,-0.1597287506,188.6101074,1.618329287,0.4876397848,10.98058224
0.1601407379,0.3248223364,0.004939631559,0.00306061958,1,-8.269357681,0.005810968112,-0.09437768161,255,0.1248011589,0.1754198521,31.78255272
0.1601407379,0.3296658993,-0.01673499867,0.003100341186,1,-8.012954712,0.01701976173,-0.1220427454,246.5136719,0.5557854176,0.03872017935,169.5043182
0.1601407379,0.3345094621,-0.03117963672,0.002281954279,1,-4.448681831,0.03126303107,0.1590526253,133.9648438,0.9481875896,0.4380121827,175.8141327
0.1601407379,0.3393530548,-0.03368991613,0.001749178977,1,-1.519101739,0.0337352939,0.05956445634,0,2.06006074,0.3514484167,177.0278778
0.1601407379,0.3441966176,-0.02855945937,0.0008681917097,1,0.9251520634,0.02857265249,0.5581675768,0,3.160959959,0.890476346,178.2587738
0.1601407379,0.3490402102,-0.01389851421,0.000139615353,1,2.378578663,0.0138992155,0.1001036018,0,3.675169468,0.4009448886,179.424469
0.1649843156,0.237637952,0.01420538407,0.004431649111,1,0.3339235187,0.0148806069,0.6415865421,0,0.8237240911,0.1491925716,17.32633781
0.1649843156,0.2424815297,0.01700896211,0.005624123383,1,-0.1176550388,0.01791467518,0.1752190292,0,1.062883139,0.1400780678,18.29680252
0.1649843156,0.2473251075,0.01878366992,0.004601857159,1,-0.5034123063,0.01933916658,-0.04772679508,0,1.020357847,0.19723095,13.76589203
0.1649843156,0.2521686852,0.01951282844,0.004437651485,1,-1.336432576,0.02001107857,0.07957664132,36.96069336,0.586181879,0.04626746476,12.81241226
0.1649843156,0.257012248,0.01514977776,0.004763192497,1,-1.863518715,0.01588092372,0.1400026828,57.30917358,-0.02057212591,0.1162448674,17.45350075
0.1649843156,0.2618558407,0.01038708817,0.004552724306,1,-1.53401649,0.01134102792,0.234719336,46.60598373,-0.1211010218,0.5951939225,23.66813278
0.1649843156,0.2666994035,0.007133087143,0.003017205745,1,-1.459100008,0.007744963747,0.2873722315,43.54548264,0.2302023172,0.460391283,22.92774773
0.1649843156,0.2715429962,0.004434825853,0.003714693245,1,-1.547534227,0.005785034504,0.1818944216,46.50690079,0.2966947556,-0.1367383599,39.95017242
0.1649843156,0.276386559,0.001074548345,0.004560528323,1,-1.061089993,0.004685410764,-5.38751483e-05,31.78164864,0.2531168759,-0.1031950191,76.74182892
0.1649843156,0.2812301517,0.0005213455297,0.004214265384,1,-0.2827529013,0.004246390425,-0.1469618082,0,0.8840451241,-0.1075423285,82.94778442
0.1649843156,0.2860737145,0.003986953758,0.004369596951,1,0.01983827353,0.005915164948,0.03386314213,0,1.177508354,-0.253826797,47.62171936
0.1649843156,0.2909172773,0.006320768967,0.005607709754,1,-0.1807258725,0.008449764922,0.159220919,0,1.179030895,-0.2112353295,41.57904816
0.1649843156,0.29576087,0.008822321892,0.00616393052,1,-0.1591454744,0.01076231431,-0.03592845798,0,1.315116525,-0.182655707,34.94101715
0.1649843156,0.3006044328,0.01191980485,0.00631839456,1,-0.1156718135,0.01349088084,-0.06081843376,0,1.644869566,-0.6018643975,27.92695808
0.1649843156,0.3054480255,0.01622910984,0.008784528822,1,-0.1162191629,0.01845405065,0.1503815055,0,1.805848122,-1.205880642,28.4258976
0.1649843156,0.3102915883,0.02010365389,0.01288755517,1,-0.3285636902,0.02387982421,0.3968179226,0,2.034221649,-1.781262159,32.66212082
0.1649843156,0.315135181,0.02449059673,0.01933422871,1,-1.839273095,0.03120259196,-0.2362291813,20.91482353,1.693301797,-2.37183404,38.28951263
0.1649843156,0.3199787438,0.01939663105,0.02323152311,1,-4.850616455,0.03026438318,-0.2152352929,149.3917084,0.1427891254,-1.879658461,50.14057541
0.1649843156,0.3248223364,0.001687867567,0.02739599161,1,-7.156012535,0.02744793706,-0.4252231121,219.8400116,-0.4700815678,-0.6146068573,86.47446442
0.1649843156,0.3296658993,-0.0175409466,0.02414881811,1,-6.25630188,0.02984711342,-0.873745203,190.8647766,-0.285251379,1.556105614,125.9934769
0.1649843156,0.3345094621,-0.02999655716,0.01562685706,1,-3.092170477,0.0338229537,-0.2505536079,86.56008911,1.273602247,2.448921442,152.4825134
0.1649843156,0.3393530548,-0.02634932287,0.01107370108,1,-0.3092335463,0.02858170122,0.4038968086,0,2.483183622,2.192304611,157.2046814
0.1649843156,0.3441966176,-0.01946686022,0.006964564789,1,0.04112243652,0.02067519724,0.2121599317,0,2.20651722,1.614575148,160.3145599
0.1649843156,0.3490402102,-0.01546270493,0.004280994181,1,-0.03825694323,0.01604438014,-0.2258704603,0,1.691639185,0.8822205067,164.5247498
0.1698278934,0.237637952,0.01505792141,0.005223060958,1,0.2805000246,0.01593804732,0.6592816114,0,0.9339082241,-0.5430803299,19.1298542
0.1698278934,0.2424815297,0.01799896173,0.008134927601,1,0.07440331578,0.01975195296,0.20568946,0,0.8330346346,-0.2882022858,24.32137489
0.1698278934,0.2473251075,0.01945316792,0.007615264039,1,-0.4122054577,0.02089061961,-0.05957836658,0,0.7383590937,-0.1437883079,21.37867928
0.1698278934,0.2521686852,0.01957871206,0.008542804979,1,-1.124138594,0.02136130817,-0.04043935984,30.78510857,0.515514195,-0.2431462109,23.57314873
0.1698278934,0.257012248,0.01650525257,0.008597088978,1,-1.494842529,0.01861003228,0.04301598668,45.74904251,0.1801533103,0.3162318468,27.5136528
0.1698278934,0.2618558407,0.01321091317,0.007219462655,1,-1.457406759,0.01505486201,0.2439079136,44.31442642,-0.01112908125,0.5363088846,28.65559769
0.1698278934,0.2666994035,0.009392284788,0.007180822082,1,-1.84379673,0.01182282623,0.2955429554,56.09989548,0.06111830473,0.1086230576,37.39953232
0.1698278934,0.2715429962,0.004576371983,0.008124823682,1,-1.838671446,0.009325017221,0.07021819055,56.18398285,0.2394824028,0.02765165269,60.60926819
0.1698278934,0.276386559,0.001646488556,0.007386996411,1,-1.343583584,0.007568265311,0.02416988462,39.02740479,0.4510293603,0.2720325887,77.43473053
0.1698278934,0.2812301517,0.0002532158105,0.006924281362,1,-0.6690550447,0.006928910036,0.1008544341,0,0.9653685689,0.1245016828,87.90567017
0.1698278934,0.2860737145,0.003081706353,0.007272459101,1,-0.09031003714,0.007898453623,0.2321415544,0,1.311852694,-0.2251703441,67.03518677
0.1698278934,0.2909172773,0.006169834174,0.009139300324,1,-0.179923594,0.01102695148,0.3378660977,0,1.278477192,-0.2275211066,55.97717667
0.1698278934,0.29576087,0.008402636275,0.01001095586,1,-0.371219933,0.01306994818,0.1219124049,0,1.208967686,-0.2022780329,49.99177933
0.1698278934,0.3006044328,0.01022753026,0.01070954185,1,-0.4079186022,0.01480866875,0.0355553925,0,1.278712034,-0.6068553925,46.31882477
0.1698278934,0.3054480255,0.01262039226,0.01312252227,1,-0.258451283,0.01820645109,0.0723567009,0,1.298670053,-1.364716411,46.11744308
0.1698278934,0.3102915883,0.01526591089,0.01767011732,1,-0.4700235128,0.02335125394,0.03085577488,0,0.9857102633,-2.071717739,49.17496872
0.1698278934,0.315135181,0.01511816122,0.02330650017,1,-0.8610202074,0.02778042108,-0.4574090242,20.45455551,0.3038088977,-2.712551594,57.02985001
0.1698278934,0.3199787438,0.01256701443,0.02859307639,1,-2.157841682,0.03123289719,0.09888529778,59.16052246,-0.9834367037,-2.407102346,66.27391815
0.1698278934,0.3248223364,-9.686584963e-05,0.03544444591,1,-3.035250187,0.03544458002,0.2957127392,59.22058487,-2.332052231,-0.4121344984,90.15657806
0.1698278934,0.3296658993,-0.01342993323,0.03202158958,1,-2.475068808,0.03472384438,-0.3026590347,53.35977554,-1.743892908,2.178269148,112.7532959
0.1698278934,0.3345094621,-0.02053167112,0.02342791483,1,-1.659542561,0.03115151264,-0.08471155167,51.06785583,0.07288914919,3.372881413,131.2305603
0.1698278934,0.3393530548,-0.02111501247,0.01527446881,1,-0.6028900146,0.02606056631,-0.2894064188,0,0.77221632,2.202855587,144.1182709
0.1698278934,0.3441966176,-0.01971152611,0.01135644969,1,0.4469046593,0.02274891548,-0.5622107983,0,1.699356079,0.832619071,150.0523529
0.1698278934,0.3490402102,-0.01071943156,0.008518502116,1,1.374362946,0.01369200833,-0.181707561,0,2.33862257,0.9901282191,141.5265961
0.1746714562,0.237637952,0.01476821303,0.007596477866,1,0.2294264436,0.01660742611,-0.08851614594,0,0.5307936072,-0.7913560867,27.22039604
0.1746714562,0.2424815297,0.01660930552,0.009298607707,1,-0.1092784107,0.01903505065,0.06012368202,0,0.7349390984,-0.4721727967,29.24198914
0.1746714562,0.2473251075,0.01779864915,0.01017469727,1,-0.3856120706,0.0205016192,0.07177934051,0,0.7014852166,-0.5642831326,29.75468445
0.1746714562,0.2521686852,0.01813926175,0.01237942558,1,-0.7834438682,0.02196094207,0.1947305053,14.49512482,0.5958076119,-0.3630098701,34.31220245
0.1746714562,0.257012248,0.01688981988,0.01287615206,1,-1.15744102,0.02123820409,-0.006112262607,34.14951706,0.3371509612,0.1635047495,37.32051086
0.1746714562,0.2618558407,0.01416612323,0.01155787241,1,-1.763636112,0.01828287356,-0.08287131041,54.12795639,0.1534366608,0.04768442363,39.21035767
0.1746714562,0.2666994035,0.009090693668,0.01224379521,1,-2.13409543,0.01524963137,0.09265071154,65.39806366,0.2228516936,-0.3662054241,53.40709305
0.1746714562,0.2715429962,0.004908865318,0.01378037781,1,-1.810085058,0.01462859381,0.1499220878,53.86611938,0.4512822032,-0.0584089309,70.39302063
0.1746714562,0.276386559,0.002509225858,0.01325286273,1,-1.431985378,0.01348831318,-0.02995826304,37.58372879,0.7514984608,0.3106302023,79.27883148
0.1746714562,0.2812301517,0.001612873748,0.01213071123,1,-0.833214879,0.01223746408,-0.03992941976,0,1.145276308,0.3919398487,82.42649078
0.1746714562,0.2860737145,0.004020719323,0.01116107032,1,-0.3156141639,0.01186320651,0.1115062237,0,1.397949457,-0.00016066432,70.18869781
0.1746714562,0.2909172773,0.006855232641,0.01267157681,1,-0.2404484451,0.01440704986,0.2986426055,0,1.151416779,-0.2498382479,61.58692932
0.1746714562,0.29576087,0.008433065377,0.01381768007,1,-0.4139389992,0.01618780009,0.08138541877,0,0.8882662058,-0.2935712934,58.60387802
0.1746714562,0.3006044328,0.009152673185,0.01448770892,1,-0.4873845577,0.01713665947,-0.00581997633,0,0.8045899868,-0.5237998962,57.71717453
0.1746714562,0.3054480255,0.009969474748,0.01632655598,1,-0.4261600673,0.01912973821,0.06178861856,0,0.6462293863,-1.063576937,58.59053802
0.1746714562,0.3102915883,0.01021859609,0.01993850432,1,-0.3864524662,0.02240454592,0.06384456158,9.716722488,0.2145123184,-1.721943855,62.86460495
0.1746714562,0.315135181,0.009136669338,0.02497616038,1,-0.1701059192,0.02659487352,-0.02332407236,0,-0.243220076,-1.877600431,69.9066925
0.1746714562,0.3199787438,0.008216619492,0.02891983651,1,-0.3533039391,0.03006442823,-0.3820488453,0,-1.300989509,-1.58484149,74.13924408
0.1746714562,0.3248223364,0.001123970491,0.03080197982,1,-0.6500459909,0.03082247823,-0.1830201894,0,-2.792226791,0.07082463801,87.91018677
0.1746714562,0.3296658993,-0.008456297219,0.02769031934,1,-0.7139902711,0.02895276807,0.1922875047,0,-2.422966242,1.59290278,106.9820557
0.1746714562,0.3345094621,-0.01407007501,0.02401801199,1,-0.6317282915,0.02783580311,0.1483324766,0,-1.149000764,2.203877926,120.3623428
0.1746714562,0.3393530548,-0.01708139665,0.01773412526,1,-0.5882146358,0.02462261729,-0.2023224831,15.10120392,-0.2555921972,2.066064835,133.9259491
0.1746714562,0.3441966176,-0.01815711893,0.01303090155,1,0.5029428005,0.02234916948,-0.2858281136,0,0.6396700144,1.527433157,144.3339691
0.1746714562,0.3490402102,-0.01154706255,0.008951453492,1,1.650526524,0.014610379,-1.047937751,0,1.07887578,0.6365341544,142.216629
0.179515034,0.237637952,0.01079619862,0.006682754029,1,0.9459975958,0.01269712951,0.4435079098,0,1.204055429,-1.844552994,31.75714874
0.179515034,0.2424815297,0.01600317284,0.01222395431,1,0.3516029418,0.02013769187,0.391507268,0,0.9432029724,-0.8881133795,37.37424469
0.179515034,0.2473251075,0.01706769131,0.01288069598,1,-0.113265723,0.02138266526,0.07284745574,0,0.6831886768,-0.5463956594,37.04123306
0.179515034,0.2521686852,0.01876363903,0.0152233066,1,-0.4664547145,0.02416243404,0.2736278176,0,0.5077264905,-0.33657372,39.05309677
0.179515034,0.257012248,0.01726759411,0.01583625004,1,-1.213121533,0.02342982404,0.08689676225,37.30662155,0.03152477741,-0.1777078658,42.52418518
0.179515034,0.2618558407,0.013040483,0.01650493965,1,-1.888278961,0.02103490569,0.06958080828,58.19820786,-0.01120334864,-0.5003721714,51.6878891
0.179515034,0.2666994035,0.008067303337,0.01859686151,1,-1.978356361,0.02027127706,0.1596792042,59.9996376,0.3223778605,-0.371534735,66.54884338
0.179515034,0.2715429962,0.005019622389,0.0190779157,1,-1.477924109,0.01972722635,-0.02146972716,43.57764816,0.4329608083,0.1094267219,75.25891876
0.179515034,0.276386559,0.003005942795,0.01796285436,1,-1.118515849,0.01821262762,-0.1886427701,30.5143528,0.4864584208,0.3420958817,80.50002289
0.179515034,0.2812301517,0.001958203036,0.01650724187,1,-0.547170639,0.01662298292,-0.1045416445,0,0.6741580963,0.3890252709,83.23479462
0.179515034,0.2860737145,0.003621016396,0.01557222474,1,-0.1360299289,0.01598768122,-0.1375056803,0,1.054365993,-0.008190900087,76.90961456
0.179515034,0.2909172773,0.006406221539,0.01588089764,1,-0.01823094487,0.0171243269,-0.02777314186,0,0.7932536602,-0.1818026006,68.03126526
0.179515034,0.29576087,0.007374898996,0.01631827839,1,-0.1879093349,0.017907409,-0.06760013103,0,0.4472336471,-0.2919000089,65.67984009
0.179515034,0.3006044328,0.007662279066,0.0169673115,1,-0.2795707285,0.0186172016,-0.06653216481,0,0.3607630432,-0.4791274965,65.69651031
0.179515034,0.3054480255,0.007768160198,0.01831671596,1,-0.3012793064,0.01989588886,-0.0005791783333,6.57100296,0.2130205482,-0.7466436028,67.01808929
0.179515034,0.3102915883,0.007234790828,0.0205809325,1,-0.2217623889,0.02181552164,0.006332069635,4.677073002,-0.1616857052,-0.9507395029,70.63195801
0.179515034,0.315135181,0.00591089949,0.02295236662,1,-0.05841687322,0.02370126359,-0.1426183581,0,-0.8075851202,-0.8491131067,75.55847931
0.179515034,0.3199787438,0.00304024294,0.02400289476,1,0.1760542393,0.02419466898,-0.4256808758,0,-1.528606534,-0.8626049757,82.78127289
0.179515034,0.3248223364,-0.0006402928848,0.02506864257,1,0.3015958667,0.02507681772,-0.1855656505,0,-1.916823745,-0.1321237832,91.46310425
0.179515034,0.3296658993,-0.00478323875,0.02374404483,1,0.04063045979,0.0242210459,0.1333945692,0,-1.795182467,0.9894118309,101.3897934
0.179515034,0.3345094621,-0.009138575755,0.02092246898,1,-0.09549945593,0.02283119038,0.1226986051,0,-1.412601948,1.538696527,113.5948792
0.179515034,0.3393530548,-0.01208784524,0.01688554883,1,-0.182870388,0.02076626383,-0.01071357727,0,-0.7584067583,1.827549815,125.5977097
0.179515034,0.3441966176,-0.01369772479,0.01201869734,1,0.01617188752,0.01822297275,-0.5091022849,0,-0.14505364,1.789999485,138.7355499
0.179515034,0.3490402102,-0.012712094,0.005749671254,1,0.2034255266,0.01395191904,-1.929145575,0,0.2035578191,0.6594395638,155.662796
0.1843586117,0.237637952,0.00798214227,0.008846401237,1,1.157497764,0.01191525906,0.02483230829,0,1.411600232,-1.34509182,47.93994141
0.1843586117,0.2424815297,0.01420395542,0.01216406841,1,1.014096141,0.01870072074,-0.3595320582,24.05973816,0.5390613079,-1.430225134,40.57628632
0.1843586117,0.2473251075,0.01550498139,0.01403238624,1,0.2328471988,0.02091201395,0.06138321757,0,0.5166861415,-0.9572603703,42.14586258
0.1843586117,0.2521686852,0.01783437841,0.01709794812,1,-0.02617760003,0.02470637299,0.02837371826,0,0.2212791145,-0.9775593281,43.79228973
0.1843586117,0.257012248,0.01644996926,0.01890469342,1,-0.8886970282,0.02505970746,-0.06719210744,25.72333527,-0.2994384468,-0.8004695177,48.97175217
0.1843586117,0.2618558407,0.01207955182,0.0206496343,1,-1.2420398,0.02392327227,0.2012783885,34.65919495,-0.4892040491,-0.7242538929,59.67337036
0.1843586117,0.2666994035,0.008064555004,0.02338758111,1,-0.9822157621,0.02473895811,0.257219255,26.35626602,-0.4102796316,-0.2354460508,70.97467804
0.1843586117,0.2715429962,0.005334891845,0.02303589694,1,-0.822183609,0.02364558168,-0.06841106713,24.71152878,-0.1713107824,0.4190180302,76.96072388
0.1843586117,0.276386559,0.003252487862,0.02102668025,1,-0.5594319701,0.02127674781,-0.2723111808,14.89124584,0.07547159493,0.7578332424,81.20695496
0.1843586117,0.2812301517,0.002990792273,0.01804631203,1,-0.1958276033,0.01829246432,-0.2632101178,0,0.2087392807,0.5832374692,80.58997345
0.1843586117,0.2860737145,0.003315026639,0.01692684554,1,0.06276266277,0.01724840514,-0.1602943838,0,0.525511682,0.1378841698,78.91919708
0.1843586117,0.2909172773,0.005840136204,0.01660206541,1,0.1976834685,0.01759931073,-0.1334625781,0,0.49948138,-0.1266904771,70.6195755
0.1843586117,0.29576087,0.006691798568,0.01689404435,1,0.005187228322,0.01817109995,-0.08980744332,0,0.1330560446,-0.2936133444,68.39128876
0.1843586117,0.3006044328,0.006509728264,0.01758921519,1,-0.06995685399,0.01875518821,-0.02614414692,2.001216173,-0.0005603507161,-0.4232809544,69.69060516
0.1843586117,0.3054480255,0.006350242998,0.01881760731,1,-0.08292978257,0.0198602099,0.02928246558,0,-0.0957487002,-0.5158260465,71.35237122
0.1843586117,0.3102915883,0.00564428512,0.02022949047,1,-0.009896159172,0.02100214921,0.03193248808,0,-0.4065526426,-0.4903877378,74.41021729
0.1843586117,0.315135181,0.004333140794,0.02134750597,1,-0.09591674805,0.02178283967,-0.07128690183,0,-0.6612876654,-0.1608258784,78.52592468
0.1843586117,0.3199787438,0.001976706786,0.02066317946,1,-0.1019681692,0.02075751312,-0.1857933253,0,-0.8782832623,0.08066545427,84.53553009
0.1843586117,0.3248223364,-0.0004147829604,0.02005689219,1,0.2289225459,0.02006118,-0.2042759955,0,-1.260103226,0.1807210147,91.1847229
0.1843586117,0.3296658993,-0.003017897252,0.01879841648,1,0.05510848761,0.01903912239,-0.07000227273,0,-1.21297431,0.4292932153,99.12042999
0.1843586117,0.3345094621,-0.006022978574,0.01763852313,1,-0.09877789021,0.01863850281,0.009932696819,0,-0.9879212379,0.8052015305,108.8533554
0.1843586117,0.3393530548,-0.008281408809,0.01494647004,1,-0.2774712443,0.01708738506,-0.02975857258,0,-0.9468336701,1.082751751,118.9895706
0.1843586117,0.3441966176,-0.01195299439,0.01224999316,1,-0.9972486496,0.01711538434,-0.1087312102,9.069821358,-0.9466807842,1.128861427,134.2969666
0.1843586117,0.3490402102,-0.01769698225,0.008952094242,1,-2.578258991,0.01983237639,-0.5554654002,0,0.2064706087,0.8062919974,153.1672363
0.1892021894,0.237637952,0.004401418846,0.007913518697,1,0.6294031143,0.009055179544,0.6841768026,0,0.5816546679,-0.1456097066,60.91762924
0.1892021894,0.2424815297,0.00733434502,0.009923086502,1,0.9900257587,0.01233937871,0.3742869198,17.12737846,0.7291625738,-0.9350702763,53.53117752
0.1892021894,0.2473251075,0.01272844058,0.01425549202,1,0.6422407627,0.01911105029,-0.02126681805,0,0.768253684,-1.363001466,48.23897934
0.1892021894,0.2521686852,0.0141661847,0.01642188244,1,0.219519645,0.02168776095,-0.5441299677,0,-0.1500322819,-1.459751725,49.21760559
0.1892021894,0.257012248,0.01306500752,0.01869037002,1,-0.04950121045,0.02280404232,-0.4712330103,0,-0.7058855295,-1.24121666,55.0455513
0.1892021894,0.2618558407,0.01050741039,0.0201513581,1,-0.1596425772,0.02272626013,-0.2832284868,0,-0.8504049778,-0.8358589411,62.46136093
0.1892021894,0.2666994035,0.008172763512,0.02136707865,1,0.190177381,0.02287675999,-0.01567363739,0,-0.9725733399,-0.4449246526,69.06848907
0.1892021894,0.2715429962,0.006717814598,0.02223046869,1,0.226323843,0.02322332375,-0.02386928722,0,-0.8075381517,0.04405973479,73.18573761
0.1892021894,0.276386559,0.005357606802,0.02103805915,1,-0.05071392655,0.02170953341,-0.1511694044,0,-0.6119230986,0.6258751154,75.71260071
0.1892021894,0.2812301517,0.003508280497,0.018466793,1,-0.1056087315,0.01879708655,0.08532077074,0,-0.2753361166,0.7510421276,79.24326324
0.1892021894,0.2860737145,0.00351247075,0.0178135857,1,0.340744704,0.0181565769,0.1067006811,9.980470657,-0.002590835094,0.3387847543,78.84554291
0.1892021894,0.2909172773,0.005146150012,0.0173426792,1,0.4202715755,0.01809009165,-0.2021032274,11.36332226,-0.006259456277,-0.02125245333,73.47262573
0.1892021894,0.29576087,0.005517770536,0.01693762094,1,0.2215674222,0.0178137254,-0.3420752883,0,-0.151515156,-0.3339737654,71.95594025
0.1892021894,0.3006044328,0.005485453643,0.01730343886,1,0.143100366,0.01815211214,-0.1564282924,0,-0.165030852,-0.4283359051,72.41059113
0.1892021894,0.3054480255,0.00541154854,0.01825462654,1,0.1910218447,0.01903986,-0.1120430231,0,-0.2883107662,-0.3920544386,73.48764801
0.1892021894,0.3102915883,0.005014227238,0.01865969598,1,0.2680065334,0.01932166517,0.1287596524,0,-0.3970238268,-0.2757599354,74.95882416
0.1892021894,0.315135181,0.0047866432,0.02021394856,1,-0.2392876595,0.02077295631,0.4060547352,0,-0.2733869553,0.07921853662,76.67781067
0.1892021894,0.3199787438,0.00253104791,0.02024275251,1,-1.013150215,0.02040037327,0.1182952225,30.77061081,-0.1308443546,0.6050260067,82.87302399
0.1892021894,0.3248223364,-0.0007543833344,0.01785643026,1,-0.8422409296,0.01787235774,-0.09073674679,24.00792503,-0.30856812,0.4544728398,92.41914368
0.1892021894,0.3296658993,-0.00304298522,0.01760198735,1,-0.766356051,0.01786308177,-0.4106070995,19.417202,-0.1495041251,-0.1544740945,99.80818939
0.1892021894,0.3345094621,-0.00519040972,0.01661583409,1,-0.3604701757,0.01740765013,-0.7436733246,0,-0.4539289474,0.07360425591,107.3476181
0.1892021894,0.3393530548,-0.006987590808,0.01364343986,1,-0.1955666244,0.01532872766,-0.4565382004,0,-0.5407146215,0.442013979,117.119606
0.1892021894,0.3441966176,-0.008756645024,0.01226362679,1,-0.643743515,0.01506901998,1.627437353,0,-0.2873048484,0.4724469781,125.5281219
0.1892021894,0.3490402102,-0.01149719581,0.01923772506,1,-2.470534801,0.02241150662,5.412092209,0,1.338915825,2.532371044,120.8641434
0.1940457672,0.237637952,0.01059073396,0.008615127765,1,0.04034513235,0.01365225483,1.749686956,0,0.3300520778,0.8059921861,39.12694168
0.1940457672,0.2424815297,0.01148775779,0.01090055704,1,-0.3866464794,0.01583637297,1.479736567,0,0.0169686079,0.2352820039,43.49759293
0.1940457672,0.2473251075,0.008800170384,0.01464273967,1,-0.4267332852,0.01708370075,-0.3560490906,0,-0.2668317854,-1.266004086,58.99446869
0.1940457672,0.2521686852,0.008128421381,0.01530799456,1,0.1634319425,0.01733222231,-1.13478303,0,-0.2965123057,-1.358317614,62.03205872
0.1940457672,0.257012248,0.008155586198,0.015725445,1,0.460464716,0.01771449111,-0.8075605631,0,-0.7638059855,-1.2196275,62.58768082
0.1940457672,0.2618558407,0.006659164559,0.01730387285,1,0.3481925726,0.0185409952,-0.5849218369,0,-0.8275851011,-1.004087806,68.95144653
0.1940457672,0.2666994035,0.005833611358,0.01775570773,1,0.6189911366,0.01868946664,-0.4081560671,0,-0.8722085953,-0.557721734,71.81214142
0.1940457672,0.2715429962,0.005432685837,0.01802830584,1,0.8384789824,0.01882907003,-0.2082701772,0,-0.8966693282,-0.3223825097,73.23023987
0.1940457672,0.276386559,0.005551761948,0.01830841973,1,0.7296645641,0.01913165674,-0.04291985184,0,-0.3974524438,0.1230899915,73.13083649
0.1940457672,0.2812301517,0.007041781209,0.01722422428,1,0.2483851314,0.01860807836,0.4152359366,0,-0.264693737,1.043809891,67.76378632
0.1940457672,0.2860737145,0.005472769961,0.01526387315,1,0.290687263,0.01621533372,0.1272298396,0,-0.7621347308,0.6822128296,70.27500916
0.1940457672,0.2909172773,0.004758295603,0.01453612931,1,0.3672525287,0.01529511157,-0.09833558649,0,-0.7916222215,-0.06181644648,71.87451935
0.1940457672,0.29576087,0.003417302389,0.01508698985,1,0.2704967558,0.01546917018,-0.2725575864,0,-0.4936619699,-0.594763279,77.23748016
0.1940457672,0.3006044328,0.003677377477,0.01609675772,1,0.2998473048,0.01651147194,-0.2278501242,0,-0.1984129399,-0.5187368989,77.13136292
0.1940457672,0.3054480255,0.003908607643,0.01649592258,1,0.4926428795,0.01695265993,-0.2161909491,0,-0.2335574627,-0.4044002891,76.66994476
0.1940457672,0.3102915883,0.004932277836,0.0170083642,1,0.6273931861,0.01770908944,0.4668575823,0,-0.05447125435,-0.5006959438,73.82830048
0.1940457672,0.315135181,0.006683599669,0.02118234336,1,-0.1433752328,0.02221175656,1.21008122,0,0.2564923465,-0.4267939329,72.4881134
0.1940457672,0.3199787438,0.005480169319,0.02493669651,1,-1.520001054,0.02553176694,0.759529233,0,0.418212533,0.4582158625,77.60552216
0.1940457672,0.3248223364,0.00134700106,0.02264177799,1,-2.147769451,0.02268180996,0.1086241603,0,-0.1718135476,0.7590750456,86.59537506
0.1940457672,0.3296658993,-0.005754911806,0.02178618684,1,-1.959702492,0.02253346331,-1.123116016,0,-0.2319715619,0.003313004971,104.796936
0.1940457672,0.3345094621,-0.009268510155,0.01718584821,1,-0.3857555985,0.01952584647,-1.720594764,0,-0.1503865719,0.03667402267,118.3384628
0.1940457672,0.3393530548,-0.008351758122,0.01327471901,1,0.8489499688,0.01568343118,-0.6129509807,0,0.6966984868,0.04966187477,122.1759491
0.1940457672,0.3441966176,-0.001782041858,0.01397643145,1,2.653905153,0.01408958156,2.898472309,0,3.361152887,-0.01853370667,97.2661972
0.1940457672,0.3490402102,0.02078264393,0.02740346454,1,2.97277689,0.03439284861,9.436584473,0,6.344557285,3.892339945,52.82351303
