PIVlab, ASCII chart output - 13-Mar-2024
FRAME: 76, filenames: A:[76]2 vortices tapados mismo sentido clase 4.mp4 & B:[77]2 vortices tapados mismo sentido clase 4.mp4, conversion factor xy (px -> m): 0.00030272, conversion factor uv (px/frame -> m/s): 0.0090842
x [m],y [m],u [m/s],v [m/s],Vector type [-],vorticity [1/s],magnitude [m/s],divergence [1/s],dcev [1],simple shear [1/s],simple strain [1/s],vector direction [degrees]
0.1262357086,0.237637952,0.003784091445,-0.00603538705,1,0.9051609039,0.007123569492,0.9147572517,0,0.5420128107,1.281847239,-57.91294098
0.1262357086,0.2424815297,0.007288840599,-0.006924401503,1,0.6997197866,0.01005358342,0.00340795517,0,0.2689421773,0.7086920142,-43.53120804
0.1262357086,0.2473251075,0.00847588107,-0.009451485239,1,0.08304128796,0.01269531902,-0.2977071404,0,0.3171408474,0.3158080578,-48.11495209
0.1262357086,0.2521686852,0.009227153845,-0.00989601016,1,-0.1519100666,0.01353038754,-0.1700834334,0,0.1927922964,-0.06035432965,-47.00317001
0.1262357086,0.257012248,0.008673897013,-0.009982965887,1,-0.2652255297,0.01322482899,-0.07386603951,0,-0.06464312971,0.01897111535,-49.01361084
0.1262357086,0.2618558407,0.007629409432,-0.01034567412,1,-0.2509304881,0.01285460498,-0.0267856922,0,-0.1267657578,0.05814702064,-53.59311295
0.1262357086,0.2666994035,0.006844495889,-0.01039434411,1,-0.1119359285,0.012445461,0.09250067174,0,-0.07879254222,-0.02111655101,-56.63578796
0.1262357086,0.2715429962,0.006705601234,-0.009795360267,1,0.05532056466,0.01187072787,0.04507017136,0,-0.04426687583,-0.07059636712,-55.6056633
0.1262357086,0.276386559,0.006898035295,-0.009834104218,1,0.1266489476,0.01201218087,-0.1583929211,0,-0.1319098324,0.05931483209,-54.95264053
0.1262357086,0.2812301517,0.006680119783,-0.01084984466,1,-0.04201529548,0.01274139434,-0.1741442829,0,-0.1515140235,0.1441096812,-58.37988663
0.1262357086,0.2860737145,0.005960660987,-0.01137559209,1,-0.1766344756,0.0128426468,-0.03968024254,0,-0.1727588624,0.2749927044,-62.34605026
0.1262357086,0.2909172773,0.004987811204,-0.01237398293,1,-0.3163120449,0.01334142871,0.09278135002,0,-0.03167271614,0.5066189766,-68.04619598
0.1262357086,0.29576087,0.004275169689,-0.01338004693,1,-0.2698797584,0.01404644921,0.2743478119,0,0.06049925834,0.5267980099,-72.28037262
0.1262357086,0.3006044328,0.003973660525,-0.01359674521,1,0.00793372374,0.01416550204,0.427352488,0,-0.03320237622,0.4149371386,-73.70895386
0.1262357086,0.3054480255,0.004152779002,-0.01331991237,1,0.1704746187,0.0139522627,0.3851477802,0,-0.3623211086,0.3019374907,-72.68397522
0.1262357086,0.3102915883,0.003044437151,-0.01319370978,1,0.2003022432,0.01354040578,0.2494598627,0,-0.8287359476,0.5493357182,-77.00647736
0.1262357086,0.315135181,0.001108911471,-0.01477238443,1,-0.02733016014,0.01481394656,0.01914072037,0,-0.7727843523,0.8499536514,-85.70705414
0.1262357086,0.3199787438,-0.0008309794357,-0.01721781678,1,-0.4423560798,0.01723785698,-0.2717989683,0,-0.2776824832,0.9497264624,-92.7631073
0.1262357086,0.3248223364,-0.002378651174,-0.02068893798,1,-1.029764175,0.02082522772,-0.6032082438,0,0.304192394,0.3161588311,-96.55861664
0.1262357086,0.3296658993,-0.004345342983,-0.02167084254,1,-1.511723757,0.02210220322,-0.8051985502,0,0.4889793396,-0.4786689579,-101.3383331
0.1262357086,0.3345094621,-0.007332378533,-0.02227050439,1,-1.693926096,0.02344651707,-0.2799929678,0,0.7822034359,-1.151383519,-108.2237015
0.1262357086,0.3393530548,-0.008761342615,-0.01745019481,1,-0.797950387,0.01952614635,1.027620554,0,0.1005359292,-2.653423548,-116.6601791
0.1262357086,0.3441966176,-0.01071035955,-0.004441081081,1,0.9803573489,0.01159461122,2.352820635,0,-2.528392076,-2.259769917,-157.4785156
0.1262357086,0.3490402102,-0.01625936851,0.004891246092,1,2.585348129,0.01697914489,3.380977154,0,-4.876626015,-0.4724960327,163.2573242
0.1310792714,0.237637952,0.009103787132,-0.006914852187,1,0.1267573237,0.01143215317,0.4419565797,0,-0.1640834808,0.8766760826,-37.21876907
0.1310792714,0.2424815297,0.0090133911,-0.00796765089,1,0.1068881229,0.01203015726,-0.009271427989,0,-0.2274745405,0.3973897696,-41.476017
0.1310792714,0.2473251075,0.008519717492,-0.008884547278,1,-0.1102220565,0.01230937708,-0.1006085128,0.9303183556,0.03913676366,0.1251678765,-46.20085907
0.1310792714,0.2521686852,0.008669083938,-0.009061216377,1,-0.1067207903,0.01254028175,-0.123074986,0,0.1111051589,0.003412686288,-46.2669754
0.1310792714,0.257012248,0.00854095351,-0.009497199208,1,-0.145681411,0.01277280971,-0.1120068952,3.194440365,-0.05328809097,0.09109873325,-48.03454208
0.1310792714,0.2618558407,0.00770535972,-0.01004497427,1,-0.1571044475,0.01265993994,-0.04773698002,0,-0.157452479,0.1209149733,-52.50868988
0.1310792714,0.2666994035,0.007017372642,-0.01031407807,1,-0.09796687216,0.01247492433,0.05526410788,0,-0.1212052777,0.05352263153,-55.76986694
0.1310792714,0.2715429962,0.00664378237,-0.01003653929,1,0.05404981971,0.01203627698,-0.01254616212,0,-0.1282269806,0.01763793454,-56.49705505
0.1310792714,0.276386559,0.006658089813,-0.01046027709,1,0.1267641783,0.01239949837,-0.1586609185,0,-0.1342792511,0.06400244683,-57.52276611
0.1310792714,0.2812301517,0.006607382558,-0.01111502666,1,0.03319272399,0.01293063536,-0.1194613203,0,-0.05952727795,0.06757586449,-59.27042007
0.1310792714,0.2860737145,0.006530536339,-0.01136620622,1,-0.0418959558,0.01310872007,0.006817109883,1.701703668,0.007220093161,0.1244210377,-60.12016678
0.1310792714,0.2909172773,0.006439427845,-0.01168464869,1,-0.1482776254,0.01334156096,0.111451894,2.148593187,0.08320868015,0.3620383441,-61.14077377
0.1310792714,0.29576087,0.006215369795,-0.01257994119,1,-0.1777676195,0.01403159834,0.1167875528,4.158293247,0.08983139694,0.5321249962,-63.70740891
0.1310792714,0.3006044328,0.006013501901,-0.01369636785,1,-0.1158436015,0.01495836489,0.1084272563,0.9697577953,0.03354483098,0.5275980234,-66.29573822
0.1310792714,0.3054480255,0.005816749297,-0.0146102272,1,-0.07762204856,0.01572556235,0.05601897836,0,-0.1359713972,0.4667582214,-68.29109192
0.1310792714,0.3102915883,0.004978945479,-0.01568581536,1,-0.006550133228,0.01645705663,0.1095360667,0,-0.5308793187,0.5157408118,-72.38967896
0.1310792714,0.315135181,0.003213668009,-0.01657771133,1,-0.1209419668,0.01688633114,0.2483328283,0,-0.7396063805,0.4822916687,-79.02901459
0.1310792714,0.3199787438,0.0008108128095,-0.01681901328,1,-0.4899422526,0.01683854684,0.2301810384,0,-0.8081663251,0.4120043814,-87.24002075
0.1310792714,0.3248223364,-0.003073822008,-0.01745838672,1,-1.023300171,0.01772691868,-0.04851055518,31.78761101,-0.6831661463,-0.04715536907,-99.985466
0.1310792714,0.3296658993,-0.007454589475,-0.01682557724,1,-0.9815528393,0.01840301603,-0.1737961471,31.20383453,-0.6133552194,-0.4183530509,-113.8957901
0.1310792714,0.3345094621,-0.01079885941,-0.01627385989,1,-0.928727746,0.01953084394,-0.1606250256,37.69811249,-0.1539621055,-0.4809088707,-123.5670929
0.1310792714,0.3393530548,-0.01269868203,-0.0152742574,1,-0.02858278528,0.01986352168,-0.244210124,0,0.09337976575,-0.9328240156,-129.7393951
0.1310792714,0.3441966176,-0.01048501022,-0.01293850504,1,1.4899652,0.01665353961,-0.3787500858,50.90213776,-0.7708647251,-0.8111233711,-129.0203705
0.1310792714,0.3490402102,-0.009215663187,-0.01318002399,1,2.192204714,0.01608233526,0.09099903703,0,-1.668070078,0.1907262206,-124.9618073
0.1359228492,0.237637952,0.01017098129,-0.007444094867,1,-0.09901212156,0.01260410249,-0.1528724134,0,-0.3148399591,0.3012611568,-36.20022964
0.1359228492,0.2424815297,0.009168718942,-0.008543910459,1,-0.1397708505,0.01253251079,-0.09202669561,0,-0.1856384426,0.1730584353,-42.97974396
0.1359228492,0.2473251075,0.008594836108,-0.008728055283,1,-0.06741592288,0.01224949583,0.01081766747,2.217557669,-0.04018178582,0.07214514166,-45.44061661
0.1359228492,0.2521686852,0.008647561073,-0.008840954863,1,0.01214814372,0.01236700453,-0.06048734486,0,-0.01673344895,0.1062072664,-45.63356781
0.1359228492,0.257012248,0.008572626859,-0.009535452351,1,-0.04106021672,0.01282243244,-0.1210365295,0,-0.09596843272,0.1899742484,-48.04360962
0.1359228492,0.2618558407,0.007983852178,-0.01034735981,1,-0.06655869633,0.01306942012,-0.01705897599,0,-0.1814428568,0.1835052967,-52.34681702
0.1359228492,0.2666994035,0.007371412124,-0.01050690096,1,-0.09226421267,0.01283482276,0.08066271245,0,-0.1665503979,0.1489739865,-54.9473381
0.1359228492,0.2715429962,0.006730263587,-0.01067823078,1,-0.04948870838,0.01262224466,0.002557080239,0,-0.1429025084,0.1246951818,-57.77763748
0.1359228492,0.276386559,0.006439550314,-0.01109848637,1,-0.005025859922,0.01283137593,-0.08517595381,0,-0.05721215904,0.04297513515,-59.87688828
0.1359228492,0.2812301517,0.006428808905,-0.01129894052,1,-0.006236935034,0.01299983263,-0.0210204199,0,0.03860388696,-0.01292543765,-60.36122894
0.1359228492,0.2860737145,0.006596322171,-0.01113769505,1,0.01830435544,0.01294448599,0.02894837782,0,0.1576788127,0.01941453293,-59.36377716
0.1359228492,0.2909172773,0.007281194441,-0.01125276275,1,0.01114843041,0.01340300124,0.006449505687,0,0.1585403979,0.2018045187,-57.09477615
0.1359228492,0.29576087,0.007418223191,-0.01208391227,1,-0.1506238878,0.01417924371,0.02263908088,4.464944839,0.1037781537,0.3571870327,-58.45454788
0.1359228492,0.3006044328,0.007054293528,-0.01287317183,1,-0.3134502769,0.01467929129,0.05996590853,10.93407059,0.162046507,0.3734984398,-61.27795792
0.1359228492,0.3054480255,0.006684887223,-0.01360253152,1,-0.2610482574,0.01515640412,-0.07161098719,10.2069006,0.05845341831,0.518895328,-63.82845306
0.1359228492,0.3102915883,0.006073009688,-0.01573333517,1,-0.1695562005,0.01686473563,-0.2356516421,0,-0.2510305643,0.6245384216,-68.89360046
0.1359228492,0.315135181,0.004647742491,-0.01776892878,1,-0.3150629103,0.01836671866,-0.0162357986,0,-0.4681430757,0.6084723473,-75.34178925
0.1359228492,0.3199787438,0.002279490698,-0.01875915751,1,-0.5358816385,0.01889714412,0.1893249303,0,-1.010446072,0.4520534873,-83.07176208
0.1359228492,0.3248223364,-0.00284201582,-0.01904147491,1,-0.5982522964,0.01925239712,0.08578491211,0,-1.361652374,0.3187312186,-98.48895264
0.1359228492,0.3296658993,-0.00721345935,-0.01988745108,1,-0.1794191003,0.02115525305,0.2240723222,0,-1.38919425,0.1159695536,-109.9364243
0.1359228492,0.3345094621,-0.010439693,-0.01851787232,1,-0.2151594162,0.02125791088,0.3653165996,0,-1.281447172,-0.2598391473,-119.4126892
0.1359228492,0.3393530548,-0.01446238998,-0.01685946062,1,-0.2140271664,0.02221265621,-0.008395701647,0,-1.031726003,-0.6538488865,-130.6236725
0.1359228492,0.3441966176,-0.01647359505,-0.01539156958,1,0.5226784348,0.02254506014,-0.7468124628,0,-0.6119559407,-1.377171874,-136.9448242
0.1359228492,0.3490402102,-0.01489481237,-0.01380626578,1,0.2189124525,0.02030931786,-0.654807806,0,0.4329932034,-1.309406042,-137.1720123
0.1407664269,0.237637952,0.009822519496,-0.007960231043,1,-0.07623979449,0.0126430681,-0.2041266263,0,-0.09580032527,-0.1093276441,-39.02152252
0.1407664269,0.2424815297,0.009405874647,-0.008189814165,1,-0.1606909037,0.0124717094,-0.02985452861,6.515861988,-0.02532143146,0.1337446868,-41.04650116
0.1407664269,0.2473251075,0.008921554312,-0.008752636611,1,-0.07011601329,0.01249811053,0.04526115209,1.646733284,-0.03628110141,0.2540515363,-44.4524231
0.1407664269,0.2521686852,0.008890531957,-0.009201106615,1,0.01122567803,0.01279460452,0.02632324398,0,-0.02086641267,0.2349533886,-45.98348618
0.1407664269,0.257012248,0.00887485873,-0.009763151407,1,-0.03636695072,0.0131940227,-0.08463400602,0,-0.04187615588,0.2044741809,-47.7286644
0.1407664269,0.2618558407,0.008511555381,-0.01060142461,1,-0.1075802147,0.01359546836,-0.05810890719,3.253354788,-0.04627773166,0.1299210191,-51.24010086
0.1407664269,0.2666994035,0.008129635826,-0.01067388896,1,-0.1405049264,0.01341726072,0.05341477692,2.288891077,-0.1178612709,0.03020294011,-52.70573807
0.1407664269,0.2715429962,0.007260138635,-0.01048899628,1,-0.218671605,0.01275651436,0.06630854309,6.8957901,-0.1273430735,0.07439275086,-55.31029129
0.1407664269,0.276386559,0.006453686859,-0.01071304549,1,-0.2182433009,0.01250677463,-0.01178348809,8.872703552,0.04953009635,0.07262526453,-58.93465805
0.1407664269,0.2812301517,0.006442963146,-0.01089783665,1,-0.1340909898,0.01265996136,0.0281853471,0,0.1983201802,0.02366177179,-59.40779114
0.1407664269,0.2860737145,0.006764785852,-0.01069113519,1,-0.03225439042,0.01265158877,-9.645149112e-05,0,0.2397791445,0.01495603379,-57.67653656
0.1407664269,0.2909172773,0.007448122371,-0.0109707443,1,0.0346589759,0.01326015685,-0.1052840501,0,0.2317352891,0.03027480468,-55.82711792
0.1407664269,0.29576087,0.008055087179,-0.01134772506,1,-0.1285875142,0.01391600817,-0.01369527727,0,0.2658616006,0.07353729755,-54.63128662
0.1407664269,0.3006044328,0.0081130201,-0.01139326207,1,-0.2669225633,0.01398668997,0.01796297729,3.591566086,0.25208202,0.3720340729,-54.54573822
0.1407664269,0.3054480255,0.00798320584,-0.01306269597,1,-0.3873943985,0.01530900411,-0.1744735241,13.41365528,0.1292233765,0.7932369113,-58.56900787
0.1407664269,0.3102915883,0.006862548646,-0.01608044282,1,-0.4731292725,0.01748356968,-0.1387484372,18.60816002,0.08065199852,0.7400381565,-66.88897705
0.1407664269,0.315135181,0.006082211621,-0.01731916703,1,-0.505703032,0.0183561109,-0.002835631371,20.70483398,-0.1023536474,0.6242132783,-70.64955139
0.1407664269,0.3199787438,0.003917378839,-0.01911760308,1,-0.7193698287,0.01951483078,-0.01505044103,0,-0.766459167,0.7770926952,-78.41984558
0.1407664269,0.3248223364,-0.001114516635,-0.0211559739,1,-0.5632966161,0.02118531056,0.1276178956,0,-1.444506168,0.8641836643,-93.01560211
0.1407664269,0.3296658993,-0.005807570182,-0.02268521674,1,-0.347961247,0.02341680788,0.3302040994,0,-1.545986414,0.3885358274,-104.3597031
0.1407664269,0.3345094621,-0.01028797124,-0.02143850736,1,-0.5208615661,0.02377923392,0.2702635229,0,-1.564114809,-0.4420965612,-115.6355438
0.1407664269,0.3393530548,-0.0159063153,-0.01923484541,1,-0.8423226476,0.02495977096,-0.107332468,0,-1.322342038,-0.7275996804,-129.5891571
0.1407664269,0.3441966176,-0.02077269368,-0.01843419485,1,-0.1847380996,0.02777272649,-0.1922300458,0,-0.3981307149,-1.656383038,-138.4133759
0.1407664269,0.3490402102,-0.01872948557,-0.01214310713,1,-0.3156175911,0.02232148498,-0.189340353,0,1.159292221,-2.787035227,-147.042984
0.1456100047,0.237637952,0.008652741089,-0.007538837846,1,0.07241077721,0.0114762364,-0.2215228677,0,0.348426044,-0.07724931091,-41.0645256
0.1456100047,0.2424815297,0.009671919048,-0.007888237946,1,0.06065046787,0.01248079725,-0.02749203891,0,0.2267072201,0.1841976345,-39.20004654
0.1456100047,0.2473251075,0.01004458033,-0.008564173244,1,-0.0239211563,0.01319994964,0.1069311649,0,0.07370992005,0.3357201815,-40.45145035
0.1456100047,0.2521686852,0.009913074784,-0.008996395394,1,-0.1540542096,0.01338671707,0.1330882013,2.991582394,-0.03000387922,0.3391269743,-42.22462845
0.1456100047,0.257012248,0.009153082035,-0.009562136605,1,-0.2027335763,0.01323681884,-0.02402114123,6.637897968,-0.123759605,0.1935950816,-46.2521019
0.1456100047,0.2618558407,0.008331679739,-0.01005043648,1,-0.2333511114,0.01305481326,-0.114034757,8.24179554,-0.05087289214,0.05837665498,-50.34171677
0.1456100047,0.2666994035,0.007776421029,-0.01039722469,1,-0.1192547753,0.01298364345,-0.08689714968,1.711729646,-0.07067064196,-0.04861191288,-53.20599747
0.1456100047,0.2715429962,0.007411761209,-0.01023587398,1,-0.09016532451,0.01263753604,0.0872451216,0,-0.1250018179,-0.0357465148,-54.09183502
0.1456100047,0.276386559,0.006734242197,-0.009801505134,1,-0.1184921861,0.01189199463,0.1359627843,0,-0.03259999678,0.02303123474,-55.50852203
0.1456100047,0.2812301517,0.006679934449,-0.009688881226,1,-0.2064628899,0.01176843047,0.01438522618,3.023483992,0.1928476393,0.01822005585,-55.41593933
0.1456100047,0.2860737145,0.006668295711,-0.009820079431,1,-0.1916895509,0.01187013555,-0.08651253581,0,0.2408159673,0.03928888962,-55.82165146
0.1456100047,0.2909172773,0.006917881314,-0.01029820833,1,-0.09971470386,0.01240605395,-0.02525990643,0,0.3143859804,0.04767955095,-56.10853958
0.1456100047,0.29576087,0.007708072662,-0.01017336734,1,-0.0583203584,0.0127636902,0.01591788977,0,0.4764809608,0.02853760496,-52.84981918
0.1456100047,0.3006044328,0.008943274617,-0.0103593329,1,-0.03460672498,0.01368568372,-0.01588068902,0,0.442124337,0.1754831821,-49.19575882
0.1456100047,0.3054480255,0.009681915864,-0.01110025309,1,-0.3962904513,0.01472939644,-0.03710636497,0,0.4049882591,0.5186232328,-48.90425491
0.1456100047,0.3102915883,0.008985402994,-0.01305105258,1,-0.8280588984,0.01584510878,0.008246839046,30.07442284,0.4100863338,0.981705308,-55.45332336
0.1456100047,0.315135181,0.007657433394,-0.01581527479,1,-0.7134420872,0.01757154614,-0.1299101114,29.08163834,0.09098866582,1.095668554,-64.16468811
0.1456100047,0.3199787438,0.005970501341,-0.01898723841,1,-0.7600243092,0.01990382187,-0.2583807111,24.30376434,-0.415879488,1.288906574,-72.54434204
0.1456100047,0.3248223364,0.001961852191,-0.02330968156,1,-0.7245599627,0.02339209616,-0.06964224577,0,-1.278646708,1.314239979,-85.1890564
0.1456100047,0.3296658993,-0.003732186509,-0.02569017932,1,-1.054797292,0.0259598624,0.3303926885,0,-1.677454233,0.384334296,-98.26591492
0.1456100047,0.3345094621,-0.01127197966,-0.02357095107,1,-1.389618754,0.02612751909,0.1394406557,0,-1.660659909,-1.203720927,-115.5578156
0.1456100047,0.3393530548,-0.01850644872,-0.01918447204,1,-1.813908339,0.0266558174,0.1194411516,59.81631851,-1.108624697,-1.35587275,-133.9694214
0.1456100047,0.3441966176,-0.02542749606,-0.01642515324,1,-1.67346096,0.03027116135,0.6447558403,60.21350098,-0.5572597384,-1.940532684,-147.1391449
0.1456100047,0.3490402102,-0.02931111865,-0.006662425585,1,-1.863039494,0.03005876951,0.9370633364,0,0.2594270706,-3.094129562,-167.1942291
0.1504535824,0.237637952,0.008375393227,-0.006623329595,1,0.2105882019,0.01067781355,-0.0533272773,0,0.5283272266,0.2613887191,-38.33723831
0.1504535824,0.2424815297,0.01016489044,-0.007385505363,1,0.1242562085,0.01256466005,0.08302345872,0,0.431155026,0.4250068963,-36.00103378
0.1504535824,0.2473251075,0.01106557064,-0.008279752918,1,-0.002065233886,0.01382031664,0.1170085669,0,0.2111776769,0.3678053617,-36.80547333
0.1504535824,0.2521686852,0.01117774285,-0.0086002592,1,-0.1734810919,0.01410341728,0.08025513589,4.526541233,-0.109237507,0.3075424433,-37.57501984
0.1504535824,0.257012248,0.009696203284,-0.009380634874,1,-0.2981364131,0.01349120773,0.01751881838,0,-0.307980001,0.2481991053,-44.05230331
0.1504535824,0.2618558407,0.008241971023,-0.009717577137,1,-0.2754036188,0.01274211146,-0.1223184615,6.895184994,-0.1835373044,0.09610129893,-49.6970253
0.1504535824,0.2666994035,0.007473287173,-0.01043856796,1,-0.08201304078,0.01283797994,-0.05268397182,0,-0.06919643283,0.1414189339,-54.39997482
0.1504535824,0.2715429962,0.007509576157,-0.01065772958,1,-0.03188702464,0.01303767413,0.05057008937,0,-0.01962456666,0.02134623751,-54.83097458
0.1504535824,0.276386559,0.007223786786,-0.01029701997,1,-0.1070168316,0.01257822383,0.201199457,0,-0.08058969676,-0.148538813,-54.94874573
0.1504535824,0.2812301517,0.006600889377,-0.008963745087,1,-0.1243491322,0.01113195717,0.1557222009,0,-0.01763936877,-0.195414722,-53.63212204
0.1504535824,0.2860737145,0.006536054425,-0.008596261032,1,-0.0456173718,0.01079887524,-0.03057216667,0,0.2429564595,-0.03030989505,-52.7529335
0.1504535824,0.2909172773,0.007556713652,-0.008965015411,1,-0.1637613177,0.01172499172,0.01947617345,0,0.5218347311,0.05273924768,-49.87207413
0.1504535824,0.29576087,0.008270410821,-0.008757373318,1,-0.2359848171,0.01204538532,0.056742277,0,0.5104417801,0.08134448528,-46.63810349
0.1504535824,0.3006044328,0.008886067197,-0.009084178135,1,-0.1466100961,0.01270765532,-0.05950639397,0,0.5688309669,0.02808728628,-45.63162231
0.1504535824,0.3054480255,0.0103154704,-0.009181640111,1,-0.09091886878,0.01380983088,0.007456898689,0,0.6630975008,0.2137532234,-41.67178345
0.1504535824,0.3102915883,0.01165745873,-0.0100833904,1,-0.5032007694,0.01541334204,-0.03952774405,0,0.5949649811,0.8361067772,-40.85892868
0.1504535824,0.315135181,0.01075993758,-0.013422844,1,-1.114382625,0.01720316894,-0.287648052,38.77192688,0.5468996763,1.233401179,-51.28385544
0.1504535824,0.3199787438,0.008908811025,-0.01745071076,1,-1.781979799,0.0195932202,-0.6668530703,64.77164459,0.5749900937,1.483807683,-62.95510483
0.1504535824,0.3248223364,0.00491378922,-0.02383973636,1,-2.707041979,0.02434087917,-0.3159068227,111.2554245,0.3834402561,1.387460709,-78.35343933
0.1504535824,0.3296658993,-0.002345734509,-0.02570110373,1,-3.901571274,0.02580792829,0.401648581,161.7631683,-0.3012616634,0.1769338399,-95.21492767
0.1504535824,0.3345094621,-0.0154428957,-0.02275131643,1,-3.811553478,0.02749737166,0.3996661901,158.1990509,-0.2245811224,-1.640634418,-124.1674576
0.1504535824,0.3393530548,-0.02189506777,-0.01581874862,1,-2.606834888,0.02701160498,0.3678658605,107.5375061,0.2106736898,-1.639643908,-144.1526489
0.1504535824,0.3441966176,-0.02704888955,-0.01302778721,1,-2.037461758,0.03002275154,1.054136872,69.39398193,0.5339584351,-1.827198863,-154.2827454
0.1504535824,0.3490402102,-0.02917740308,-0.001862775534,1,-1.034469724,0.02923680469,2.108054638,0,0.1555710733,-2.502164364,-176.3470154
0.1552971601,0.237637952,0.009660502896,-0.005999844056,1,0.3355704844,0.01137204655,0.2478237599,0,0.6852042675,0.4137778282,-31.84315872
0.1552971601,0.2424815297,0.01213260368,-0.006401749793,1,0.1177759022,0.0137179615,0.1675257832,0,0.4463342428,0.4837116003,-27.81830025
0.1552971601,0.2473251075,0.01239281427,-0.007531314623,1,-0.2178969979,0.01450181194,-0.06260791421,6.175376415,0.1474529505,0.4088363051,-31.28773117
0.1552971601,0.2521686852,0.01179140247,-0.008685226552,1,-0.2458369732,0.01464480627,-0.157846868,4.339125633,-0.1573174596,0.271278739,-36.3743515
0.1552971601,0.257012248,0.01044010743,-0.009609814733,1,-0.4347884655,0.01418958697,-0.068306759,12.60590267,-0.3057194352,0.1216867268,-42.62866592
0.1552971601,0.2618558407,0.008204694837,-0.00960547477,1,-0.3879987895,0.01263258327,-0.1040792763,15.3245182,-0.07320815325,0.04567195475,-49.49708557
0.1552971601,0.2666994035,0.008206215687,-0.01033514645,1,-0.1961183697,0.01319686417,0.02566897869,6.859615326,0.1043264419,0.143558085,-51.55005646
0.1552971601,0.2715429962,0.007760093547,-0.01017647982,1,-0.3511424363,0.01279764809,0.08582537621,13.60900974,0.09990099072,-0.0507767871,-52.67260361
0.1552971601,0.276386559,0.006989308167,-0.009673503228,1,-0.4275303185,0.01193428226,-0.03193923086,16.43847656,0.164829284,-0.2393180728,-54.15110397
0.1552971601,0.2812301517,0.006487680599,-0.009172024205,1,-0.2428496927,0.01123459078,-0.007377594709,8.921712875,0.1156917363,-0.2656894624,-54.7269516
0.1552971601,0.2860737145,0.006373408716,-0.00842234958,1,-0.1293737441,0.01056202222,0.1308506131,0,0.2904084325,-0.3222360313,-52.88426971
0.1552971601,0.2909172773,0.007267662324,-0.006977470592,1,-0.2222347856,0.01007492002,0.09610182047,0,0.6358748674,-0.2888114452,-43.83297348
0.1552971601,0.29576087,0.008376906626,-0.006557992194,1,-0.3209045529,0.01063860115,-7.090345025e-05,0,0.635430634,-0.01729620062,-38.05617142
0.1552971601,0.3006044328,0.008791093715,-0.006894038524,1,-0.2969561219,0.01117188856,0.04771978408,0,0.7875971198,0.2314938903,-38.1037941
0.1552971601,0.3054480255,0.0107533643,-0.007448116317,1,-0.1356083751,0.01308087446,0.03393716365,0,0.9723042846,0.2069420516,-34.70768738
0.1552971601,0.3102915883,0.01284369547,-0.007732001133,1,-0.5264031887,0.0149914762,-0.005075035617,0,0.8329735994,0.06111750752,-31.04825783
0.1552971601,0.315135181,0.01223826222,-0.007768725045,1,-1.568828583,0.01449579746,0.07919071615,51.55101776,0.9667506218,0.04596542194,-32.40696716
0.1552971601,0.3199787438,0.009927484207,-0.007571071852,1,-2.535129309,0.01248503383,0.03033148125,85.89269257,1.485025883,0.1484188288,-37.33050156
0.1552971601,0.3248223364,0.007152006496,-0.008340690285,1,-4.27478981,0.01098718867,0.01859173179,157.2112885,2.033210754,0.1591341943,-49.38744354
0.1552971601,0.3296658993,-0.0009297777433,-0.008251800202,1,-6.209412575,0.008304016665,-0.0006451159716,255,1.164631844,-0.443195045,-96.4287262
0.1552971601,0.3345094621,-0.01728270575,-0.006197171751,1,-6.072879791,0.01836019754,0.09348556399,249.0932007,1.172240734,-0.4668752253,-160.2733612
0.1552971601,0.3393530548,-0.02466640435,-0.005537649151,1,-3.552897215,0.02528036945,-0.2263290435,140.9494629,1.098270178,-0.6860909462,-167.3467865
0.1552971601,0.3441966176,-0.0291718822,-0.003970279358,1,-2.131377697,0.02944081835,0.4428476393,80.8634491,0.7783252001,-0.5149729848,-172.2496948
0.1552971601,0.3490402102,-0.03122001886,-0.0008983706939,1,0.1710600257,0.0312329419,1.556025505,0,-1.016769648,0.2875832915,-178.3517456
0.1601407379,0.237637952,0.01157991216,-0.004929851275,1,0.1691957265,0.01258561853,0.06757810712,0,0.5489912033,0.4244449735,-23.06063843
0.1601407379,0.2424815297,0.01331920922,-0.005794107448,1,-0.0803424716,0.01452490967,-0.05950572342,0,0.3203804493,0.2667615116,-23.50994873
0.1601407379,0.2473251075,0.01274255477,-0.006510152016,1,-0.4538137317,0.01430925447,-0.1565825045,17.02252197,0.1251206994,0.3342531621,-27.06241989
0.1601407379,0.2521686852,0.01172715891,-0.008171508089,1,-0.502435863,0.01429334749,-0.08268141747,20.49295044,-0.07313160598,0.3808871508,-34.86886215
0.1601407379,0.257012248,0.009954753332,-0.008755479008,1,-0.7497836351,0.01325728185,0.01448579039,31.31945229,-0.02817198634,0.0188949611,-41.33251572
0.1601407379,0.2618558407,0.007959070615,-0.008192864247,1,-0.5385071635,0.0114223389,-0.01410584431,20.97130585,0.1954133362,0.03293811902,-45.82927704
0.1601407379,0.2666994035,0.008292951621,-0.008983340114,1,-0.4444412887,0.01222593337,0.0004885829985,9.15985775,0.3866877258,0.05833867937,-47.288414
0.1601407379,0.2715429962,0.007679336704,-0.008473065682,1,-0.7356508374,0.01143525448,0.1268245876,28.53206825,0.243654862,-0.1943140626,-47.8132515
0.1601407379,0.276386559,0.005909930915,-0.007427880075,1,-0.8203826547,0.009492138401,-0.02174064517,31.48584557,0.32466048,-0.2789769173,-51.49278259
0.1601407379,0.2812301517,0.005278267898,-0.007227121852,1,-0.5800611973,0.008949380368,-0.08330478519,10.34835529,0.5179445744,-0.2618642449,-53.8577919
0.1601407379,0.2860737145,0.005609064363,-0.00656301342,1,-0.3137722015,0.008633350953,0.08295194805,0,0.5914689898,-0.4163555503,-49.48122025
0.1601407379,0.2909172773,0.006623309571,-0.00480869459,1,-0.1579058766,0.008184850216,0.02728740871,0,0.6899975538,-0.4760025144,-35.98062515
0.1601407379,0.29576087,0.008186291903,-0.004125289619,1,-0.1553730369,0.009166972712,-0.1046723127,0,0.9017532468,-0.3065136969,-26.74474716
0.1601407379,0.3006044328,0.01023846027,-0.003831060138,1,-0.4208228886,0.01093174703,0.01563119888,0,1.101290107,-0.0483526215,-20.51500511
0.1601407379,0.3054480255,0.01148218755,-0.003815378994,1,-0.8289062977,0.01209949329,-0.04806275666,0,1.177913785,-0.1165899634,-18.38096428
0.1601407379,0.3102915883,0.0119289048,-0.003499143291,1,-1.202846766,0.01243152376,-0.003232985735,9.98633194,1.178887725,-0.555265069,-16.3481636
0.1601407379,0.315135181,0.01136614103,-0.001141568646,1,-1.679503441,0.01142332517,0.2526014745,46.41269302,1.234728217,-0.8871277571,-5.735320568
0.1601407379,0.3199787438,0.009774602018,0.002021223772,1,-2.376501083,0.009981392883,0.3814379871,83.70902252,1.222080946,-1.24032259,11.68314266
0.1601407379,0.3248223364,0.005774618592,0.006713554729,1,-3.832900524,0.00885539595,0.1300815344,155.8063965,0.8867082596,-1.520440102,49.29975128
0.1601407379,0.3296658993,-0.004495508969,0.01001565345,1,-5.068451881,0.01097829267,-0.0264108777,211.493927,0.3145017624,-1.188248396,114.1728439
0.1601407379,0.3345094621,-0.01725143753,0.01234098803,1,-4.502388954,0.02121113241,-0.1832424402,188.08284,-0.002325534821,0.4993340373,144.4216003
0.1601407379,0.3393530548,-0.02631444484,0.006709541194,1,-2.856024742,0.02715636045,-0.8715227246,109.1679077,0.7611275911,1.456385136,165.695755
0.1601407379,0.3441966176,-0.02739823423,0.001065585064,1,-0.7786509395,0.02741894685,-1.183705449,0,2.031176329,1.773955941,177.7727509
0.1601407379,0.3490402102,-0.02024774067,-0.007616121322,1,1.391074657,0.0216327589,-0.3640670776,0,1.561483145,3.220753908,-159.3863678
0.1649843156,0.237637952,0.01204365492,-0.004160275217,1,0.01206253469,0.01274195872,-0.05923248827,0,0.4391775727,0.06486667693,-19.05659866
0.1649843156,0.2424815297,0.01313646324,-0.004460817203,1,-0.2494908273,0.01387319528,-0.06372217834,0,0.4992485344,0.05332464725,-18.75621414
0.1649843156,0.2473251075,0.01325337589,-0.004727200605,1,-0.4147025347,0.01407119073,-0.03594057262,0,0.43520841,0.4069222808,-19.63024902
0.1649843156,0.2521686852,0.01323578507,-0.006605857983,1,-0.7802299857,0.01479267981,0.1195204854,30.73105431,0.2327854037,0.4059687257,-26.5233593
0.1649843156,0.257012248,0.01060178969,-0.006114632823,1,-1.041518331,0.01223873626,0.2437440306,42.3255806,0.02163696289,0.1291212887,-29.97440147
0.1649843156,0.2618558407,0.008295910433,-0.006050673779,1,-0.6178474426,0.01026804652,0.1524221897,23.84732819,0.1820869744,0.1926559806,-36.10537338
0.1649843156,0.2666994035,0.008491150104,-0.006309508346,1,-0.5752142668,0.01057873014,0.09805172682,16.9089222,0.3971006274,-0.02944434807,-36.61489105
0.1649843156,0.2715429962,0.007433203049,-0.005433136597,1,-0.8698968887,0.009207143448,0.1375396699,34.2388382,0.2591105998,-0.3129765987,-36.16411591
0.1649843156,0.276386559,0.005532759242,-0.004127397668,1,-0.8695296645,0.006902668625,0.1219808608,33.2599144,0.3291490674,-0.2040980309,-36.72267151
0.1649843156,0.2812301517,0.004815827589,-0.003853748087,1,-0.7628729343,0.006167946849,-0.004982933402,19.53437042,0.6030289531,-0.02349285223,-38.66768646
0.1649843156,0.2860737145,0.004758542404,-0.004037743434,1,-0.5843412876,0.006240760908,-0.04573244601,0,0.6418296099,-0.2487160265,-40.31544876
0.1649843156,0.2909172773,0.00509427581,-0.002870584372,1,-0.2716950476,0.005847384222,-0.03119161725,0,0.6075527072,-0.5679899454,-29.40091896
0.1649843156,0.29576087,0.006385295186,-0.001437718864,1,-0.1713090837,0.006545152981,-0.02363023162,0,0.9018287659,-0.7150650024,-12.68915939
0.1649843156,0.3006044328,0.008632604964,0.0004784338525,1,-0.4753990769,0.008645853028,-0.06379082799,0,1.21257329,-0.8297105432,3.172185898
0.1649843156,0.3054480255,0.009955856018,0.002272072714,1,-1.00509727,0.01021182537,-0.09338846803,0,1.316016674,-0.7800050974,12.85557556
0.1649843156,0.3102915883,0.01013856661,0.003804115113,1,-1.477039933,0.01082875021,0.02176636457,28.20980644,1.313736796,-0.8194527626,20.56670952
0.1649843156,0.315135181,0.009164884686,0.006346582901,1,-1.962777615,0.01114783529,0.06563556194,69.00231934,1.060313225,-1.184437275,34.70217896
0.1649843156,0.3199787438,0.00576740969,0.009858939797,1,-2.418516636,0.01142198313,-0.04230076075,97.80167389,0.6125813723,-1.729590654,59.67267227
0.1649843156,0.3248223364,0.0004176965449,0.01451910287,1,-2.64607954,0.01452511083,-0.1499130726,110.4325409,0.04872584343,-1.793742418,88.35211945
0.1649843156,0.3296658993,-0.006813074462,0.01782095432,1,-2.679460526,0.01907889917,-0.3297765851,107.7062073,-0.6588647366,-0.5527803898,110.9221954
0.1649843156,0.3345094621,-0.01575169154,0.01559923589,1,-2.196819305,0.02216871455,-0.2315769792,83.14176178,-0.9042983055,0.9738636613,135.2786255
0.1649843156,0.3393530548,-0.02183357812,0.0119823087,1,-1.864196539,0.0249054376,0.3994315267,74.97231293,-0.3162715435,1.629905939,151.2419434
0.1649843156,0.3441966176,-0.02631295845,0.009639337659,1,-0.4748092592,0.02802300267,-0.1488366127,0,1.39358151,2.34008646,159.8804932
0.1649843156,0.3490402102,-0.01738343388,-7.298427954e-05,1,0.3395000696,0.01738358662,-1.580430508,0,3.347649097,2.429948807,-179.7594452
0.1698278934,0.237637952,0.01160720177,-0.002861086279,1,0.01197826862,0.01195462048,0.002175480127,0,0.6741452217,-0.2842062712,-13.84693623
0.1698278934,0.2424815297,0.01326884795,-0.002167530125,1,-0.1015060544,0.01344472077,0.01826401986,0,0.7068915367,-0.07826466858,-9.277597427
0.1698278934,0.2473251075,0.01453943364,-0.00239354209,1,-0.3106089532,0.01473513432,0.01419965178,0,0.5178026557,0.2407592535,-9.348421097
0.1698278934,0.2521686852,0.0142724067,-0.003264889121,1,-0.9176210165,0.0146410754,-0.0398266986,35.5287323,0.3439371586,0.2104972899,-12.88501453
0.1698278934,0.257012248,0.01176075544,-0.003606003942,1,-0.9910675287,0.01230116468,0.04669237882,41.36660004,0.03270098567,0.2641825676,-17.04623604
0.1698278934,0.2618558407,0.009630483575,-0.004318319727,1,-0.7264145017,0.01055434067,0.1210993901,29.76241875,0.07906275988,0.2589837313,-24.15151787
0.1698278934,0.2666994035,0.008625256829,-0.004273857456,1,-0.7600430846,0.009626054205,0.05463680625,30.76953125,0.1817743778,-0.2165862322,-26.35864258
0.1698278934,0.2715429962,0.006829594262,-0.003004629863,1,-0.8636431694,0.00746131083,0.02836044133,34.88626862,0.2209226787,-0.5191421509,-23.74674225
0.1698278934,0.276386559,0.005512190051,-0.001621986274,1,-0.6889676452,0.005745875183,0.1274258196,24.47497559,0.3402066827,-0.366704762,-16.39675522
0.1698278934,0.2812301517,0.005140343215,-0.0006112699048,1,-0.7419496775,0.005176560488,0.03690326214,24.03796196,0.4675017595,-0.1691482812,-6.781548023
0.1698278934,0.2860737145,0.004182880279,-0.0006239596405,1,-0.8623942137,0.004229162354,-0.1370475292,26.46670341,0.5693833828,-0.1496994197,-8.484242439
0.1698278934,0.2909172773,0.003721126821,-0.0005499896943,1,-0.5405056477,0.003761552041,-0.01756891608,0,0.6283505559,-0.3678258657,-8.407556534
0.1698278934,0.29576087,0.004608363844,0.001072537038,1,-0.3202595711,0.00473152753,0.2262313068,0,0.7723200321,-0.7843347788,13.10161781
0.1698278934,0.3006044328,0.005910716951,0.004344765563,1,-0.3730871677,0.007335772738,0.1285375357,0,0.9188560247,-1.183422327,36.31833267
0.1698278934,0.3054480255,0.007251837756,0.00742711639,1,-0.5203319788,0.01038032863,0.03669899702,0,0.9651544094,-1.134632587,45.68412399
0.1698278934,0.3102915883,0.00806524884,0.01001820061,1,-1.007149696,0.01286128256,0.08436322212,28.44555855,0.737782836,-1.169645905,51.16386414
0.1698278934,0.315135181,0.005947138183,0.01350100711,1,-1.64720118,0.01475281734,0.0632084012,68.15183258,0.2282209396,-1.316842318,66.22670746
0.1698278934,0.3199787438,0.001192307915,0.01670258306,1,-1.8881042,0.0167450849,0.02307933569,78.84111023,-0.0911693573,-1.270395517,85.91688538
0.1698278934,0.3248223364,-0.003639627481,0.01976605318,1,-1.700458884,0.0200983528,-0.1648049653,69.17253876,-0.3563989401,-0.8048243523,100.4332962
0.1698278934,0.3296658993,-0.008770242333,0.01980256662,1,-1.229091763,0.02165776491,-0.258811146,35.96313858,-0.8389080167,-0.01836017519,113.8877945
0.1698278934,0.3345094621,-0.01365611423,0.01860141382,1,-1.033900499,0.02307600714,-0.09549590945,36.14548874,-0.5589199662,1.059751391,126.2840195
0.1698278934,0.3393530548,-0.01648519188,0.01420703623,1,-0.5150860548,0.02176238596,0.01447600126,20.81982803,-0.1308476031,1.766514063,139.2450562
0.1698278934,0.3441966176,-0.01678474434,0.01011528075,1,0.02909799293,0.01959710568,0.6291206479,0,0.04360841587,2.126557827,148.9248505
0.1698278934,0.3490402102,-0.01613303274,0.006954083219,1,-0.7102429867,0.0175679829,0.07863479853,0,0.9793455005,1.383945942,156.6817322
0.1746714562,0.237637952,0.01067761891,-0.0009530230891,1,0.09995657206,0.01072006486,-0.1468930691,0,0.7953431606,-0.3152548671,-5.10037756
0.1746714562,0.2424815297,0.01284584589,-0.0005452863988,1,0.1267237067,0.01285741385,-0.07285392284,0,0.6600229144,-0.1220514625,-2.43065834
0.1746714562,0.2473251075,0.01448828727,-0.0007147309952,1,-0.2343522757,0.01450590603,-0.1495947689,0,0.4855290055,-0.1598917097,-2.82420516
0.1746714562,0.2521686852,0.01406244002,-0.000495412387,1,-0.7128181458,0.01407116372,-0.1799323559,27.31244278,0.2212896347,-0.08884111792,-2.017665863
0.1746714562,0.257012248,0.01210753433,-0.001155937789,1,-0.8722238541,0.01216258854,-0.1537204832,35.80273056,0.06175476313,0.1877369732,-5.453647137
0.1746714562,0.2618558407,0.01013686974,-0.002149288077,1,-0.9733667374,0.01036221813,-0.04854448885,40.55416107,0.06478264928,0.07364031672,-11.97095585
0.1746714562,0.2666994035,0.00770673668,-0.001747749397,1,-1.164795399,0.007902431302,0.06073440611,48.39061737,0.1158182025,-0.3458498418,-12.77752876
0.1746714562,0.2715429962,0.00505606737,-0.0001799656602,1,-0.9783307314,0.005059269257,0.05212379992,39.00075912,0.2902151048,-0.4857491851,-2.038525581
0.1746714562,0.276386559,0.004373794887,0.0008574802778,1,-0.6319727898,0.004457056522,0.02026194334,18.52663803,0.4501283169,-0.4307023883,11.09212589
0.1746714562,0.2812301517,0.004175289534,0.002004315145,1,-0.5577207804,0.004631449468,-0.01155209541,18.13419342,0.3504088223,-0.4326646924,25.64297104
0.1746714562,0.2860737145,0.003369663376,0.002897172002,1,-0.6244502664,0.004443898797,-0.09550046176,18.55467224,0.4287884533,-0.2578886747,40.68831253
0.1746714562,0.2909172773,0.003227589186,0.002790852683,1,-0.5770275593,0.004266871605,-0.06981170177,0,0.6415290833,-0.2674126029,40.84952927
0.1746714562,0.29576087,0.003682081588,0.003854267299,1,-0.521668613,0.005330394022,0.1065145731,0,0.5826993585,-0.7080070972,46.30882645
0.1746714562,0.3006044328,0.003523196559,0.006736051757,1,-0.2703888714,0.007601796184,0.1494603753,0,0.4677338898,-1.009365559,62.38882065
0.1746714562,0.3054480255,0.004637937527,0.009467130527,1,-0.1429965347,0.01054215524,0.05611741543,0,0.4235178828,-1.083487868,63.89981461
0.1746714562,0.3102915883,0.004881923553,0.01225581858,1,-0.4269610643,0.01319235563,0.01701056957,17.25595856,0.1079579592,-1.214143753,68.28086853
0.1746714562,0.315135181,0.003092821222,0.01543032192,1,-0.6780562997,0.01573722996,0.1707214415,22.17346954,-0.3864415288,-1.131353617,78.66594696
0.1746714562,0.3199787438,-0.0002740542404,0.01856251992,1,-0.7171853781,0.01856454276,0.369918108,0,-0.8047459126,-0.7860105038,90.84584808
0.1746714562,0.3248223364,-0.004278771114,0.02102915198,1,-0.5826165676,0.02146003582,0.1617640853,0,-1.044593453,-0.07531625777,101.5009003
0.1746714562,0.3296658993,-0.008155573159,0.01971083693,1,-0.3928489387,0.02133144252,-0.03062170744,0,-1.011588454,0.6154553294,112.4778595
0.1746714562,0.3345094621,-0.01108125225,0.01789983734,1,-0.1662344635,0.02105227672,-0.1031342149,0,-0.87672472,1.10825181,121.7604141
0.1746714562,0.3393530548,-0.01320722699,0.01384339482,1,-0.03345578909,0.01913296618,-0.2294838428,0,-0.3555921912,1.461459875,133.6527863
0.1746714562,0.3441966176,-0.01296563633,0.009709619917,1,0.3976745605,0.01619828492,0.1155474782,13.46414852,0.2026886344,1.299122572,143.1714478
0.1746714562,0.3490402102,-0.01029932126,0.008110656403,1,0.5010884404,0.01310949121,0.505866766,0,0.5998774171,1.16610539,141.7797699
0.179515034,0.237637952,0.009368755855,0.0005070675397,1,0.3837516904,0.009382467717,-0.334438324,0,0.8368560672,-0.2966458201,3.098011255
0.179515034,0.2424815297,0.01232481003,0.0004155421047,1,0.1294858605,0.01233181264,-0.1453300118,0,0.6285609007,-0.266353339,1.931047559
0.179515034,0.2473251075,0.01304041408,0.001093253493,1,-0.315384686,0.01308616064,-0.163944304,0,0.448710382,-0.3381927013,4.792231083
0.179515034,0.2521686852,0.01297058351,0.001259527751,1,-0.5150057077,0.01303159352,-0.2307966948,15.12286854,0.2848248184,-0.1945700645,5.546401501
0.179515034,0.257012248,0.01192551665,0.0009177872562,1,-0.8763810396,0.01196078118,-0.1565541029,34.94562912,0.2118833065,-0.04310528561,4.400806427
0.179515034,0.2618558407,0.009752037004,0.0007100295625,1,-1.209436655,0.009777850471,-0.004012748599,49.5338974,0.2429534793,-0.2127628326,4.164262295
0.179515034,0.2666994035,0.007244280074,0.001928884536,1,-1.332578897,0.00749667827,0.20418863,53.65045166,0.2955895662,-0.2974305153,14.90982628
0.179515034,0.2715429962,0.00472929934,0.003139660927,1,-1.021205902,0.00567659596,0.1853631735,40.63000488,0.2531605959,-0.1636271775,33.57916641
0.179515034,0.276386559,0.003524192842,0.003619246418,1,-0.6981733441,0.005051621236,-0.02863835543,25.49389648,0.3388208747,-0.162353307,45.7623558
0.179515034,0.2812301517,0.002988747787,0.003787319642,1,-0.5241718292,0.004824562464,-0.08532842994,17.40787697,0.3067751229,-0.2625176609,51.72141266
0.179515034,0.2860737145,0.002471215092,0.004477476235,1,-0.50249511,0.005114166532,-0.02394452691,16.28769493,0.3164770007,-0.3470239043,61.10475159
0.179515034,0.2909172773,0.002087757224,0.005352174863,1,-0.5882382393,0.005744955037,-0.03554500639,16.80654526,0.4279801846,-0.4369310737,68.69042206
0.179515034,0.29576087,0.00169499265,0.006421620958,1,-0.5111515522,0.006641552318,-0.1284666061,9.414264679,0.4405319989,-0.6585994959,75.21395111
0.179515034,0.3006044328,0.001745705958,0.00791991502,1,-0.1790381372,0.00811002776,0.0602542758,0,0.2989297509,-0.7138528228,77.56964111
0.179515034,0.3054480255,0.002275696956,0.01017106883,1,-0.01989130676,0.01042254455,0.1174439192,0,0.1274862289,-0.850684166,77.38822937
0.179515034,0.3102915883,0.002266850322,0.0126091186,1,-0.04280600697,0.01281126402,0.04557973146,0,-0.1598227322,-0.9335302114,79.80831146
0.179515034,0.315135181,0.001294248854,0.01491346397,1,-0.1384565234,0.01496951934,0.04708725214,0,-0.4994841218,-0.7104847431,85.04007721
0.179515034,0.3199787438,-0.0008230647654,0.01627847739,1,-0.06995153427,0.01629927196,0.1810703576,0,-0.8622437716,-0.3588138521,92.8944931
0.179515034,0.3248223364,-0.003220911371,0.01752843522,1,0.0403214097,0.01782190613,0.2449046373,0,-1.096254587,0.1360634565,100.4121475
0.179515034,0.3296658993,-0.00593755953,0.01680565812,1,-0.05636817217,0.0178237129,0.163034454,0,-1.092960477,0.6519991159,109.4586792
0.179515034,0.3345094621,-0.008787756786,0.01516010426,1,0.03218343854,0.01752294041,0.04571145773,0,-0.9778624773,0.904356122,120.0992889
0.179515034,0.3393530548,-0.01051802933,0.01264674589,1,0.2077305317,0.01644898579,-0.1108446121,0,-0.4441123009,1.125689983,129.749588
0.179515034,0.3441966176,-0.0099326903,0.009170852602,1,0.3594572544,0.01351898257,-0.07286766171,13.24852371,0.153244555,1.003644824,137.2837219
0.179515034,0.3490402102,-0.008034718223,0.007432574406,1,0.6612468958,0.01094531268,0.07091522217,0,0.1224573553,0.7886792421,137.2294006
0.1843586117,0.237637952,0.007620913908,0.001241623191,1,0.4691559076,0.007721396163,-0.3041428626,0,0.8649454117,-0.5644459724,9.253505707
0.1843586117,0.2424815297,0.01085182559,0.001872022287,1,0.2332801223,0.01101211086,-0.0755853653,0,0.6824136376,-0.4357735515,9.787625313
0.1843586117,0.2473251075,0.01205614768,0.002986222738,1,-0.202388227,0.01242047641,-0.01634436846,0,0.4398815632,-0.3273968697,13.91176701
0.1843586117,0.2521686852,0.01200214308,0.003378629219,1,-0.5548077226,0.012468623,-0.001307971776,17.44135094,0.3657572567,-0.2343865931,15.72202492
0.1843586117,0.257012248,0.01114046853,0.004115155432,1,-0.955915451,0.01187621709,0.06361724436,37.02803802,0.3540374339,-0.2474848777,20.27362442
0.1843586117,0.2618558407,0.009086900391,0.004885476548,1,-1.224870443,0.01031695865,0.1603738368,47.59413528,0.4227038026,-0.2573453784,28.26423073
0.1843586117,0.2666994035,0.007255112287,0.006138410885,1,-1.10209775,0.009503511712,0.1089396253,44.20070648,0.2916321754,-0.1196209714,40.23392105
0.1843586117,0.2715429962,0.005161347333,0.005992527585,1,-0.8986880779,0.007908849046,-0.01972113922,37.26655579,0.1128227115,0.03358009458,49.26176834
0.1843586117,0.276386559,0.003448711941,0.005880242214,1,-0.8038370609,0.006816954352,-0.002686775057,31.90730858,0.252410531,-0.01023154892,59.60874176
0.1843586117,0.2812301517,0.002490469953,0.006029071286,1,-0.7411702275,0.006523200311,0.03451832384,27.18879509,0.3538815379,-0.1685722172,67.55561066
0.1843586117,0.2860737145,0.00157284888,0.006863927003,1,-0.7642148733,0.007041828707,0.01771366596,25.99688911,0.4439226389,-0.3299466372,77.09365845
0.1843586117,0.2909172773,0.0009391144849,0.007712985855,1,-0.751509726,0.007769947872,-0.03836978972,26.55306244,0.399913609,-0.3686821163,83.05797577
0.1843586117,0.29576087,-0.0001301344164,0.008463820443,1,-0.5954588652,0.008464820683,-0.03167743981,14.93416786,0.4753671885,-0.3079485595,90.880867
0.1843586117,0.3006044328,0.0003574411385,0.009051126428,1,-0.2150361687,0.009058181196,0.02268236876,0,0.466207087,-0.3318375051,87.73848724
0.1843586117,0.3054480255,0.001086431439,0.01018096507,1,-0.04609461874,0.01023876853,0.05736808479,0,0.09226401895,-0.4872525334,83.9088974
0.1843586117,0.3102915883,0.0005810662406,0.01168903895,1,-0.06911964715,0.01170347258,0.09178999066,0,-0.1800407171,-0.6309590936,87.15415192
0.1843586117,0.315135181,-0.000120396151,0.01368165668,1,0.005670681596,0.0136821866,0.1136793941,0,-0.3599614501,-0.5131201148,90.50418091
0.1843586117,0.3199787438,-0.001134968596,0.01472499128,1,0.04440362751,0.01476866659,0.1677245498,0,-0.5219693184,-0.2126556337,94.40750885
0.1843586117,0.3248223364,-0.002433522604,0.01552405767,1,0.09372729063,0.01571363769,0.1218328178,0,-0.7281603813,0.1290525496,98.90907288
0.1843586117,0.3296658993,-0.004207894672,0.01469002198,1,0.04255744815,0.01528080832,0.009292393923,0,-0.8778936863,0.5288388729,105.9841385
0.1843586117,0.3345094621,-0.006479525939,0.01300760172,1,0.02396985888,0.01453210134,0.01403239369,0,-0.8671172857,0.8406690359,116.479454
0.1843586117,0.3393530548,-0.008291744627,0.0106861433,1,0.09281359613,0.01352577843,0.02955126762,0,-0.5011520386,0.916661799,127.8091049
0.1843586117,0.3441966176,-0.008457344957,0.008710812777,1,0.212622568,0.01214104425,-0.3049839437,0,0.2324896902,0.7655379772,134.1541595
0.1843586117,0.3490402102,-0.00613580877,0.005500987172,1,0.4865692258,0.008240692317,-0.7790651321,0,0.4720317125,0.546325326,138.1225586
0.1892021894,0.237637952,0.005161678419,0.002424104605,1,1.076988459,0.005702561233,-0.9178370237,0,0.8580789566,-0.9867326021,25.15638924
0.1892021894,0.2424815297,0.009848003276,0.002590955235,1,0.5800256133,0.01018313412,-0.1466709524,0,0.7028686404,-0.5141746402,14.74016476
0.1892021894,0.2473251075,0.01137547661,0.004204137251,1,-0.0556063056,0.0121274991,0.2379713953,0,0.4645963907,-0.4077083766,20.28325272
0.1892021894,0.2521686852,0.01182897855,0.005718355533,1,-0.555645287,0.01313865744,0.3017764091,0,0.4853382409,-0.3296810389,25.8000164
0.1892021894,0.257012248,0.01103493944,0.007262645755,1,-1.005312204,0.01321044657,0.2955684364,34.81272125,0.4795374274,-0.3179919422,33.35091782
0.1892021894,0.2618558407,0.009282347746,0.008690183051,1,-1.192373633,0.01271539461,0.2089782953,46.15684128,0.3990767002,-0.08354893327,43.11288071
0.1892021894,0.2666994035,0.007192544173,0.008679524064,1,-1.235106945,0.01127239224,-0.0395115912,49.96927643,0.3089482188,0.09493261576,50.35214996
0.1892021894,0.2715429962,0.004796426278,0.008038992062,1,-1.218380332,0.009361147881,0.04763556272,47.32675934,0.4480979741,0.03612761199,59.1777916
0.1892021894,0.276386559,0.003461621935,0.00873526372,1,-1.094732404,0.009396150708,0.2353020012,37.34695435,0.5874670744,0.01804611087,68.38250732
0.1892021894,0.2812301517,0.002339447383,0.009091287851,1,-0.9607189894,0.009387466125,0.2555305958,33.97946167,0.4440076351,-0.07354854792,75.56925201
0.1892021894,0.2860737145,0.0009588904795,0.01032918412,1,-0.8368496895,0.01037359703,0.1766875833,30.33192062,0.3778326511,-0.2027635127,84.69625092
0.1892021894,0.2909172773,0.0001161696637,0.0109291831,1,-0.5467942357,0.01092980057,0.002537071705,17.23783112,0.3591431379,-0.2615376115,89.39100647
0.1892021894,0.29576087,4.99877242e-05,0.01160825044,1,-0.4983418584,0.01160835847,-0.06017446518,0,0.5256190896,-0.1201273426,89.75327301
0.1892021894,0.3006044328,0.0002482890559,0.01121956948,1,-0.4656603038,0.01122231595,-0.1497818977,0,0.4952934086,0.008578464389,88.7322464
0.1892021894,0.3054480255,0.0001935180917,0.01084121969,1,-0.4443868101,0.01084294636,0.04396009818,12.67318916,0.3219677508,-0.1320036948,88.97736359
0.1892021894,0.3102915883,-0.0003446571936,0.01207186375,1,-0.4254848659,0.01207678299,0.2367676944,10.31052876,0.2532998323,-0.2383514792,91.63537598
0.1892021894,0.315135181,-0.0006404734449,0.01314249635,1,-0.1323527396,0.01315809321,0.1254789531,1.694907546,-0.0113498643,-0.176641196,92.78998566
0.1892021894,0.3199787438,-0.001040691976,0.01353520621,1,-0.04271119833,0.01357515529,-0.09096099436,0,-0.2391579747,-0.1745896786,94.39669037
0.1892021894,0.3248223364,-0.00200572866,0.01354755834,1,0.0006175786257,0.01369522884,-0.1954812407,0,-0.4734884501,0.04975578934,98.42151642
0.1892021894,0.3296658993,-0.003331078915,0.01234738156,1,0.02913761139,0.01278882008,-0.120130375,0,-0.5746483207,0.4380338788,105.0978394
0.1892021894,0.3345094621,-0.004647944123,0.01084405463,1,0.0551738739,0.01179817319,0.1221597195,0,-0.5927710533,0.6543189287,113.2007904
0.1892021894,0.3393530548,-0.005934972782,0.009769827127,1,-0.1218791604,0.01143124793,0.3357252479,0,-0.5086499453,0.661305666,121.2778397
0.1892021894,0.3441966176,-0.007701960858,0.009267080575,1,-0.6358426809,0.0120498538,-0.132558912,25.96850586,-0.03040835261,0.3645253479,129.7303162
0.1892021894,0.3490402102,-0.009162011556,0.007362160832,1,-1.100931644,0.01175346132,-1.068794727,0,0.498052448,-0.2822216749,141.2162781
0.1940457672,0.237637952,-0.001604017336,0.0001813180861,1,2.373818159,0.001614232897,-0.9249343872,0,1.447731495,-1.868742466,173.5506592
0.1940457672,0.2424815297,0.007650968619,0.002467021812,1,1.350850463,0.008038874716,0.09605270624,0,1.299675941,-1.003247738,17.87169266
0.1940457672,0.2473251075,0.01123401336,0.005505864974,1,0.1664638221,0.01251069922,0.5853902102,0,0.7039705515,-0.6438028812,26.10978317
0.1940457672,0.2521686852,0.01186698489,0.008420714177,1,-0.5787944794,0.01455107424,0.6067102551,0,0.5370577574,-0.5910167098,35.35919189
0.1940457672,0.257012248,0.01103185862,0.01130713988,1,-1.059293985,0.01579725556,0.4301483631,0,0.6107500792,-0.431420505,45.70601273
0.1940457672,0.2618558407,0.009694427252,0.01259378996,1,-1.168095589,0.01589293778,0.3235398531,0,0.4437735677,-0.1533848345,52.41170502
0.1940457672,0.2666994035,0.007523548324,0.01361716166,1,-1.445485473,0.01555734128,0.2201330662,0,0.5933536291,-0.08345552534,61.07913589
0.1940457672,0.2715429962,0.005567060784,0.01406424493,1,-1.537936568,0.01512597688,0.2015259564,0,0.9499982595,0.1166828349,68.40481567
0.1940457672,0.276386559,0.004675823264,0.01402810588,1,-1.319358587,0.01478685532,0.1235792935,0,0.866150856,0.3777861893,71.56583405
0.1940457672,0.2812301517,0.00337191415,0.01283297408,1,-1.105860949,0.01326857228,0.08094872534,0,0.4391482472,0.3453752995,75.2780838
0.1940457672,0.2860737145,0.001446548151,0.01274733525,1,-0.8798869848,0.01282914914,0.0251160264,0,0.1186108887,0.1762465537,83.52585602
0.1940457672,0.2909172773,-0.0003153746948,0.01210096385,1,-0.4948356748,0.01210507285,-0.01930071414,0,-0.01098640263,-0.1588916779,91.49289703
0.1940457672,0.29576087,-0.001003440237,0.01342345495,1,-0.3759125173,0.01346090809,-0.05184589326,0,0.3736179173,-0.3831333518,94.27506256
0.1940457672,0.3006044328,-0.0003264886618,0.0137055805,1,-0.3415446877,0.01370946877,-0.07021126151,0,0.6849737763,-0.1671247482,91.36461639
0.1940457672,0.3054480255,0.0006599854678,0.01389286295,1,-0.5371445417,0.01390853059,0.2275321931,0,0.72293365,-0.03491945565,87.28018951
0.1940457672,0.3102915883,0.0005733951111,0.01497678552,1,-0.7058866024,0.01498775836,0.2282388508,0,0.4936076105,0.1508413851,87.80747223
0.1940457672,0.315135181,-0.0003682044044,0.01426774357,1,-0.541446209,0.01427249424,-0.06800359488,0,-0.07681146264,0.1804283559,91.47828674
0.1940457672,0.3199787438,-0.002421183977,0.01377348602,1,-0.3352594376,0.01398467273,-0.3923793137,0,-0.2368694395,-0.1776505411,99.96992493
0.1940457672,0.3248223364,-0.00313935522,0.01322768815,1,0.04055059701,0.01359512005,-0.441326797,0,-0.09152952582,-0.02676790953,103.3511124
0.1940457672,0.3296658993,-0.002668104367,0.01176553778,1,0.1635622233,0.01206427161,-0.2098159194,0,-0.07669149339,0.4835699797,102.7770309
0.1940457672,0.3345094621,-0.002718591364,0.00986922998,1,0.1192512885,0.01023681741,0.09352141619,0,-0.2832712829,0.7031428814,105.4008255
0.1940457672,0.3393530548,-0.003462547902,0.008812788874,1,-0.2788361907,0.009468604811,0.6935886145,0,-0.6740144491,0.3273198605,111.4498825
0.1940457672,0.3441966176,-0.007333797403,0.01164328121,1,-1.442055464,0.01376047079,0.5336271524,0,-0.4608796835,-0.3816058636,122.2057419
0.1940457672,0.3490402102,-0.01267956197,0.0132457912,1,-2.318405867,0.018336365,-0.3953782618,0,0.1110506058,-1.057081342,133.7488251
