PIVlab, ASCII chart output - 13-Mar-2024
FRAME: 27, filenames: A:[27]2 vortices tapados mismo sentido clase 4.mp4 & B:[28]2 vortices tapados mismo sentido clase 4.mp4, conversion factor xy (px -> m): 0.00030272, conversion factor uv (px/frame -> m/s): 0.0090842
x [m],y [m],u [m/s],v [m/s],Vector type [-],vorticity [1/s],magnitude [m/s],divergence [1/s],dcev [1],simple shear [1/s],simple strain [1/s],vector direction [degrees]
0.1262357086,0.237637952,0.006818852387,-0.01113035902,1,-0.1780098677,0.01305303164,1.274911642,0,1.61102879,0.506239295,-58.50688934
0.1262357086,0.2424815297,0.01028932165,-0.009268797003,1,0.2792179585,0.01384849194,0.3496845365,0,0.6140055656,0.2171302438,-42.01306534
0.1262357086,0.2473251075,0.01114524994,-0.010488322,1,0.07921007276,0.01530429628,-0.2884015441,0,0.1543248147,0.1811167151,-43.26068115
0.1262357086,0.2521686852,0.01142046601,-0.01154294517,1,-0.2606478333,0.01623781398,-0.5237220526,0,0.2864220142,0.01657655835,-45.30559158
0.1262357086,0.257012248,0.01127008907,-0.01310529653,1,-0.5971442461,0.0172847826,-0.4793581963,0,0.6700106859,-0.0787409097,-49.30563736
0.1262357086,0.2618558407,0.01177340001,-0.013483366,1,-1.03161478,0.01790011488,-0.07039284706,0,0.8743219376,-0.2720648348,-48.87320328
0.1262357086,0.2666994035,0.01050822902,-0.01212848257,1,-1.016670346,0.01604752243,0.1442096531,0,0.2697929442,-0.1915075779,-49.09403992
0.1262357086,0.2715429962,0.00815584138,-0.01185729355,1,-0.3629652858,0.01439142693,0.1074936837,0,-0.3139871955,-0.1733655185,-55.47851181
0.1262357086,0.276386559,0.007229357027,-0.01076811925,1,0.0723002702,0.01296981052,0.1475358307,0,-0.1516784132,0.1322080493,-56.12390518
0.1262357086,0.2812301517,0.007771367207,-0.01178305224,1,-0.2070017755,0.01411504392,0.0004488378763,0,0.2829507887,0.4115040302,-56.59364319
0.1262357086,0.2860737145,0.007597221993,-0.01275909692,1,-0.3947491348,0.01484965812,0.06658500433,0,0.5007045269,0.3711222708,-59.22891998
0.1262357086,0.2909172773,0.008284568787,-0.01325809769,1,-0.2484620214,0.01563365757,-0.0579623431,0,0.3018289208,0.1494670808,-58.00003433
0.1262357086,0.29576087,0.007855708711,-0.01376379747,1,-0.07950586826,0.01584784687,-0.09244123846,0,-0.231177479,0.03556524962,-60.28437042
0.1262357086,0.3006044328,0.006779749878,-0.01387810707,1,0.02878174186,0.01544560958,0.09078335017,0,-0.6235605478,0.05529367179,-63.96350479
0.1262357086,0.3054480255,0.004974851385,-0.01359190047,1,0.442065388,0.01447373163,0.4269045591,0,-1.034101129,0.1819946021,-69.89657593
0.1262357086,0.3102915883,0.0039121788,-0.01269186661,1,0.9792788625,0.01328113768,0.1061493531,0,-1.04853332,0.264233619,-72.86845398
0.1262357086,0.315135181,0.004639411811,-0.01435759384,1,0.4949157536,0.01508856006,-1.092778325,0,-0.3586776555,0.2844713926,-72.09265137
0.1262357086,0.3199787438,0.004572058562,-0.01936268248,1,-1.029057503,0.01989515498,-1.547580004,0,0.3075802326,-0.3207090497,-76.71425629
0.1262357086,0.3248223364,0.001144880545,-0.02030003816,1,-1.232860088,0.02033229731,-0.6939942241,0,0.2118076682,-0.8222488165,-86.77205658
0.1262357086,0.3296658993,-0.0003734883503,-0.01874147169,1,-0.934992671,0.01874519326,-0.5036218762,0,-0.1216562688,-1.826932192,-91.1416626
0.1262357086,0.3345094621,-0.00397306541,-0.01389050204,1,-0.3695800304,0.01444753539,-0.2936439514,0,-1.415867686,-1.693471551,-105.9619904
0.1262357086,0.3393530548,-0.009021443315,-0.01196129806,1,-0.2450188398,0.01498195902,-0.1508036852,0,-1.625814438,-0.101318337,-127.0243073
0.1262357086,0.3441966176,-0.01303459238,-0.01413018815,1,-1.722454786,0.019224016,-0.39308846,0,0.1842663884,1.918624043,-132.6904297
0.1262357086,0.3490402102,-0.01647177897,-0.02315825783,1,-4.911456108,0.02841873281,0.04316449165,0,3.492184639,3.771004677,-125.4231186
0.1310792714,0.237637952,0.01113241073,-0.006797698326,1,-0.2910282016,0.01304374449,0.07609668374,0,0.509714663,0.7616709471,-31.40916824
0.1310792714,0.2424815297,0.01166202314,-0.008458014578,1,-0.08327545226,0.01440627594,-0.2349279523,0,0.03228397667,0.489477098,-35.95192337
0.1310792714,0.2473251075,0.01088542957,-0.01030641049,1,-0.237224862,0.0149904862,-0.1677983105,3.275580645,-0.06621874869,0.1955791414,-43.43490982
0.1310792714,0.2521686852,0.01019227039,-0.01021806151,1,-0.2515579462,0.01443229616,-0.009332509711,5.229612827,0.05192536116,-0.06505300105,-45.07239914
0.1310792714,0.257012248,0.009918495081,-0.01003652439,1,-0.2136891633,0.01411057636,0.09910906851,0,0.3688992262,-0.1797050387,-45.33888626
0.1310792714,0.2618558407,0.01094404235,-0.008867603727,1,-0.2244898677,0.01408568304,-0.02008574456,0,0.322596848,-0.2314119041,-39.01673126
0.1310792714,0.2666994035,0.0103936838,-0.009012949653,1,-0.3959307671,0.01375724934,-0.3703309596,0,-0.2126541138,0.222428292,-40.93040466
0.1310792714,0.2715429962,0.007996314205,-0.01173867937,1,-0.2534921765,0.0142034376,-0.219092235,0,-0.259939909,0.2552672625,-55.73755646
0.1310792714,0.276386559,0.007906835526,-0.01131054666,1,0.2050695717,0.01380023547,0.160654664,2.53095746,-0.04553610086,-0.07515969127,-55.04385376
0.1310792714,0.2812301517,0.008769026957,-0.01059649419,1,0.005446024239,0.01375432778,0.07266362756,0,0.1494844556,-0.07599564642,-50.39086914
0.1310792714,0.2860737145,0.008657253347,-0.01059050392,1,-0.2106092274,0.0136786988,-0.1256884187,1.364118934,0.1563405693,0.1486796588,-50.735569
0.1310792714,0.2909172773,0.008506173268,-0.01192541327,1,-0.2411907762,0.01464822423,-0.4247294664,0,0.04726679623,0.306261003,-54.50045013
0.1310792714,0.29576087,0.007717967499,-0.01413111296,1,-0.1718695164,0.01610140875,-0.3637853563,0,-0.1115277708,0.3655358851,-61.35802841
0.1310792714,0.3006044328,0.007133516483,-0.01545793749,1,-0.02041818202,0.01702453755,-0.1860861629,0,-0.2414740473,0.4406695366,-65.22766113
0.1310792714,0.3054480255,0.006449472159,-0.01716685295,1,0.09670008719,0.01833838969,0.02916169167,0,-0.5765832067,0.4719845653,-69.40913391
0.1310792714,0.3102915883,0.004809165373,-0.01760278456,1,0.2113006711,0.01824790798,0.3236773312,0,-0.9891560674,0.1704760194,-74.71941376
0.1310792714,0.315135181,0.002681869082,-0.01642481051,1,-0.03845697641,0.0166423209,0.1394545138,0,-0.944637537,-0.1655156016,-80.72649384
0.1310792714,0.3199787438,4.747075218e-05,-0.01612563804,1,-0.6027920246,0.01612570696,-0.4186256528,0,-0.4726522565,-0.3408818543,-89.83132935
0.1310792714,0.3248223364,-0.002527128672,-0.01680136845,1,-0.7137547135,0.01699035987,-0.479419589,0,-0.5384294391,-0.346024245,-98.55384827
0.1310792714,0.3296658993,-0.006017580628,-0.01677174866,1,-0.6933128238,0.01781860925,-0.6034194231,0,-0.5987724066,-0.6812518835,-109.7376099
0.1310792714,0.3345094621,-0.008785424754,-0.01642438211,1,0.03204292059,0.01862643287,-0.44238168,0,-0.778277874,-0.7451465726,-118.1423874
0.1310792714,0.3393530548,-0.009632027708,-0.01530528348,1,0.3638185263,0.0180839058,0.4841981828,0,-0.4783317447,-0.9428163767,-122.1833115
0.1310792714,0.3441966176,-0.00934007857,-0.009512525983,1,-0.1069811881,0.01333136205,1.466180086,0,0.6019320488,-1.114310503,-134.4759216
0.1310792714,0.3490402102,-0.007234694902,-0.002806477016,1,-1.35830307,0.007759969216,1.935190916,0,2.227650881,-0.8338482976,-158.7977753
0.1359228492,0.237637952,0.01087663881,-0.007251904812,1,0.292442888,0.01307254378,-0.5535333157,0,-0.02585914731,0.04815912247,-33.69303131
0.1359228492,0.2424815297,0.01152224839,-0.008709076792,1,0.02439454757,0.01444334537,-0.2033384442,0,0.05884341151,0.2938430309,-37.08376312
0.1359228492,0.2473251075,0.01127980836,-0.009660041891,1,-0.1576763391,0.01485094242,-0.0007779598236,3.079856157,0.06227705255,0.280816704,-40.57678986
0.1359228492,0.2521686852,0.01106017455,-0.01007300243,1,-0.04520871863,0.01495970692,0.1530812085,0,-0.0373938866,0.2817976177,-42.32554626
0.1359228492,0.257012248,0.01087971684,-0.01028348878,1,0.08967000991,0.01497058384,0.08916248381,0,-0.1939155161,0.2461767048,-43.3862381
0.1359228492,0.2618558407,0.01055525336,-0.01083351299,1,0.2633281648,0.01512542181,-0.1422025114,0,-0.4879275858,0.05543659627,-45.74534988
0.1359228492,0.2666994035,0.009791851975,-0.01124076918,1,0.1541291624,0.01490755659,-0.2390280217,0,-0.6133342981,-0.02121163905,-48.9408226
0.1359228492,0.2715429962,0.008331057616,-0.01188852359,1,-0.1659157574,0.0145170074,-0.1085418016,0,-0.2776394188,0.04448068142,-54.9785881
0.1359228492,0.276386559,0.007643457968,-0.01198194548,1,0.006998792291,0.01421230007,-0.0282446146,0,-0.1258839071,-0.1940583289,-57.46560669
0.1359228492,0.2812301517,0.007755228318,-0.01108539198,1,0.07257652283,0.01352883875,-0.06153427064,0,-0.05913116038,-0.2680336237,-55.02375412
0.1359228492,0.2860737145,0.00770858163,-0.01098174974,1,0.02778173611,0.01341719273,-0.2010270953,0,-0.03696293756,-0.04090917856,-54.93326569
0.1359228492,0.2909172773,0.007710758597,-0.01186093315,1,-0.04135810584,0.01414699666,-0.3697914183,0,0.07348432392,0.1442455947,-56.97222137
0.1359228492,0.29576087,0.007864187472,-0.01347152796,1,-0.1709632576,0.01559895929,-0.2949780822,0,0.2333311737,0.3425410986,-59.72517395
0.1359228492,0.3006044328,0.008012842387,-0.01494880673,1,-0.2531439364,0.01696090959,-0.1134600341,3.449412584,0.1577601284,0.5846742392,-61.80784988
0.1359228492,0.3054480255,0.00740218861,-0.01685299538,1,-0.337972939,0.0184069518,-0.05690670013,7.076592922,-0.0144931823,0.6775826812,-66.28791809
0.1359228492,0.3102915883,0.00630564522,-0.01850636303,1,-0.1847411692,0.01955112815,0.2484670579,0,-0.4117198884,0.6394481659,-71.18456268
0.1359228492,0.315135181,0.004513183143,-0.01874674298,1,-0.1076588929,0.01928235404,0.3945334256,0,-1.00976193,0.4411886036,-76.46392059
0.1359228492,0.3199787438,0.0008933305508,-0.01873234101,1,-0.1219836473,0.01875362918,0.0886939913,0,-1.398875117,0.23406066,-87.26967621
0.1359228492,0.3248223364,-0.002853214741,-0.01945083775,1,-0.1781280041,0.01965899207,-0.03318921477,0,-1.368087411,-0.12584427,-98.34510803
0.1359228492,0.3296658993,-0.006595883984,-0.01828355901,1,-0.3410650492,0.01943692937,-0.03164875507,0,-1.077668905,-0.3693113327,-109.8371582
0.1359228492,0.3345094621,-0.009724942036,-0.01781534776,1,-0.3571741581,0.0202968251,-0.1107238829,0,-0.602221787,-0.5738623142,-118.6289902
0.1359228492,0.3393530548,-0.01124279294,-0.01604031213,1,-0.256649226,0.01958805881,0.3826245964,0,-0.07478880137,-1.087121725,-125.0269394
0.1359228492,0.3441966176,-0.0113302879,-0.0106965173,1,0.1632073671,0.01558174938,0.6225731373,0,-0.1414374262,-1.493811607,-136.6481018
0.1359228492,0.3490402102,-0.0111373486,-0.005789438263,1,0.5152356029,0.01255221572,0.3782245517,0,-0.4355677962,-1.647989988,-152.5335999
0.1407664269,0.237637952,0.00868459139,-0.00833941903,1,0.7430160046,0.0120402677,-0.08420637995,0,0.6674281359,-0.1041338816,-43.83845139
0.1407664269,0.2424815297,0.01210038923,-0.008291158825,1,0.2354871929,0.01466842648,0.2154125273,0,0.4989342988,0.4015621245,-34.41885376
0.1407664269,0.2473251075,0.01224181894,-0.009241049178,1,-0.07418359816,0.01533815917,0.02895370126,0,0.115114212,0.4189651906,-37.04825974
0.1407664269,0.2521686852,0.01229863986,-0.01018020976,1,-0.04196596146,0.01596537605,0.06789512932,0,-0.1023660749,0.5157143474,-39.61628723
0.1407664269,0.257012248,0.01154273655,-0.01141009293,1,0.01628629863,0.01623037271,-0.03995028138,0,-0.3827210069,0.4403062165,-44.66889191
0.1407664269,0.2618558407,0.01052378491,-0.0125063695,1,0.0400634259,0.01634500921,-0.1301789582,0,-0.5375353098,0.142372787,-49.92025757
0.1407664269,0.2666994035,0.009133192711,-0.01273021847,1,0.02492782474,0.01566759869,-0.1818073094,0,-0.6108078957,-0.2285801768,-54.34275818
0.1407664269,0.2715429962,0.007686029188,-0.01227982156,1,-0.1204208061,0.01448685862,-0.1662697047,0,-0.3550745547,-0.3264909387,-57.95724869
0.1407664269,0.276386559,0.006830093917,-0.01195417438,1,-0.1004523039,0.01376780495,-0.1736035049,0,-0.005521025509,-0.389433831,-60.25823593
0.1407664269,0.2812301517,0.007172739133,-0.0112344306,1,0.02973281592,0.01332893874,-0.1142837033,0,0.1055643484,-0.331081003,-57.44338226
0.1407664269,0.2860737145,0.007485416252,-0.01090409979,1,-0.07204162329,0.01322614215,-0.1396741271,0,0.1217953488,-0.1118569076,-55.53128815
0.1407664269,0.2909172773,0.007413724437,-0.01136916503,1,-0.1469746679,0.01357281208,-0.19462201,0,0.2425499707,0.06732935458,-56.89201355
0.1407664269,0.29576087,0.007948342711,-0.01217288151,1,-0.1146738976,0.01453805994,-0.2374400496,0,0.5280365944,0.1958196163,-56.85727692
0.1407664269,0.3006044328,0.009415878914,-0.01346769184,1,-0.1740882695,0.01643281803,-0.1697108448,0,0.4853090346,0.5378595591,-55.04084396
0.1407664269,0.3054480255,0.009455764666,-0.01560005359,1,-0.3205694854,0.01824207231,-0.1277719438,3.021174192,0.2573874891,0.9529336691,-58.77840805
0.1407664269,0.3102915883,0.009109851904,-0.01870217361,1,-0.37069121,0.0208029002,0.03636002541,6.69594717,-0.1921181977,1.108741522,-64.02923584
0.1407664269,0.315135181,0.006729753688,-0.02079421654,1,-0.3697170019,0.0218560975,0.1170932949,0,-1.178538084,0.8620359898,-72.06656647
0.1407664269,0.3199787438,0.001610758016,-0.02231036127,1,-0.2960525155,0.02236843295,0.07323311269,0,-1.774147272,0.4388332963,-85.8705368
0.1407664269,0.3248223364,-0.003297419753,-0.02256502956,1,-0.3040077686,0.02280468121,0.1376040578,0,-1.671891093,-0.2692882419,-98.31375885
0.1407664269,0.3296658993,-0.007959662005,-0.02033954673,1,-0.3344451785,0.02184155211,0.1063767076,0,-1.48319447,-0.9163704515,-111.3723526
0.1407664269,0.3345094621,-0.01210127119,-0.0176112894,1,-0.5821586847,0.02136816084,0.05622208118,7.275293827,-0.4676133394,-1.165007114,-124.4941864
0.1407664269,0.3393530548,-0.01304431446,-0.01442442834,1,-0.654753685,0.0194478333,0.1252884269,11.40986347,0.3535882235,-1.242129087,-132.123703
0.1407664269,0.3441966176,-0.01355998963,-0.01098809671,1,0.0003171674907,0.01745312475,0.1117230058,0,-0.07063469291,-1.336103678,-140.9810333
0.1407664269,0.3490402102,-0.01338490285,-0.007411767263,1,0.4004005492,0.01529999729,0.1632019877,0,-0.3281042874,-1.313524008,-151.0249176
0.1456100047,0.237637952,0.009964398108,-0.007618020754,1,0.7338429093,0.01254286524,0.06334641576,0,1.143370628,-0.01303119212,-37.39877701
0.1456100047,0.2424815297,0.01451061293,-0.007433050312,1,0.1259029806,0.0163036231,0.3702217937,0,0.5935940742,0.6025175452,-27.12376022
0.1456100047,0.2473251075,0.01344933826,-0.008743163198,1,-0.2166478485,0.01604143344,-0.0616056174,4.001363754,0.08788339794,0.543836236,-33.02714157
0.1456100047,0.2521686852,0.01388693228,-0.01036555506,1,-0.1183440387,0.01732892357,-0.07137542963,1.991251469,-0.01182156429,0.6456469893,-36.73858261
0.1456100047,0.257012248,0.012818872,-0.01221611165,1,-0.2946203947,0.01770753786,-0.1297566146,0,-0.3810407519,0.5444562435,-43.6207695
0.1456100047,0.2618558407,0.01061431505,-0.01363115758,1,-0.2611354291,0.01727634668,-0.2103188187,0,-0.7742073536,0.2240487486,-52.09280777
0.1456100047,0.2666994035,0.007804108318,-0.01432000473,1,-0.1418784261,0.01630848274,-0.2209512591,0,-0.8222811818,-0.346079886,-61.41052628
0.1456100047,0.2715429962,0.005944333039,-0.0130250873,1,-0.1493521184,0.01431740168,-0.1877982318,0,-0.4468529224,-0.765442729,-65.46920013
0.1456100047,0.276386559,0.004916342907,-0.01152213849,1,-0.1578310728,0.01252717432,-0.2455008179,0,0.08634188771,-0.7217998505,-66.8927002
0.1456100047,0.2812301517,0.005598069634,-0.01071809605,1,-0.08853152394,0.01209197938,-0.1940302998,0,0.4134831727,-0.4994353652,-62.42189789
0.1456100047,0.2860737145,0.006490271538,-0.01004288532,1,-0.1461037844,0.01195755694,-0.1339824498,0,0.4549956322,-0.2875586152,-57.12720871
0.1456100047,0.2909172773,0.007094206754,-0.009974240325,1,-0.2600967586,0.01223982219,-0.09382181615,0,0.5021336079,-0.02865835279,-54.5775528
0.1456100047,0.29576087,0.007662595715,-0.01035850961,1,-0.1654054523,0.01288464572,-0.1319620758,0,0.7232146859,0.2356843799,-53.50821686
0.1456100047,0.3006044328,0.009795999154,-0.01175496448,1,-0.06726944447,0.0153016597,-0.2298383117,0,0.83866781,0.5330494642,-50.19386673
0.1456100047,0.3054480255,0.01139892358,-0.01405361574,1,-0.1556187272,0.01809529215,-0.1478911042,0,0.5801054239,1.067422628,-50.95440674
0.1456100047,0.3102915883,0.01185203344,-0.01764143072,1,-0.5501851439,0.02125301771,-0.2318221927,10.35873795,0.1076916456,1.545937061,-56.10562897
0.1456100047,0.315135181,0.009255671874,-0.0226643309,1,-0.8327181339,0.0244814083,-0.1578115225,0,-0.9177377224,1.545511365,-67.78585052
0.1456100047,0.3199787438,0.003373564221,-0.02589160763,1,-0.5096855164,0.02611046284,0.5679578185,0,-2.121986866,1.272386789,-82.57642365
0.1456100047,0.3248223364,-0.003491037292,-0.02607628703,1,1.742720366,0.02630893514,0.0495967567,0,-4.610996246,-0.3724037409,-97.62528992
0.1456100047,0.3296658993,-0.01051915158,-0.02384761535,1,-0.2122656703,0.02606455982,-0.2110070586,0,-2.183572054,-2.031102896,-113.8022079
0.1456100047,0.3345094621,-0.01509542856,-0.01726053841,1,-0.4973626137,0.02293029055,0.009579896927,0,-0.7688802481,-2.610649586,-131.1717529
0.1456100047,0.3393530548,-0.01665229723,-0.01115632989,1,-0.9489093423,0.02004401945,-0.4293339252,14.48644066,0.5018756986,-1.713582993,-146.1795959
0.1456100047,0.3441966176,-0.01726067066,-0.01104017813,1,-0.4138732255,0.02048941888,-1.164608955,0,0.4021618664,-1.544147015,-147.3964233
0.1456100047,0.3490402102,-0.01670902222,-0.009318008088,1,0.1954115331,0.0191315636,-0.9432522058,0,0.03237327933,-1.654364944,-150.8531952
0.1504535824,0.237637952,0.008928297088,-0.006355839781,1,1.210706234,0.01095952466,0.1073902398,0,2.044586182,-0.02886409685,-35.44614792
0.1504535824,0.2424815297,0.01681192778,-0.006025860552,1,0.383485198,0.01785922423,0.4519586563,0,0.782851696,0.7431046963,-19.71908569
0.1504535824,0.2473251075,0.01457754057,-0.007766028401,1,-0.4925816953,0.01651713811,-0.05311581492,10.00835133,0.1350445449,0.6980643272,-28.04598236
0.1504535824,0.2521686852,0.01508016884,-0.009664259851,1,-0.3526945412,0.01791115291,0.02820685506,6.848931313,0.1408313811,0.8669782877,-32.65414047
0.1504535824,0.257012248,0.01355136652,-0.0118286768,1,-0.7127680779,0.01798769273,-0.2593989074,13.36051941,-0.2142082453,0.8404519558,-41.11695862
0.1504535824,0.2618558407,0.01059028693,-0.01499147341,1,-0.6000953913,0.01835479401,-0.2906016111,0,-0.8791073561,0.5759325027,-54.76182938
0.1504535824,0.2666994035,0.006386733148,-0.01602580212,1,-0.9402487874,0.01725157164,-0.3050402403,13.70907211,-0.6126021743,-0.5673841834,-68.27133179
0.1504535824,0.2715429962,0.003068932332,-0.01372078992,1,-0.6795943975,0.01405981556,-0.1398140788,13.51112556,-0.1961704791,-1.224611044,-77.39215851
0.1504535824,0.276386559,0.002144898055,-0.01077150367,1,-0.1630784273,0.01098298188,-0.08601868153,0,0.3168804348,-1.101364493,-78.73816681
0.1504535824,0.2812301517,0.003813884221,-0.008802883327,1,-0.1121968329,0.009593564086,-0.1272102296,0,0.793253541,-0.7009339333,-66.57514191
0.1504535824,0.2860737145,0.005443649366,-0.00799262803,1,-0.1815234125,0.009670336731,-0.09240190685,0,0.802264452,-0.324801147,-55.74185944
0.1504535824,0.2909172773,0.006820482202,-0.007677243091,1,-0.1981751621,0.01026932523,-0.02383765951,0,0.819013834,-0.04940703884,-48.38203049
0.1504535824,0.29576087,0.008450729772,-0.007868780755,1,-0.1310771406,0.01154697035,-0.007336109877,0,0.9701311588,0.2822166383,-42.95771408
0.1504535824,0.3006044328,0.0108845057,-0.009079714306,1,-0.03901308775,0.01417440269,-0.1828352064,0,1.166043043,0.6776311398,-39.83442688
0.1504535824,0.3054480255,0.01390958671,-0.01203651633,1,-0.1584056318,0.01839441061,-0.1647969484,0,1.106127381,1.163969159,-40.87093735
0.1504535824,0.3102915883,0.01547486987,-0.01551569626,1,-0.695532918,0.02191365883,-0.04384994507,7.388937473,0.6008919477,1.849275351,-45.0754776
0.1504535824,0.315135181,0.01345118601,-0.02120601572,1,-0.9548231363,0.0251123365,0.7796649933,11.63181686,-0.06720229983,3.7947855,-57.61264038
0.1504535824,0.3199787438,0.01052461006,-0.03011966683,1,-2.005906343,0.03190551326,-0.853754282,8.091982841,-1.774800181,5.78054285,-70.73923492
0.1504535824,0.3248223364,-0.004860960413,-0.05333974957,1,-1.427567959,0.05356078967,0.5095616579,0,-4.630785465,0.4616747797,-95.20709229
0.1504535824,0.3296658993,-0.01881949604,-0.02988772281,1,-2.860386848,0.03531925008,2.413142204,19.39417648,-1.235522747,-4.691823006,-122.1975174
0.1504535824,0.3345094621,-0.02469975501,-0.01892640628,1,-0.9444978237,0.03111730702,0.4194923639,17.99181938,-0.006081223488,-4.223828316,-142.5385437
0.1504535824,0.3393530548,-0.02342369966,-0.007397438399,1,-1.017589808,0.02456403524,-0.2940206528,16.17120934,0.6087381244,-2.748990774,-162.4733582
0.1504535824,0.3441966176,-0.02668005973,-0.007035567425,1,-1.004835606,0.0275921151,-0.7492132783,9.930591583,0.4798180759,-0.5832167268,-165.2273102
0.1504535824,0.3490402102,-0.02596666291,-0.008201455697,1,-0.4401214123,0.02723107673,0.04867273569,0,0.7346948385,0.5300874114,-162.4715118
0.1552971601,0.237637952,0.01034474559,-0.003579057753,1,1.426561117,0.01094638836,-0.3195283413,0,2.683726549,0.4731212854,-19.0845108
0.1552971601,0.2424815297,0.02029899508,-0.005498687737,1,0.2557338178,0.02103056759,0.2431739122,0,1.03018558,0.6817234755,-15.15681171
0.1552971601,0.2473251075,0.01657319628,-0.00570320664,1,-0.7066487074,0.01752704754,0.2238422632,12.96721458,0.278006047,0.7351246476,-18.98948288
0.1552971601,0.2521686852,0.01822283119,-0.007975123823,1,-0.5556239486,0.01989156008,0.3309248984,5.563876152,0.3615628779,1.177013993,-23.63632965
0.1552971601,0.257012248,0.01563324779,-0.00980129838,1,-1.146918058,0.01845166273,0.05720603466,24.17619133,-0.1385973692,1.503956795,-32.08574677
0.1552971601,0.2618558407,0.01199633721,-0.01498257369,1,-2.035817623,0.01919347793,-0.1740278304,42.03729248,-0.4530029297,0.4312529266,-51.31623459
0.1552971601,0.2666994035,0.003578452859,-0.01273302268,1,-2.622034073,0.013226307,-0.1424287558,55.66643524,0.008118510246,-1.029993296,-74.30266571
0.1552971601,0.2715429962,-0.0006643662346,-0.01068358589,1,-1.538068891,0.01070422307,-0.3020467758,29.16358757,0.6269050837,-1.032003522,-93.55839539
0.1552971601,0.276386559,-0.0008348400006,-0.009197420441,1,-0.6143121123,0.009235231206,-0.07387560606,0,1.079103827,-0.9722010493,-95.18645477
0.1552971601,0.2812301517,0.0015868888,-0.006332476623,1,-0.1756145954,0.006528283004,0.01389089227,0,1.270746469,-0.7953431606,-75.93166351
0.1552971601,0.2860737145,0.004469516221,-0.005277832504,1,-0.1358038783,0.006916075014,-0.0745690465,0,1.199597597,-0.3398841918,-49.74050522
0.1552971601,0.2909172773,0.006739440374,-0.00504740607,1,-0.1939088702,0.00841999799,-0.07751104981,0,1.128029346,-0.1297681034,-36.83084488
0.1552971601,0.29576087,0.008994000964,-0.00502472138,1,-0.1248982549,0.01030242071,-0.1322934628,0,1.250748158,0.04748591781,-29.19098854
0.1552971601,0.3006044328,0.01219258178,-0.005918181501,1,-0.01608181,0.01355300378,-0.2532441914,0,1.511771798,0.3463188112,-25.89156342
0.1552971601,0.3054480255,0.01623849198,-0.007928751409,1,-0.1427806616,0.0180707965,-0.3291166425,0,1.877897024,0.7948283553,-26.02482224
0.1552971601,0.3102915883,0.02059675194,-0.01136209629,1,0.3132348061,0.02352282777,-0.4255045056,0,2.819549799,1.729166985,-28.88310814
0.1552971601,0.315135181,0.03141237795,-0.01836507022,1,-1.045050383,0.03638699278,0.3402686119,0,2.415957451,3.108910084,-30.31245041
0.1552971601,0.3199787438,0.02723684721,-0.02477222681,1,-5.784673691,0.03681723773,-0.3965318203,122.3289871,-0.4502120018,4.398735046,-42.28688431
0.1552971601,0.3248223364,0.001213221811,-0.04159132019,1,-11.24359417,0.04160901159,0.3175004125,237.6650391,1.169849396,-1.498258114,-88.32915497
0.1552971601,0.3296658993,-0.0215561185,-0.01597745903,1,-7.066666603,0.02683179826,2.277288914,142.2166748,-0.1047577858,-3.684453964,-143.4540558
0.1552971601,0.3345094621,-0.03352202475,-0.01271524467,1,-2.990865707,0.03585252538,-0.5006078482,59.27606583,0.9602918625,-3.122301102,-159.2277679
0.1552971601,0.3393530548,-0.03139135987,-0.003279083874,1,-0.01396584511,0.03156215698,-0.6257107258,0,2.03883791,-2.456197023,-174.0366058
0.1552971601,0.3441966176,-0.02371439897,-0.003849142231,1,0.9760423899,0.02402475104,-0.002268087119,0,2.634017944,0.06970563531,-170.7805939
0.1552971601,0.3490402102,-0.01390575245,-0.003627694212,1,1.119119883,0.01437115576,1.343551159,0,2.931033611,1.252111673,-165.3787079
0.1601407379,0.237637952,0.009672236629,-0.0002666610235,1,2.339792252,0.009675911628,-0.9638617039,0,2.458108902,-0.1346886158,-1.579229593
0.1601407379,0.2424815297,0.02129174024,-0.002274743048,1,0.463052094,0.02141290903,-0.6384651065,0,1.508658648,-0.07480829954,-6.09817028
0.1601407379,0.2473251075,0.01922237128,-0.002996776486,1,-0.5514426231,0.01945456862,-0.09562730789,0,0.7769469023,0.5128177404,-8.86110878
0.1601407379,0.2521686852,0.0223839879,-0.005221793894,1,-0.6650695801,0.02298499644,-0.09618273377,0,1.055403352,0.7189227343,-13.13126373
0.1601407379,0.257012248,0.02111298032,-0.006944797002,1,-2.18468523,0.02222584374,0.3509156704,45.84683228,0.00699532032,0.7851388454,-18.20784187
0.1601407379,0.2618558407,0.01183617674,-0.007324987557,1,-3.826716423,0.01391942985,0.3977473378,80.50455475,-0.3860710859,-0.357550621,-31.75188637
0.1601407379,0.2666994035,0.0007080158102,-0.003286452498,1,-3.160675526,0.003361853072,0.1546751559,67.12001801,0.0165489912,-0.6898281574,-77.8423233
0.1601407379,0.2715429962,-0.003392643994,-0.003234570147,1,-1.785311103,0.004687481094,-0.3240244091,30.1382618,1.035891652,-0.472084552,-136.3663788
0.1601407379,0.276386559,-0.002921855543,-0.002569311764,1,-0.9977341294,0.00389083568,-0.3095371723,0,1.704134226,-0.6062701941,-138.6734772
0.1601407379,0.2812301517,2.885960566e-05,-0.001797320787,1,-0.3533628583,0.001797552453,-0.2615780234,0,1.666043043,-0.4772872329,-89.08007812
0.1601407379,0.2860737145,0.003436212894,-0.001524507301,1,-0.2270262241,0.003759212792,-0.1537289619,0,1.421941996,-0.2617048025,-23.92490578
0.1601407379,0.2909172773,0.005816509482,-0.001274332986,1,-0.4170550108,0.005954469554,-0.1475182474,0,1.367539406,-0.2133325636,-12.35761929
0.1601407379,0.29576087,0.008039957844,-0.001205730485,1,-0.320158124,0.008129865862,-0.2070094943,0,1.459565997,-0.1233722493,-8.528931618
0.1601407379,0.3006044328,0.01133531984,-0.001679436537,1,-0.1027117968,0.01145905722,-0.3293184638,0,1.780260921,-0.1138834134,-8.427612305
0.1601407379,0.3054480255,0.01616529748,-0.002249206882,1,-0.1136715412,0.01632102206,-0.3920174241,0,2.271981239,-0.04171271622,-7.921164036
0.1601407379,0.3102915883,0.02178926021,-0.003376164706,1,-0.5128866434,0.02204927057,-0.1504883766,0,3.401712656,0.3023068011,-8.80772686
0.1601407379,0.315135181,0.03015755117,-0.004442355596,1,-2.226839542,0.03048298508,-0.772064805,0,3.90335536,-0.5850912333,-8.379688263
0.1601407379,0.3199787438,0.02990959398,-0.004281785805,1,-8.704715729,0.0302145239,-0.04628098011,184.9691315,0.294072628,-2.364419222,-8.146972656
0.1601407379,0.3248223364,-0.01058005262,0.006785727572,1,-12.01399422,0.01256915275,0.443442136,255,0.5462727547,-1.23189187,147.3251038
0.1601407379,0.3296658993,-0.02563520893,0.003832824761,1,-6.801521778,0.02592015639,-0.4114282429,144.2386475,0.2634534836,0.9459186792,171.49646
0.1601407379,0.3345094621,-0.04224759713,0.0002113323571,1,-4.227553844,0.04224812612,-0.2193798423,83.04863739,1.602231979,0.04640484601,179.7133942
0.1601407379,0.3393530548,-0.03835115954,0.00254547596,1,0.1454578638,0.03843554109,-0.06783331931,0,3.13603735,-0.2296213657,176.2026825
0.1601407379,0.3441966176,-0.02635342069,0.0009949653177,1,1.469808698,0.02637219615,-0.3790033162,0,3.682744503,0.02788332105,177.8378448
0.1601407379,0.3490402102,-0.01339436788,0.000574688951,1,1.700674534,0.01340669114,-0.6656486988,0,3.650333881,-0.4921096265,177.5432129
0.1649843156,0.237637952,0.005023831967,-0.003005981911,1,2.815612316,0.005854469724,0.1678432822,0,2.065229416,-0.8940870166,-30.89395905
0.1649843156,0.2424815297,0.01684419997,-0.0004342110478,1,1.022592068,0.01684979536,-0.4627996981,0,1.779068112,-1.234323025,-1.476647854
0.1649843156,0.2473251075,0.01859389059,0.000730951142,1,-0.2741321921,0.01860825159,-0.02840017527,0,1.181502819,-0.191984117,2.251215935
0.1649843156,0.2521686852,0.02123912051,0.0003581204219,1,-0.8295544386,0.02124213986,-0.1597058028,0,1.354358554,-0.1769093722,0.9659931064
0.1649843156,0.257012248,0.02113581635,0.0008142778534,1,-2.333482981,0.0211514961,-0.1098368913,48.56090164,0.4654242992,-0.3832587004,2.206284523
0.1649843156,0.2618558407,0.01219103299,0.001682460308,1,-3.495440006,0.01230658218,0.1275227964,72.91307831,-0.6645880938,-0.2527400553,7.857641697
0.1649843156,0.2666994035,0.000986397732,0.002656110562,1,-3.029237747,0.002833355451,0.3622309566,63.31517029,-0.4209835529,0.09410914779,69.6265564
0.1649843156,0.2715429962,-0.004520381801,0.002981129102,1,-1.979381323,0.005414885469,-0.05638894439,39.4462738,0.6875631809,-0.3109897077,146.5957184
0.1649843156,0.276386559,-0.005270624068,0.003889289219,1,-0.8110818267,0.006550271064,-0.249049589,0,1.333117247,-0.3455780745,143.5757141
0.1649843156,0.2812301517,-0.001991862431,0.00344867236,1,-0.07472127676,0.003982569091,-0.3864577711,0,1.670226812,-0.1427916586,120.0095901
0.1649843156,0.2860737145,0.002457330469,0.00270907348,1,-0.01844924688,0.003657533554,-0.09697547555,0,1.460258484,-0.1274785548,47.78963852
0.1649843156,0.2909172773,0.004991631489,0.003596415976,1,-0.3557806015,0.0061522834,-0.01663992554,0,1.374953032,-0.1996528208,35.77233887
0.1649843156,0.29576087,0.007393771317,0.003595510731,1,-0.3869935274,0.008221651427,-0.1939281821,0,1.430492282,-0.1125270128,25.93315315
0.1649843156,0.3006044328,0.01004589908,0.003202143125,1,-0.2940348387,0.01054389961,-0.3815670907,0,1.686376452,-0.387932688,17.67974663
0.1649843156,0.3054480255,0.01413768623,0.003626342863,1,0.02558279037,0.0145953605,-0.1210364103,0,2.304553509,-1.028718114,14.38631821
0.1649843156,0.3102915883,0.02133209631,0.007598570082,1,-0.4584647417,0.02264501154,-0.1651697755,0,2.667823315,-1.755040407,19.60608292
0.1649843156,0.315135181,0.02483888716,0.01132700499,1,-3.312335014,0.02729965746,-0.3899840117,53.45967484,2.120723248,-2.705530643,24.5138855
0.1649843156,0.3199787438,0.01556043327,0.01881409995,1,-5.59762001,0.02441510744,-1.437479258,115.0146255,-0.06855940819,-3.07228446,50.40712738
0.1649843156,0.3248223364,-0.00260569551,0.01924531162,1,-6.302958488,0.01942090876,1.266853213,130.0981598,-0.8255956173,1.384906769,97.71060181
0.1649843156,0.3296658993,-0.01896727271,0.01824229769,1,-6.715613842,0.0263161324,0.4817946851,142.377243,0.1596655846,1.250554323,136.1161957
0.1649843156,0.3345094621,-0.03435984254,0.01552177593,1,-3.816587687,0.03770310432,1.257766724,73.87993622,0.9540688992,2.710469484,155.6893311
0.1649843156,0.3393530548,-0.03283210471,0.01120601967,1,-0.3863886595,0.03469181433,0.5592265725,0,2.233115673,2.345590353,161.1545715
0.1649843156,0.3441966176,-0.02541507594,0.006869384088,1,0.5161121488,0.02632706799,0.02692365646,0,2.233644485,1.139817238,164.875061
0.1649843156,0.3490402102,-0.01951344498,0.005815633107,1,0.7793582082,0.02036163397,-0.513105154,0,1.657523394,-0.07799382508,163.4042511
0.1698278934,0.237637952,0.006154618692,-0.003901198972,1,1.023174047,0.007286884356,1.427725554,0,1.832969189,-0.7568190098,-32.36919022
0.1698278934,0.2424815297,0.01307159476,0.00138930697,1,0.9828474522,0.0131452186,0.3248461187,0,1.494722724,-1.317515016,6.066872597
0.1698278934,0.2473251075,0.01815492287,0.004053704906,1,0.2325081825,0.01860198192,0.1117693484,0,1.353503585,-0.7072225809,12.58677006
0.1698278934,0.2521686852,0.02075356618,0.00535615813,1,-0.8623600602,0.02143359371,-0.1715756655,0,0.9799820781,-0.6997446418,14.47132874
0.1698278934,0.257012248,0.01872463338,0.006611928344,1,-2.261102676,0.01985773072,-0.4987461567,46.47003555,0.2948106527,-0.7114619017,19.44883347
0.1698278934,0.2618558407,0.01122967713,0.00638646353,1,-2.997682571,0.01291869022,0.1834998429,63.36515045,-0.2656693459,-0.3811448514,29.62745094
0.1698278934,0.2666994035,0.002918334678,0.009346828796,1,-3.164497614,0.009791827761,0.6582533121,65.6418457,-0.2217901945,-0.02234271169,72.66021729
0.1698278934,0.2715429962,-0.005172071047,0.00968298316,1,-2.084722519,0.01097772643,-0.0361763835,43.9038887,0.2843352556,0.2798182964,118.1084824
0.1698278934,0.276386559,-0.005801980849,0.007816283964,1,-0.4151877463,0.009734335355,-0.1867134273,0,0.9597170353,0.4385500848,126.5862732
0.1698278934,0.2812301517,-0.002534601139,0.006654470693,1,0.2573595047,0.007120827679,-0.1731693745,0,1.425494194,0.2766128778,110.8511887
0.1698278934,0.2860737145,0.002349052345,0.005637728609,1,0.210202992,0.006107538939,0.1108400822,0,1.297670484,0.01707863808,67.38014984
0.1698278934,0.2909172773,0.004768878687,0.007108610123,1,-0.1967535019,0.008560054936,0.1071823835,0,1.065236688,-0.2974099815,56.14393997
0.1698278934,0.29576087,0.006555618253,0.007597403135,1,-0.4004166424,0.01003477257,-0.2194414139,0,0.9866174459,-0.3854818344,49.2098732
0.1698278934,0.3006044328,0.007608187851,0.007912839763,1,-0.3557394743,0.01097713783,-0.3294844627,0,1.189989328,-0.5755345225,46.12447357
0.1698278934,0.3054480255,0.01059637219,0.008789165877,1,-0.4581617713,0.01376708131,-0.2660310864,0,1.465760946,-1.061603069,39.67402649
0.1698278934,0.3102915883,0.01248857286,0.0117662549,1,-0.4355606735,0.01715835743,0.007046937943,0,1.378626704,-2.694245338,43.29421234
0.1698278934,0.315135181,0.01516418532,0.02187308483,1,-1.433773041,0.02661549114,-0.6586756706,24.710186,0.5207352042,-2.874475002,55.2671814
0.1698278934,0.3199787438,0.008066203445,0.02249865048,1,-1.858409405,0.02390089817,0.103525877,35.54597473,-0.8049589992,-2.258916616,70.27625275
0.1698278934,0.3248223364,0.002263953211,0.03331575915,1,-3.343222857,0.03339259326,1.821148992,44.17725372,-1.882386446,-1.200403571,86.11248016
0.1698278934,0.3296658993,-0.01724444143,0.03713377565,1,-3.434233665,0.04094249755,-0.1079937816,62.30692291,-1.787354469,1.956061363,114.9095459
0.1698278934,0.3345094621,-0.02302713692,0.02331837825,1,-1.189179897,0.03277187422,-0.2812950611,23.91825676,-0.2636742592,4.240264893,134.6399536
0.1698278934,0.3393530548,-0.02428145334,0.0152332494,1,-0.1544213444,0.02866427787,0.0953053236,0,0.6344211698,2.986641407,147.8974152
0.1698278934,0.3441966176,-0.0207022205,0.009313966148,1,0.3964149654,0.02270092256,-0.4222441912,0,1.260222316,1.725981712,155.7769318
0.1698278934,0.3490402102,-0.01625740156,0.004828149918,1,0.9209877253,0.01695919037,-0.3750914335,0,0.9143519402,1.477176785,163.4595337
0.1746714562,0.237637952,0.008273415267,0.0009163173381,1,-0.07873898745,0.008324003778,0.7558524013,0,1.632434607,0.2897606492,6.320003033
0.1746714562,0.2424815297,0.01203613821,0.002045093104,1,0.4587316811,0.01220864616,0.3308568001,0,1.076570511,-0.7518664002,9.643185616
0.1746714562,0.2473251075,0.01570977084,0.00616057124,1,0.2070267797,0.01687452383,0.1457760334,0,0.8216922879,-1.348272681,21.41258049
0.1746714562,0.2521686852,0.01701881923,0.009281634353,1,-0.6591754556,0.01938527636,-0.1439527273,6.370471001,0.569224894,-1.596074224,28.6069355
0.1746714562,0.257012248,0.01527408883,0.01319402363,1,-1.714536309,0.02018365823,-0.05663204193,34.71508789,0.5201519728,-1.219723463,40.82102585
0.1746714562,0.2618558407,0.01123372559,0.01491515804,1,-2.581341982,0.01867240109,0.2462092787,54.33691406,0.2674297094,-0.5208473206,53.01385498
0.1746714562,0.2666994035,0.004066475201,0.01690932177,1,-2.874239922,0.01739141718,0.05969359726,61.03100967,-0.1346949339,0.1545264125,76.47787476
0.1746714562,0.2715429962,-0.003340285039,0.01445582788,1,-1.712571144,0.01483672671,-0.2166440487,36.11130142,0.03667968512,1.09655571,103.0108871
0.1746714562,0.276386559,-0.004050835501,0.0105487369,1,-0.4498640895,0.01129978336,-0.05708834529,0,0.8317013383,1.047304392,111.0073547
0.1746714562,0.2812301517,-0.001490826486,0.009106615558,1,0.1955633759,0.009227839299,0.03004717827,0,1.276024342,0.5611501932,99.29730988
0.1746714562,0.2860737145,0.003076913767,0.00797629822,1,0.05128520727,0.008549194783,0.007527180016,0,1.096852541,-0.1168313697,68.90552521
0.1746714562,0.2909172773,0.004070250783,0.009708954021,1,-0.2783697844,0.0105276173,-0.01915726066,0,0.5647013187,-0.5017362833,67.25527954
0.1746714562,0.29576087,0.004463783,0.0103137074,1,-0.2207257748,0.01123823505,-0.2985524237,0,0.5494343042,-0.5008895397,66.59699249
0.1746714562,0.3006044328,0.005662376061,0.01068898942,1,-0.02816033363,0.01209615637,-0.07796138525,0,0.6977921724,-0.6212149262,62.08807755
0.1746714562,0.3054480255,0.007707196753,0.01294499822,1,-0.2211624384,0.01506565139,0.09090930223,0,0.7691222429,-1.08523035,59.23126602
0.1746714562,0.3102915883,0.008316461928,0.01638571359,1,-0.4966386259,0.01837539487,0.1324496865,0,0.5004845262,-1.488006353,63.09022522
0.1746714562,0.315135181,0.007725824602,0.02079380304,1,-0.05255839229,0.02218266577,-0.2689371705,0,-0.6072462797,-1.823748112,69.61772919
0.1746714562,0.3199787438,0.005120646674,0.02391656116,1,-0.642346859,0.02445859648,-0.1058551669,0,-0.8699435592,-1.246989369,77.91516876
0.1746714562,0.3248223364,0.0004009284021,0.02632097527,1,-0.4311952591,0.02632403001,-0.3832364678,0,-2.693906546,-0.8586108088,89.12731934
0.1746714562,0.3296658993,-0.01001602691,0.02621907368,1,0.008182883263,0.02806707285,0.251357913,0,-3.225901842,1.555449128,110.9075089
0.1746714562,0.3345094621,-0.01518429536,0.02000452764,1,-0.3117796183,0.02511461638,-0.03364086151,0,-1.316861987,2.277097225,127.200058
0.1746714562,0.3393530548,-0.01790447906,0.01502683386,1,-0.3672553003,0.02337468974,0.07265585661,0,-0.4412452877,1.920717716,139.9940033
0.1746714562,0.3441966176,-0.01910033077,0.01105329581,1,0.1216320097,0.02206803113,-0.4217773676,0,0.6482663155,1.486593246,149.9421844
0.1746714562,0.3490402102,-0.0141754169,0.005783492234,1,0.6887575388,0.01530984137,-0.8169188499,0,1.344821334,1.359070778,157.8048096
0.179515034,0.237637952,0.01121911872,0.004386990797,1,-0.9019242525,0.01204634085,0.7907937169,0,0.8248269558,0.7929152846,21.35689545
0.179515034,0.2424815297,0.01103240531,0.00438185269,1,-0.4049893916,0.01187074557,0.07169365883,0,0.6344535351,-0.4741610289,21.66199493
0.179515034,0.2473251075,0.01233054604,0.007030880544,1,-0.02465979755,0.01419421192,-0.05577403307,0,0.2916561961,-1.485326529,29.69179916
0.179515034,0.2521686852,0.01232562307,0.0113060018,1,-0.1632529944,0.01672562957,0.1873590946,0,0.2070161551,-1.960832715,42.52941895
0.179515034,0.257012248,0.01254251599,0.01743579842,1,-0.4814032912,0.0214784015,0.1147691011,9.931687355,-0.01950217783,-1.718315601,54.27048874
0.179515034,0.2618558407,0.009899448603,0.02018469013,1,-1.213604689,0.0224815663,0.01619714499,22.89859009,-0.5591740608,-1.05330348,63.87465668
0.179515034,0.2666994035,0.003955924418,0.0226160083,1,-1.362558722,0.02295938134,-0.2377396375,21.73039436,-0.8691812754,0.1811836213,80.07836914
0.179515034,0.2715429962,-0.0009101571632,0.01815560274,1,-0.818695426,0.01817840151,-0.3918349147,14.64463711,-0.2056969404,1.382137299,92.86988068
0.179515034,0.276386559,-0.001005799626,0.01402363647,1,-0.3414242268,0.01405965909,-0.1789607108,0,0.5972396731,1.115091801,94.10231781
0.179515034,0.2812301517,0.0003289048036,0.01188775897,1,-0.2017340064,0.01189230848,-0.1239345372,0,0.7850692272,0.5618454814,88.41516876
0.179515034,0.2860737145,0.001819629804,0.01070200745,1,-0.2357373834,0.01085559838,-0.2479965985,0,0.6315181851,-0.104367882,80.35045624
0.179515034,0.2909172773,0.002245893935,0.01119208429,1,-0.1246486008,0.01141520031,-0.173910886,0,0.3029951453,-0.3030964434,78.65326691
0.179515034,0.29576087,0.002683465136,0.0113277277,1,0.06682747602,0.01164123695,-0.2346818596,0,0.3410908878,-0.2836038172,76.67267609
0.179515034,0.3006044328,0.004221678246,0.01142904162,1,0.2103239,0.01218382455,-0.02270746231,0,0.4290470779,-0.4888817668,69.72669983
0.179515034,0.3054480255,0.005780308042,0.01358567923,1,0.166691944,0.01476423535,0.1564965248,0,0.1845278293,-0.9102457762,66.95167542
0.179515034,0.3102915883,0.00592283858,0.01659589075,1,0.03666306287,0.01762111112,0.1734288037,0,-0.1919594407,-0.9828932285,70.3592453
0.179515034,0.315135181,0.005028117914,0.01918641478,1,-0.0609896183,0.01983432658,-0.01249727607,0,-0.8493360281,-1.003578544,75.31493378
0.179515034,0.3199787438,0.001513605705,0.02139627002,1,-0.3909041286,0.02144974098,-0.281065166,0,-1.42162776,-0.9354870915,85.95354462
0.179515034,0.3248223364,-0.003751021577,0.02235615812,1,-0.3370009661,0.02266865596,-0.5309037566,0,-1.728961587,-0.5459731221,99.52462769
0.179515034,0.3296658993,-0.008493044414,0.02146925963,1,-0.07378405333,0.02308811247,-0.1975318044,0,-1.662495017,0.6088925004,111.5832977
0.179515034,0.3345094621,-0.01216079853,0.01845019124,1,-0.2653122842,0.02209738828,-0.2155060172,0,-1.00097549,1.145963907,123.389473
0.179515034,0.3393530548,-0.014626408,0.01487487368,1,-0.2685759664,0.02086129598,-0.1195032597,0,-0.4300628304,1.240118742,134.5174713
0.179515034,0.3441966176,-0.01554470975,0.01186475623,1,0.007493533194,0.01955531724,0.009872734547,0,0.1979242563,1.428045988,142.6467285
0.179515034,0.3490402102,-0.01363145094,0.008005840704,1,0.04715114832,0.01580853947,-0.3772211969,0,0.7428652644,1.216189265,149.5740204
0.1843586117,0.237637952,0.01594423316,0.009279971011,1,-0.8355283737,0.01844820939,-1.103494525,0,-1.583128691,-0.1949697733,30.20055199
0.1843586117,0.2424815297,0.0100867562,0.007079715841,1,-1.03198576,0.01232335251,-0.6914253831,11.17193222,-0.5575216413,-0.3637133241,35.06433868
0.1843586117,0.2473251075,0.008245330304,0.007692672312,1,-0.4099734426,0.01127664279,-0.1488812268,7.993146896,0.06768640876,-0.9737561941,43.01403427
0.1843586117,0.2521686852,0.008428862318,0.01107506175,1,0.02604904771,0.01391771156,0.2412931919,0,-0.1784456074,-1.356413603,52.72644424
0.1843586117,0.257012248,0.007507186849,0.01543127745,1,0.3334824443,0.0171604827,0.006327450275,0,-0.7914996743,-1.44092536,64.05747223
0.1843586117,0.2618558407,0.006210420281,0.01808494329,1,0.2879959345,0.01912157238,-0.21614784,0,-1.054917693,-1.014680862,71.04738617
0.1843586117,0.2666994035,0.0037925418,0.01929903403,1,0.1657167375,0.01966814883,-0.2273945212,0,-1.147243023,-0.09112960845,78.88221741
0.1843586117,0.2715429962,0.001456321217,0.01742493361,1,-0.1037198752,0.01748568565,-0.2036048323,0,-0.5794845223,0.6643084288,85.22250366
0.1843586117,0.276386559,0.0004833879939,0.01509522833,1,-0.1444898248,0.01510296576,-0.1871251464,0,-0.02606425434,0.5434628725,88.16587067
0.1843586117,0.2812301517,0.0006302293041,0.01388627384,1,-0.09963579476,0.01390056871,-0.218266204,0,0.2827279568,0.3842451274,87.40140533
0.1843586117,0.2860737145,0.001370209036,0.01217691787,1,-0.1198537499,0.01225376688,-0.2147500962,0,0.3530703783,0.220052585,83.57979584
0.1843586117,0.2909172773,0.00175982865,0.01178027969,1,-0.09966851771,0.01191100292,-0.07525455207,0,0.2200789005,0.03515852243,81.50354767
0.1843586117,0.29576087,0.00195342605,0.01164212357,1,0.02873715758,0.01180486847,-0.07883962989,0,0.2653894722,-0.07225616276,80.47509003
0.1843586117,0.3006044328,0.003184453817,0.01174839213,1,0.1756646186,0.01217232365,-0.08308683336,0,0.2585036159,-0.3699128628,74.83412933
0.1843586117,0.3054480255,0.004056353588,0.0130313877,1,0.1680524498,0.01364811603,0.01290625334,3.106381178,0.08203218877,-0.715887785,72.70990753
0.1843586117,0.3102915883,0.004395758267,0.01527836267,1,-0.02573665977,0.01589814574,-0.0006563365459,0,-0.2327440381,-0.8149300814,73.94887543
0.1843586117,0.315135181,0.002804382239,0.01697538607,1,-0.2257836759,0.01720547304,-0.12511608,0,-0.8411089182,-0.8778258562,80.61930084
0.1843586117,0.3199787438,-0.0007718188572,0.01892417111,1,-0.2804608345,0.01893990301,-0.04923069477,0,-1.292630672,-0.5867506266,92.33550262
0.1843586117,0.3248223364,-0.004815008491,0.01957890578,1,-0.1369491816,0.0201622881,-0.1430244744,0,-1.360239744,-0.0604114309,103.8164673
0.1843586117,0.3296658993,-0.00802356936,0.01852402836,1,-0.06199944019,0.02018705755,-0.2161976695,0,-1.148378491,0.4315941334,113.4195557
0.1843586117,0.3345094621,-0.01067754999,0.01644128561,1,-0.1397310495,0.01960423216,-0.1066092253,0,-0.7796558142,0.7769047618,123.0011215
0.1843586117,0.3393530548,-0.01247669104,0.0142446598,1,0.01316578686,0.01893616095,-0.05929961801,0,-0.3142055273,0.862668395,131.2146606
0.1843586117,0.3441966176,-0.01213565934,0.01197566185,1,0.2816601396,0.01704965346,0.01252651215,4.061813831,0.2065908015,1.063696265,135.3802032
0.1843586117,0.3490402102,-0.01011180971,0.009153237566,1,0.3295401931,0.01363929827,-0.06057906151,0,0.5061410069,1.104846835,137.848526
0.1892021894,0.237637952,0.004929906223,0.0007659304538,1,1.407207727,0.004989050329,-0.6647233963,0,-0.99765414,-3.1067307,8.831103325
0.1892021894,0.2424815297,0.005921758711,0.006679956801,1,0.5848419666,0.008926872164,-0.1564549804,11.35710144,-0.1795509607,-1.927569747,48.44312286
0.1892021894,0.2473251075,0.00689296471,0.009344463237,1,-0.3555011749,0.01161171682,0.3616131842,0,0.5625158548,-0.3889805973,53.5855751
0.1892021894,0.2521686852,0.006924450397,0.01031551603,1,-0.2408063859,0.01242408529,0.1800276041,3.350157022,-0.02739147842,-0.3655197024,56.12789917
0.1892021894,0.257012248,0.00559392944,0.01198686007,1,0.4395586848,0.01322788186,0.008103013039,0,-1.056172371,-0.6865626574,64.98287201
0.1892021894,0.2618558407,0.003937834408,0.01368018333,1,1.027357817,0.01423565764,-0.04772126675,0,-1.684062719,-0.9292443991,73.94155884
0.1892021894,0.2666994035,0.002413128037,0.01625658572,1,1.128149748,0.01643471234,-0.1629870981,0,-1.668357372,-0.6112128496,81.55666351
0.1892021894,0.2715429962,0.001321296673,0.01585119963,1,0.7482089996,0.01590617374,-0.2268125862,0,-1.097739458,0.1157742292,85.23504639
0.1892021894,0.276386559,0.0007201498956,0.0145972399,1,0.4133219123,0.01461499371,-0.2444910109,0,-0.4522311687,0.1914330721,87.17562103
0.1892021894,0.2812301517,0.001132836682,0.01373976748,1,0.3844162822,0.01378638949,-0.1091106236,7.138734341,-0.1521162987,0.2221708894,85.28665161
0.1892021894,0.2860737145,0.00184531277,0.01299265213,1,0.1127661616,0.01312304009,-0.04624396563,1.451117754,0.07693903148,0.160001263,81.91649628
0.1892021894,0.2909172773,0.002051685704,0.01274080575,1,-0.2370937318,0.01290494297,0.02766533941,0,0.2590419948,0.1347515881,80.85204315
0.1892021894,0.29576087,0.001951620914,0.01247397158,1,-0.4061794579,0.01262571942,-0.02022940665,1.27849412,0.401194185,0.1677570641,81.10784912
0.1892021894,0.3006044328,0.002027539071,0.01183027867,1,-0.4342197776,0.01200276613,-0.06668592244,0,0.5217050314,-0.2101876736,80.27481842
0.1892021894,0.3054480255,0.002375362441,0.01316903345,1,-0.3346255422,0.01338154636,-0.09588462114,0,0.3232585192,-0.8727805614,79.77522278
0.1892021894,0.3102915883,0.001972482074,0.01559323445,1,-0.5297054052,0.01571749523,-0.4722610116,4.849113464,0.07444854081,-1.099277973,82.79060364
0.1892021894,0.315135181,0.0001702903392,0.01620603912,1,-0.5484032035,0.01620693319,-0.5368980765,0,-0.1823172718,-0.7228170037,89.39796448
0.1892021894,0.3199787438,-0.001566819148,0.01649374701,1,-0.5780981779,0.0165679995,0.1023920923,7.79906702,-0.434927702,0.05593535304,95.42651367
0.1892021894,0.3248223364,-0.004736379255,0.01643105596,1,-0.5482572913,0.01710008457,0.5569978952,0,-0.6663274765,0.616137743,106.08004
0.1892021894,0.3296658993,-0.007449754979,0.01620729826,1,-0.1993044913,0.0178374704,0.6672779322,0,-0.6632404327,0.8903348446,114.6860886
0.1892021894,0.3345094621,-0.008914169855,0.0153506659,1,-0.1303287894,0.01775120758,0.5356710553,0,-0.5479866862,1.138133407,120.1438446
0.1892021894,0.3393530548,-0.01073522866,0.01328922529,1,0.1087070554,0.01708357781,0.2873767316,0,-0.4014185667,1.082143307,128.9317932
0.1892021894,0.3441966176,-0.01033194084,0.01150115207,1,0.4663606286,0.0154604502,-0.2591770291,8.23237896,-0.02004383504,0.6550242305,131.9346161
0.1892021894,0.3490402102,-0.00857345853,0.008861220442,1,0.3390345573,0.01232985873,-0.7286297679,0,0.3870720267,0.3614419103,134.0544281
0.1940457672,0.237637952,-0.002323097549,-0.002368164249,1,1.125162601,0.003317376133,-0.3112410307,0,-0.1689612567,-2.683654308,-134.4496155
0.1940457672,0.2424815297,-7.380080206e-06,0.003377319314,1,1.759148598,0.003377327463,0.2734595537,0,0.3954305053,-2.721707344,90.12519836
0.1940457672,0.2473251075,0.008112774231,0.01213915925,1,0.201132834,0.01460055821,1.15318203,0,1.355112791,-0.6495007873,56.24462509
0.1940457672,0.2521686852,0.007530416828,0.01210875344,1,-0.7719748616,0.01425935049,-0.2829152942,0,-0.03151500225,0.5331296921,58.12257385
0.1940457672,0.257012248,0.004221014678,0.008186588064,1,0.1598548293,0.009210710414,-1.022241831,0,-1.409345627,0.4553407431,62.72431183
0.1940457672,0.2618558407,0.001478411374,0.004951967392,1,1.370687246,0.005167947616,-0.7588914633,0,-2.233349323,-0.2566483319,73.37699127
0.1940457672,0.2666994035,4.264419113e-05,0.005753933918,1,2.110566854,0.005754092243,-0.1248040497,0,-2.22616601,-0.854011178,89.57537079
0.1940457672,0.2715429962,0.000918498321,0.008483938873,1,1.540005803,0.008533514105,0.4483590424,0,-1.502068162,-0.6146817207,83.82104492
0.1940457672,0.276386559,0.0002263977658,0.01090285461,1,0.7895112038,0.01090520527,0.18747437,0,-0.7359666824,-0.391353488,88.8104248
0.1940457672,0.2812301517,0.001177845523,0.01128753647,1,0.6812387705,0.01134882402,0.1228997931,0,-0.3313313723,-0.1043148413,84.04279327
0.1940457672,0.2860737145,0.001921201358,0.01200338639,1,0.3455294967,0.01215616334,0.3146023154,0,-0.06295605004,-0.2832665443,80.90665436
0.1940457672,0.2909172773,0.002546507632,0.01418335177,1,-0.2207361907,0.01441014092,0.4685542583,0,0.3749169111,-0.2642334104,79.82144165
0.1940457672,0.29576087,0.002667987719,0.0155527005,1,-0.7082130909,0.01577988081,0.3745031357,0,0.5630491972,-0.0787024647,80.26594543
0.1940457672,0.3006044328,0.001843395061,0.01637848839,1,-1.280030966,0.01648189873,0.03065006807,0,0.5980063081,-0.1066864282,83.57839203
0.1940457672,0.3054480255,-0.0006354514044,0.01621790044,1,-1.151756287,0.01623034477,-0.4330979288,0,0.1071754694,-0.8101210594,92.24382019
0.1940457672,0.3102915883,-0.003216113197,0.01820462942,1,-0.8139111996,0.01848653331,-0.8099941611,0,0.2643805742,-1.332469702,100.0187531
0.1940457672,0.315135181,-0.003297145711,0.01874855161,1,-0.1934375167,0.01903626509,-0.5700200796,0,0.8564113975,-0.8617463112,99.97412109
0.1940457672,0.3199787438,-4.947577509e-06,0.01961762831,1,-0.2150735855,0.01961762831,0.34914428,0,1.074832916,0.2957804799,90.01445007
0.1940457672,0.3248223364,0.0008671653341,0.01900702342,1,-0.5807833076,0.0190267954,0.8120422363,0,0.4828798175,1.501761675,87.38777924
0.1940457672,0.3296658993,-0.0004791507381,0.01627691835,1,-0.3692274988,0.01628396846,0.9654535055,0,-0.340480119,1.91283381,91.6861496
0.1940457672,0.3345094621,-0.002570348093,0.01441832725,1,-0.3612501025,0.0146456426,0.844886899,0,-0.7462295294,1.774590731,100.1079025
0.1940457672,0.3393530548,-0.005843314342,0.01177382655,1,-0.4766308665,0.01314409822,0.5146222115,0,-1.102366209,1.505336761,116.3950577
0.1940457672,0.3441966176,-0.01021834277,0.009619724005,1,-0.2357908189,0.01403401699,-0.2230499536,0,-1.012666106,0.2699566483,136.7283936
0.1940457672,0.3490402102,-0.01189031266,0.009385910816,1,-0.4535191357,0.01514842734,-0.7330669165,0,-0.2368650734,-0.6365215778,141.7133484
