PIVlab, ASCII chart output - 13-Mar-2024
FRAME: 15, filenames: A:[15]2 vortices tapados mismo sentido clase 4.mp4 & B:[16]2 vortices tapados mismo sentido clase 4.mp4, conversion factor xy (px -> m): 0.00030272, conversion factor uv (px/frame -> m/s): 0.0090842
x [m],y [m],u [m/s],v [m/s],Vector type [-],vorticity [1/s],magnitude [m/s],divergence [1/s],dcev [1],simple shear [1/s],simple strain [1/s],vector direction [degrees]
0.1262357086,0.237637952,0.01251685619,-0.001078957925,1,0.05571556091,0.01256327331,-2.647921562,0,-3.159810543,0.3503242731,-4.92674017
0.1262357086,0.2424815297,0.004999394063,-0.008340076543,1,-0.5737541914,0.009723723866,-0.6177670956,0,-1.036406755,1.269296169,-59.05974579
0.1262357086,0.2473251075,0.00471791625,-0.01021909527,1,-0.1916073561,0.01125560515,0.3519966602,0,0.2864799798,0.8123885393,-65.21834564
0.1262357086,0.2521686852,0.005458917003,-0.01057002041,1,-0.1683020443,0.01189643238,0.4445238113,0,0.4760459661,0.4321959615,-62.68578339
0.1262357086,0.257012248,0.006208495703,-0.01015938446,1,-0.04324612021,0.01190623827,0.4496126771,0,0.3686871231,0.2408709526,-58.57050323
0.1262357086,0.2618558407,0.007035215851,-0.009558963589,1,-0.03270122036,0.0118687842,0.2743428648,0,0.08573970199,0.06001577526,-53.64763641
0.1262357086,0.2666994035,0.006465391722,-0.009121274576,1,-0.1904242039,0.01118029281,0.1627710909,0,-0.2425341308,0.03829756007,-54.67001343
0.1262357086,0.2715429962,0.004938148428,-0.008956066333,1,-0.4021422863,0.01022723969,0.3666813374,0,-0.09698353708,0.2200571448,-61.12877274
0.1262357086,0.276386559,0.004047837108,-0.008411088958,1,-0.2804414332,0.009334420785,0.5947300792,0,0.2060241252,0.2648505569,-64.30081177
0.1262357086,0.2812301517,0.004577702377,-0.0073582693,1,-0.1304561347,0.008665995672,0.3838794827,0,0.2409655303,0.03189723194,-58.11356354
0.1262357086,0.2860737145,0.004583097994,-0.006706235465,1,-0.2161136419,0.008122707717,0.1800421625,0,0.2213325053,0.03023596108,-55.65096664
0.1262357086,0.2909172773,0.004602980334,-0.006632673554,1,-0.119782716,0.008073399775,0.1730412394,0,0.3081351817,0.2769800425,-55.23990631
0.1262357086,0.29576087,0.00549539784,-0.007209671196,1,-0.1768573523,0.009065249935,0.05157490075,0,0.3490799665,0.3571418524,-52.68441772
0.1262357086,0.3006044328,0.005437153857,-0.008112710901,1,-0.3935723305,0.009766203351,-0.1905988604,0,0.4077000022,0.1707703322,-56.16993713
0.1262357086,0.3054480255,0.0055638263,-0.008959990926,1,-0.4118438959,0.01054692362,-0.110018611,0,0.4982895851,0.1076575965,-58.16123199
0.1262357086,0.3102915883,0.005855860189,-0.009167042561,1,-0.5592775345,0.01087776478,0.09092226624,0,-0.006268471479,0.3632746041,-57.42976761
0.1262357086,0.315135181,0.002824560273,-0.01027915068,1,-0.6458020806,0.01066016313,0.5270687342,0,-0.3334982395,1.140479445,-74.63518524
0.1262357086,0.3199787438,0.001112543046,-0.01213814504,1,-0.4339530766,0.01218902413,1.221703291,0,-0.4942406714,2.101064205,-84.76308441
0.1262357086,0.3248223364,-0.001671218313,-0.0145384036,1,-0.6427077055,0.01463414356,1.360941887,0,0.1092381477,2.410081387,-96.55747223
0.1262357086,0.3296658993,-0.001471358351,-0.01721973345,1,-1.180527329,0.01728248037,0.2883684039,0,0.4008442163,1.264048815,-94.88383484
0.1262357086,0.3345094621,-0.005447662435,-0.01926417276,1,-1.625911474,0.02001962438,1.011434078,0,1.082298279,0.6815453172,-105.7902298
0.1262357086,0.3393530548,-0.00410439074,-0.01562189125,1,-0.07547354698,0.01615207456,1.252261758,0,1.322208285,-1.679498434,-104.7208099
0.1262357086,0.3441966176,0.0005909939064,-0.00506396452,1,1.958055139,0.005098334048,0.6322206259,0,-0.1626168489,-4.096051216,-83.3433609
0.1262357086,0.3490402102,0.004591953941,0.00727986265,1,4.269479275,0.008607116528,-0.8546004295,0,-2.617416143,-5.951571941,57.75730133
0.1310792714,0.237637952,0.006952577271,-0.008866258897,1,0.7867977023,0.01126715913,-0.6675946712,0,-0.9417749643,-0.4222136438,-51.89783096
0.1310792714,0.2424815297,0.006577255204,-0.009460519999,1,0.1385707557,0.01152222697,0.3845971525,0,-0.01774572209,0.4248594344,-55.19174576
0.1310792714,0.2473251075,0.007537802681,-0.009061272256,1,-0.05483832955,0.01178664993,0.6010355949,0,0.2623059154,0.5079288483,-50.24393463
0.1310792714,0.2521686852,0.007582140621,-0.009009550326,1,-0.09958728403,0.01177543402,0.4521933198,0,0.170380801,0.4729424715,-49.91713715
0.1310792714,0.257012248,0.007880696096,-0.009161772206,1,-0.06661527604,0.01208484266,0.3202228248,0,0.1208765581,0.3744338453,-49.29881668
0.1310792714,0.2618558407,0.007844959386,-0.00927212555,1,-0.1378763765,0.01214560401,0.1799008548,0,-0.05379186571,0.1975946426,-49.76610565
0.1310792714,0.2666994035,0.006952336058,-0.009247473441,1,-0.1464654952,0.01156938821,0.2193424851,0,-0.1603033096,0.001510336995,-53.06381607
0.1310792714,0.2715429962,0.006359100807,-0.008217038587,1,-0.1725462377,0.01039027888,0.4078889489,0,0.002675421536,-0.008022144437,-52.26399994
0.1310792714,0.276386559,0.006129553542,-0.00723297568,1,-0.2509343624,0.009480894543,0.4269475341,0,0.09103641659,0.06393666565,-49.72053909
0.1310792714,0.2812301517,0.005584622733,-0.006458767224,1,-0.2896909416,0.008538365364,0.2471462786,3.665568829,0.07555007935,-0.0803263858,-49.15141296
0.1310792714,0.2860737145,0.005092345644,-0.005646836478,1,-0.1787849367,0.00760386372,0.1976237297,0,0.2011260986,0.01956941932,-47.95569611
0.1310792714,0.2909172773,0.005692833569,-0.005596349947,1,-0.05491548777,0.007982949726,0.1258859187,0,0.3424869776,0.1855793148,-44.5103302
0.1310792714,0.29576087,0.006485220511,-0.005935966037,1,-0.3082735837,0.008791687898,0.02308477089,5.178645134,0.2455719858,0.141975075,-42.46807861
0.1310792714,0.3006044328,0.005389133468,-0.00617220439,1,-0.4026438296,0.008193830959,0.03117768466,9.560054779,0.2112332284,0.2004493624,-48.87483215
0.1310792714,0.3054480255,0.005558108445,-0.006755846553,1,-0.1700879633,0.008748373017,-0.01966889203,0,0.4935456216,0.3221386075,-50.5554924
0.1310792714,0.3102915883,0.006955825724,-0.007827775553,1,0.004796028137,0.01047175191,-0.04373061657,0,0.2646100223,0.5275356174,-48.37544632
0.1310792714,0.315135181,0.006862997543,-0.00952281896,1,0.2689448297,0.01173817739,0.1343695223,3.927426577,0.1860357225,1.054427624,-54.2201004
0.1310792714,0.3199787438,0.009159559384,-0.01228414848,1,0.1882450879,0.01532311458,0.4137052596,0,-0.0647046864,1.073245883,-53.29029465
0.1310792714,0.3248223364,0.007461375091,-0.01271735504,1,-0.6327234507,0.01474460028,0.6894700527,0,-0.7859184742,0.9177824259,-59.59950638
0.1310792714,0.3296658993,0.002288256772,-0.01338999718,1,-1.033793449,0.01358411368,0.4074433148,14.99352074,-0.7849113941,0.4049917459,-80.30223083
0.1310792714,0.3345094621,-0.001347636222,-0.01270548068,1,-1.206864595,0.01277675107,0.544680655,28.74055481,-0.3265723586,0.3066363931,-96.05456543
0.1310792714,0.3393530548,-0.005139064509,-0.01223701145,1,-0.8750802279,0.01327231806,0.1397008598,20.53731155,-0.4565821886,-0.3776258528,-112.7804947
0.1310792714,0.3441966176,-0.007797646802,-0.01019976847,1,0.1450597644,0.01283894759,-0.6592665911,0,-1.539079666,-1.24526298,-127.397644
0.1310792714,0.3490402102,-0.01189110801,-0.009398692288,1,1.43087852,0.01515697408,-1.520008087,0,-3.121137142,-1.850785732,-141.6772766
0.1359228492,0.237637952,0.007238292601,-0.009451420978,1,0.2674232721,0.01190471463,0.3924046755,0,0.4270061255,0.2461431473,-52.55360031
0.1359228492,0.2424815297,0.008920053951,-0.009097206406,1,0.2550096214,0.01274074242,0.6454690695,0,0.3335988224,0.486818552,-45.56333542
0.1359228492,0.2473251075,0.01008926332,-0.008682984859,1,0.09427453578,0.01331117842,0.4942299724,0,0.1162771285,0.5283378959,-40.71582413
0.1359228492,0.2521686852,0.009939877316,-0.009262410924,1,0.02892909944,0.01358651556,0.356451273,0,-0.1354928911,0.4737758636,-42.97941208
0.1359228492,0.257012248,0.009573114105,-0.009251254611,1,0.01867278665,0.01331278402,0.3379741013,0,-0.2408712208,0.3151156604,-44.02045059
0.1359228492,0.2618558407,0.00886364188,-0.009151694365,1,-0.08402808011,0.0127403941,0.2123646736,0,-0.3367365599,0.1993669271,-45.91604233
0.1359228492,0.2666994035,0.007535107899,-0.009188299067,1,-0.1797728091,0.01188287418,0.1930899024,0,-0.2308142632,-0.022520639,-50.64562607
0.1359228492,0.2715429962,0.006874931511,-0.008107367903,1,-0.1511073261,0.01062986813,0.2371096462,0,-0.07798752189,-0.2653225958,-49.70253372
0.1359228492,0.276386559,0.006425469182,-0.006754729431,1,-0.2472490668,0.009322715923,0.1971212626,3.824492931,-0.06021485478,-0.3227773309,-46.43103027
0.1359228492,0.2812301517,0.005385706201,-0.005589198787,1,-0.1931783557,0.007761763409,0.1431435794,3.534440994,0.02999714762,-0.2467788905,-46.06223297
0.1359228492,0.2860737145,0.00563508831,-0.004866109695,1,-0.08378866315,0.007445350289,0.1748860925,0,0.2336531281,-0.007081612945,-40.81183624
0.1359228492,0.2909172773,0.006111584138,-0.004707826767,1,-0.1605450511,0.007714602631,0.1095614582,0,0.2967642844,0.03956600651,-37.60749435
0.1359228492,0.29576087,0.006294876803,-0.00452708127,1,-0.2846905589,0.007753704675,-0.008112002164,0,0.3770750761,0.08098068833,-35.72252655
0.1359228492,0.3006044328,0.006559055764,-0.005139354151,1,-0.2547618151,0.008332717232,0.1366826296,0,0.4062991142,0.3882639408,-38.08050919
0.1359228492,0.3054480255,0.007028859574,-0.005745634902,1,-0.09556333721,0.009078390896,0.1376417279,0,0.4341865778,0.7093805075,-39.26375961
0.1359228492,0.3102915883,0.008199203759,-0.007908615284,1,-0.003966793418,0.01139180083,-0.06317266822,0,0.3247468472,0.9557212591,-43.96648407
0.1359228492,0.315135181,0.008582582697,-0.01068072673,1,0.09023176134,0.01370177511,-0.09055870771,0,-0.06638751924,1.035614967,-51.21610641
0.1359228492,0.3199787438,0.008314695209,-0.01336332504,1,-0.004624575377,0.01573888771,-0.347871244,0,-0.5051145554,0.6017754674,-58.11001968
0.1359228492,0.3248223364,0.006113621872,-0.01528041437,1,-0.06157457829,0.01645805128,-0.3679785132,0,-1.146409988,0.1793298125,-68.1938858
0.1359228492,0.3296658993,0.002463727957,-0.01601425558,1,-0.1637756228,0.016202664,-0.107746318,0,-1.371844053,-0.1655548662,-81.25385284
0.1359228492,0.3345094621,-0.001324248384,-0.01500041503,1,-0.07472389936,0.01505875494,0.03155384958,0,-1.51924777,-0.4679506421,-95.04502869
0.1359228492,0.3393530548,-0.005256797187,-0.01359486673,1,-0.2084857821,0.01457581203,-0.05774688721,0,-1.300621986,-0.4250793457,-111.1402435
0.1359228492,0.3441966176,-0.00863372907,-0.01322121173,1,-0.1110277772,0.01579055749,-0.5978682637,0,-1.226397991,-0.3556346595,-123.1453857
0.1359228492,0.3490402102,-0.01173472311,-0.01476814412,1,-0.5834786296,0.0188627094,-0.07387323678,0,-0.6969733834,0.5648809075,-128.4705505
0.1407664269,0.237637952,0.01004543342,-0.008093306795,1,-0.08255547285,0.01290009078,0.3073139787,0,0.9150577784,0.7146824002,-38.85736084
0.1407664269,0.2424815297,0.01206157822,-0.009079867043,1,0.01252608001,0.01509720739,0.4235372245,0,0.4923189878,0.6013797522,-36.97216415
0.1407664269,0.2473251075,0.01249068975,-0.008954701014,1,-0.09536668658,0.01536892913,0.2822746634,0,0.0007738284767,0.432179153,-35.63711929
0.1407664269,0.2521686852,0.01160341036,-0.009805941023,1,-0.1185879931,0.01519195922,0.1207763553,0,-0.1800971776,0.4230725169,-40.20086288
0.1407664269,0.257012248,0.01104398724,-0.01041889377,1,0.0452542305,0.01518298406,0.1783997715,0,-0.4094884694,0.3208972514,-43.33176804
0.1407664269,0.2618558407,0.009839213453,-0.0104961386,1,-0.04887267947,0.01438676659,0.2312351167,0,-0.6253160238,0.04042636603,-46.85026932
0.1407664269,0.2666994035,0.007778501604,-0.009494696744,1,-0.1929607391,0.01227413304,0.2320976257,0,-0.5537526011,-0.3115627766,-50.67405319
0.1407664269,0.2715429962,0.006222449243,-0.007862877101,1,-0.1716670543,0.01002714876,0.1076940745,0,-0.2944291234,-0.5462926626,-51.64294815
0.1407664269,0.276386559,0.005520928651,-0.006327060983,1,-0.1540670395,0.008397163823,0.01169750094,3.651203632,-0.08125325292,-0.5013691187,-48.89237976
0.1407664269,0.2812301517,0.005082657095,-0.005377799273,1,-0.04454596341,0.007399603259,0.1438905001,0,0.1238656491,-0.3139897287,-46.61617279
0.1407664269,0.2860737145,0.005905119702,-0.004109282512,1,-0.03329226375,0.007194208913,0.1968553364,0,0.3083969653,-0.2153335214,-34.83346558
0.1407664269,0.2909172773,0.006415144075,-0.003381336574,1,-0.1864932775,0.007251724601,0.1489253342,0,0.3791289926,-0.1357051432,-27.79311371
0.1407664269,0.29576087,0.006838165689,-0.00273065269,1,-0.209802717,0.007363217417,0.1440697908,0,0.5229202509,0.05920850113,-21.76807785
0.1407664269,0.3006044328,0.007931753062,-0.00297030434,1,-0.1245484054,0.008469676599,0.1611081809,0,0.7072913051,0.4623955488,-20.53005409
0.1407664269,0.3054480255,0.009660726413,-0.00418996159,1,-0.02088582516,0.01053021383,0.2230270207,0,0.7119454741,0.8971818686,-23.44689751
0.1407664269,0.3102915883,0.01127895433,-0.006235625595,1,-0.1848954111,0.01288789511,0.07303595543,0,0.5523355603,1.33067143,-28.93622971
0.1407664269,0.315135181,0.01144045126,-0.01028141659,1,-0.2997869253,0.01538152993,-0.1329903603,6.785221577,0.1161231026,1.616271257,-41.94571304
0.1407664269,0.3199787438,0.01038936432,-0.01470831037,1,-0.3196617961,0.0180075895,-0.3635479212,0,-0.6905028224,1.224208832,-54.76414108
0.1407664269,0.3248223364,0.006547640543,-0.01797183976,1,-0.2754243612,0.01912743226,-0.3935452104,0,-1.670423031,0.5423455834,-69.98191833
0.1407664269,0.3296658993,0.0009645011742,-0.01924137026,1,-0.1955856681,0.01926552877,-0.5295303464,0,-1.870867968,-0.1722924262,-87.13036346
0.1407664269,0.3345094621,-0.003461358137,-0.01970214397,1,0.08404147625,0.02000388689,-0.4532104135,0,-1.827003479,-0.8071869016,-99.96427917
0.1407664269,0.3393530548,-0.007477670908,-0.01752685755,1,-0.3101291656,0.01905534789,-0.1299385428,0,-1.538639426,-0.9764187932,-113.1050644
0.1407664269,0.3441966176,-0.01241601259,-0.01560215093,1,-0.08009360731,0.01993952133,0.2954830527,0,-0.340092361,-1.269154787,-128.5123749
0.1407664269,0.3490402102,-0.009512874298,-0.009948412888,1,-0.858451128,0.01376465429,2.071918488,0,2.0572052,-0.2626039982,-133.7179565
0.1456100047,0.237637952,0.01218841132,-0.004619403742,1,-0.05620244145,0.01303442568,-0.4504016936,0,0.7564730644,0.4389773905,-20.75669098
0.1456100047,0.2424815297,0.01388431899,-0.006773292087,1,-0.3434891403,0.01544835884,0.1415325403,0,0.6245549917,0.8843547106,-26.00485802
0.1456100047,0.2473251075,0.01354977582,-0.008217320777,1,-0.4199433923,0.01584679075,0.05474409461,10.88348579,0.1494269371,0.6301541328,-31.23489952
0.1456100047,0.2521686852,0.01257405151,-0.009560335428,1,-0.3185957074,0.01579578407,0.07131582499,8.695528984,-0.003125175834,0.7395244241,-37.2465477
0.1456100047,0.257012248,0.01199149806,-0.01145383622,1,-0.08405062556,0.01658271253,0.06398700178,0,-0.4103351831,0.556062758,-43.68629074
0.1456100047,0.2618558407,0.01017945539,-0.01194374263,1,-0.06635904312,0.01569312997,0.2078789771,0,-0.9331677556,0.1009304002,-49.55958939
0.1456100047,0.2666994035,0.007150212303,-0.0109358225,1,-0.1078529358,0.01306589972,0.1564038694,0,-1.01299417,-0.5128879547,-56.82197571
0.1456100047,0.2715429962,0.004750545137,-0.008701975457,1,-0.0479195714,0.009914235212,0.05754992366,0,-0.5913817286,-0.8784879446,-61.36918259
0.1456100047,0.276386559,0.004053706769,-0.006402050145,1,0.03185313195,0.007577518467,0.01871064305,0,-0.07081769407,-0.7923616171,-57.65846252
0.1456100047,0.2812301517,0.004561817273,-0.004773484077,1,-0.05540451407,0.006602751557,0.1866839975,0,0.3634167016,-0.4721139073,-46.29888916
0.1456100047,0.2860737145,0.005545587745,-0.003211111296,1,-0.1671284735,0.006408180576,0.1882643998,0,0.5003129244,-0.3909151852,-30.07251358
0.1456100047,0.2909172773,0.006175617222,-0.001968191238,1,-0.2074038982,0.006481668446,0.1753443331,0,0.5653796196,-0.285684824,-17.67726517
0.1456100047,0.29576087,0.007279471029,-0.0009780807886,1,-0.06635308266,0.007344885264,0.1905557513,0,0.7690211535,0.01343100518,-7.652517319
0.1456100047,0.3006044328,0.009579044767,-0.001110273763,1,0.1090127528,0.009643173777,0.1890479028,0,0.9594550729,0.4405208528,-6.611453533
0.1456100047,0.3054480255,0.0124546783,-0.002196109621,1,0.06010711193,0.01264681388,0.2218132019,0,1.058719754,0.8881607056,-10.00006199
0.1456100047,0.3102915883,0.01499816962,-0.004337779712,1,-0.2308017015,0.01561286114,0.08417987823,0,0.9146537781,1.41999507,-16.13095856
0.1456100047,0.315135181,0.01576696895,-0.008666234091,1,-0.7279763222,0.01799169183,-0.1973701119,18.73235512,0.2087741196,2.036875486,-28.79516983
0.1456100047,0.3199787438,0.01248337328,-0.01515952218,1,-0.9654504657,0.01963786408,-0.4269697666,0,-0.8787690401,2.333585739,-50.52965164
0.1456100047,0.3248223364,0.006834348198,-0.02203719877,1,-0.3278093338,0.02307263389,0.1837626696,0,-2.442658901,2.035512209,-72.76988983
0.1456100047,0.3296658993,-0.0009356052033,-0.02412861586,1,0.4433597326,0.02414674871,-0.5408001542,0,-3.388181448,-0.08256077766,-92.22057343
0.1456100047,0.3345094621,-0.007429081015,-0.02425670996,1,0.1253706217,0.02536886185,-0.2253744304,0,-2.12387681,-1.171651006,-107.0282135
0.1456100047,0.3393530548,-0.01061552484,-0.0195452515,1,-0.4962174594,0.02224199288,0.3510481715,0,-0.7261645794,-1.667330503,-118.507515
0.1456100047,0.3441966176,-0.01334978361,-0.01448053587,1,0.6277160645,0.01969524473,1.41145432,0,0.9505298138,-2.490478516,-132.6733398
0.1456100047,0.3490402102,-0.002971168142,-0.0006459362339,1,0.7571520805,0.003040571231,3.14396739,0,3.528351068,-2.568568945,-167.7346649
0.1504535824,0.237637952,0.009990098886,-0.004157049581,1,1.654018641,0.0108204959,-0.675963819,0,1.253106833,-0.5793326497,-22.59302139
0.1504535824,0.2424815297,0.01703054272,-0.00439106999,1,0.08734619617,0.01758752018,0.2360542119,0,1.113821387,0.6572020054,-14.45796394
0.1504535824,0.2473251075,0.01580804773,-0.006196911447,1,-0.6547450423,0.01697928458,0.2304447293,14.18321419,0.3451051712,1.032922745,-21.40567017
0.1504535824,0.2521686852,0.0155307781,-0.008277934976,1,-0.5164511204,0.01759912632,0.1344256997,13.29199314,0.1529173702,1.332378149,-28.05770302
0.1504535824,0.257012248,0.01404724643,-0.01199927833,1,-0.2516620755,0.01847451739,0.1107103825,0,-0.6146030426,1.435487032,-40.50423813
0.1504535824,0.2618558407,0.01133495569,-0.01469459385,1,-0.2725297213,0.0185583476,-0.006199687719,0,-1.378192902,0.3818482459,-52.35451889
0.1504535824,0.2666994035,0.006051843055,-0.0138788186,1,-0.4234675169,0.01514088549,0.03593924642,0,-1.452993274,-0.8310676813,-66.44045258
0.1504535824,0.2715429962,0.002246171935,-0.0104951784,1,-0.2416399419,0.01073284913,0.1702167988,0,-0.6416230798,-1.286240339,-77.91983032
0.1504535824,0.276386559,0.001773690106,-0.006824355107,1,0.05155744404,0.007051084656,0.2400084138,0,0.2486303747,-1.235341549,-75.43083191
0.1504535824,0.2812301517,0.003700155066,-0.003349206178,1,-0.002901464701,0.004990824498,0.2888195813,0,0.6532213688,-0.939172864,-42.14990997
0.1504535824,0.2860737145,0.004923564848,-0.0008764781523,1,-0.291067481,0.005000970326,0.1868277639,0,0.7412622571,-0.5793244839,-10.09388256
0.1504535824,0.2909172773,0.005880701356,0.0003617003968,1,-0.2602163851,0.005891814362,0.1606450379,0,0.8594896793,-0.2919182777,3.519619703
0.1504535824,0.29576087,0.007826191373,0.001315547503,1,-0.009691774845,0.007935990579,0.1608227342,0,1.06271863,-0.00169736892,9.541956902
0.1504535824,0.3006044328,0.01098111831,0.001148879179,1,0.2037937045,0.0110410545,0.09004026651,0,1.284936428,0.2280893028,5.972734928
0.1504535824,0.3054480255,0.01503697131,0.0006468962529,1,0.08192402124,0.01505087968,0.04223622382,0,1.48374176,0.4213778973,2.463367462
0.1504535824,0.3102915883,0.01856454276,-0.0006875229301,1,-0.4635545015,0.01857726835,-0.08142530918,0,1.560525894,1.238072276,-2.12093401
0.1504535824,0.315135181,0.02035023831,-0.005744192749,1,-0.995194912,0.02114539966,-0.03562045097,0,1.213972092,2.7724154,-15.7626009
0.1504535824,0.3199787438,0.01962420717,-0.0142884627,1,-1.31056273,0.0242748782,-0.4911942482,28.19615364,0.6801677942,4.148162365,-36.05850983
0.1504535824,0.3248223364,0.01729687117,-0.02821527794,1,-3.37336874,0.03309506923,-1.786520958,73.94970703,-1.102455497,3.067592621,-58.49036789
0.1504535824,0.3296658993,-0.002054796088,-0.03779973835,1,-1.949025631,0.03785554692,0.02701868117,0,-3.733739853,0.5186548829,-93.11153412
0.1504535824,0.3345094621,-0.0102279596,-0.03059654869,1,-0.3703997135,0.03226081282,1.288416386,0,-2.065483809,-2.667154312,-108.4840012
0.1504535824,0.3393530548,-0.01385318674,-0.01864062436,1,-0.9665290713,0.02322463505,0.2485666275,20.84521675,-0.5642383695,-3.169974804,-126.6186981
0.1504535824,0.3441966176,-0.01764235087,-0.01403857768,1,0.08013379574,0.02254626714,1.590609074,0,1.391360879,-2.975174665,-141.489624
0.1504535824,0.3490402102,-0.006725887768,0.003474104218,1,1.925232649,0.007570136804,2.451375484,0,2.582356691,-4.779902458,152.6824188
0.1552971601,0.237637952,0.006108285394,-0.006561251823,1,2.84943223,0.008964439854,0.5294932127,0,2.147943735,-1.435901999,-47.04758835
0.1552971601,0.2424815297,0.01821087487,-0.001801479724,1,1.081624985,0.01829976216,0.3424518704,0,1.718104839,-0.3154881001,-5.649506569
0.1552971601,0.2473251075,0.01966899447,-0.003374468302,1,-0.3814101815,0.0199563615,0.202401489,0,0.6844414473,1.134918213,-9.735051155
0.1552971601,0.2521686852,0.01967862993,-0.00631819712,1,-0.5696481466,0.02066804469,-0.1313975453,4.474733353,0.5307575464,1.899604321,-17.80021095
0.1552971601,0.257012248,0.01948062517,-0.01321176905,1,-1.235072017,0.02353817411,-0.2021909356,32.67985916,-0.3504691422,2.064916611,-34.1451416
0.1552971601,0.2618558407,0.0119989384,-0.01729910821,1,-1.885335803,0.02105311491,0.1289956868,33.36423111,-1.455516815,0.6886318922,-55.25420761
0.1552971601,0.2666994035,0.003298945958,-0.01592241041,1,-1.351978064,0.01626057178,0.0219168067,13.67393875,-1.260541081,-1.353055239,-78.29457092
0.1552971601,0.2715429962,-0.0006550014368,-0.01063932478,1,-0.6103549004,0.01065946836,0.0001844167709,15.84276867,-0.2291509956,-2.162452221,-93.5229187
0.1552971601,0.276386559,-0.0007672662614,-0.005447512027,1,-0.3062799275,0.005501280539,0.1378194094,0,0.7329856157,-1.729358673,-98.01719666
0.1552971601,0.2812301517,0.001411780599,-0.00159550237,1,-0.03859785199,0.002130434848,0.3021780252,0,0.9494463205,-1.19187665,-48.49598312
0.1552971601,0.2860737145,0.003644499229,0.001789057977,1,-0.1516253054,0.004059938714,0.2803886533,0,1.003891468,-0.7623756528,26.14608383
0.1552971601,0.2909172773,0.005539785139,0.003455192083,1,-0.2434504926,0.006528979167,0.19178541,0,1.153048277,-0.3093243539,31.95199966
0.1552971601,0.29576087,0.008050207049,0.004216222093,1,-0.1301777959,0.00908748433,0.09123538435,0,1.282248735,-0.04732596874,27.64288712
0.1552971601,0.3006044328,0.01111993007,0.004126324784,1,-0.04377305508,0.01186083443,0.1051913202,0,1.416729689,0.0272568278,20.35861588
0.1552971601,0.3054480255,0.01470022928,0.004593703896,1,0.01455789804,0.01540126093,-0.01251919568,0,1.942786455,-0.2891094685,17.35360718
0.1552971601,0.3102915883,0.0206004791,0.005466011353,1,-0.3074616194,0.02131330594,0.2255297005,0,3.264494419,0.7539955378,14.86011696
0.1552971601,0.315135181,0.02902284823,0.002034038305,1,-1.575280786,0.02909403667,0.3215446472,0,3.556399822,2.589140177,4.008964539
0.1552971601,0.3199787438,0.03019618243,-0.005517264362,1,-4.485503197,0.03069608472,0.9166374207,118.3997955,1.185560584,3.615446568,-10.35452175
0.1552971601,0.3248223364,0.01303931791,-0.01103785355,1,-6.13601017,0.01708385162,-3.281971455,145.0195618,0.2542476654,2.34522295,-40.24809647
0.1552971601,0.3296658993,0.00170740718,-0.03277301788,1,-6.828961372,0.03281746432,-1.753226876,181.6290283,1.224322081,2.671022415,-87.0177002
0.1552971601,0.3345094621,-0.01410710532,-0.03246698156,1,-5.037701607,0.03539936617,0.3273682594,140.2733612,-0.4278855324,-2.80591321,-113.4852448
0.1552971601,0.3393530548,-0.02476559207,-0.01759672537,1,-1.492292166,0.03038057312,0.267131567,40.44648361,0.2640823126,-4.757557869,-144.6050262
0.1552971601,0.3441966176,-0.02005603537,-0.008129505441,1,0.03329944611,0.02164101228,0.7923339605,0,2.137827396,-3.364432335,-157.9353333
0.1552971601,0.3490402102,-0.01424957067,0.002536895685,1,1.733783007,0.01447363477,-0.1761698723,0,0.6638028026,-4.580504417,169.9052124
0.1601407379,0.237637952,0.00559983775,-0.007554762997,1,1.713115215,0.009403862059,1.279194355,0,3.060755253,-1.300110817,-53.45294952
0.1601407379,0.2424815297,0.01716114394,-0.00130823045,1,1.419271469,0.01721093617,0.2215772867,0,2.025624514,-1.124614954,-4.359347343
0.1601407379,0.2473251075,0.02228545956,-0.001034376444,1,0.2681459785,0.0223094523,0.02553571761,0,1.163457394,0.3640879393,-2.657468319
0.1601407379,0.2521686852,0.02409522608,-0.002948034322,1,-0.8330132365,0.02427490242,-0.09181541204,0,0.9948862195,1.28738606,-6.975431442
0.1601407379,0.257012248,0.02306950279,-0.007714635693,1,-2.880580425,0.02432524413,-0.421882987,74.03276825,1.063735962,1.573480129,-18.4903698
0.1601407379,0.2618558407,0.01529519819,-0.0126127312,1,-4.935939312,0.01982483454,1.202091932,134.0461273,0.09135222435,2.383305788,-39.50968552
0.1601407379,0.2666994035,-0.0003956291475,-0.01343593746,1,-4.837587357,0.01344176102,-1.185007095,131.3496246,-0.01876854897,-2.003398657,-91.68662262
0.1601407379,0.2715429962,-0.008226939477,-0.008648787625,1,-2.215400696,0.01193666831,-0.370251298,53.30064392,1.071736932,-2.774537325,-133.5680695
0.1601407379,0.276386559,-0.005935053807,-0.001790591748,1,-0.2810652852,0.006199280731,-0.1831383705,0,1.853822231,-2.265328407,-163.2115631
0.1601407379,0.2812301517,-0.0006091693067,0.001436462742,1,0.0882486701,0.00156029244,0.347661376,0,1.671623468,-0.9965822697,112.9806366
0.1601407379,0.2860737145,0.002589023206,0.004720356781,1,-0.07535678148,0.005383754149,0.4525331557,0,1.297713518,-0.7220748663,61.25609207
0.1601407379,0.2909172773,0.005311392248,0.00712575065,1,-0.2424413562,0.008887474425,0.2863520384,0,1.367610931,-0.4231210351,53.29989243
0.1601407379,0.29576087,0.008038870059,0.008156744763,1,-0.2345153093,0.01145233214,0.01765388995,0,1.53752923,-0.2088701725,45.41699982
0.1601407379,0.3006044328,0.01162264124,0.008222937584,1,-0.4279439449,0.01423736289,0.02242520452,0,1.571135759,-0.3553278446,35.27914047
0.1601407379,0.3054480255,0.01357600931,0.009986421093,1,0.007485151291,0.01685338654,0.6264057159,0,2.40525794,-1.105906129,36.33794785
0.1601407379,0.3102915883,0.02330894955,0.01661352441,1,0.2274434566,0.028623702,0.8138121367,0,4.081841469,-1.070142388,35.47948837
0.1601407379,0.315135181,0.03444836661,0.01911150105,1,-0.6971615553,0.03939466178,-1.014619589,0,4.468497276,-0.3056913614,29.02093697
0.1601407379,0.3199787438,0.0415757075,0.01317977533,1,-6.08312273,0.04361474514,-2.41880703,149.7087555,1.605293989,0.9619724154,17.58896255
0.1601407379,0.3248223364,0.01275965665,0.002736433409,1,-6.285686493,0.01304978598,-2.039919853,158.6511383,-1.804426193,0.4319735169,12.10429382
0.1601407379,0.3296658993,0.002390617505,0.001206968213,1,-8.040942192,0.002678026212,-2.452549458,213.2367096,0.8163757324,-0.1804659367,26.78816795
0.1601407379,0.3345094621,-0.02223298512,-0.008268545382,1,-8.473628044,0.0237207599,-2.686649799,224.3713684,0.6295228004,-0.3453111649,-159.5996094
0.1601407379,0.3393530548,-0.03560291603,-0.0101334881,1,-3.430488348,0.037016958,-0.5502101183,80.21105957,1.806167364,-1.463463187,-164.1123199
0.1601407379,0.3441966176,-0.03010050952,-0.003845132887,1,-0.5187606215,0.03034511022,0.08201211691,0,1.724007368,-1.65741694,-172.7202759
0.1601407379,0.3490402102,-0.02976520918,-0.001708428143,1,0.8191480637,0.02981419861,0.2917609215,0,-0.6806969643,-0.5905200243,-176.7150116
0.1649843156,0.237637952,0.006006974727,-3.385198943e-05,1,-0.01669764519,0.006007070187,1.209726214,0,3.2498312,0.7269051671,-0.3228839338
0.1649843156,0.2424815297,0.01383694168,0.001135438564,1,0.741415143,0.01388345007,-0.3129733801,0,2.468854904,-0.518584609,4.691094875
0.1649843156,0.2473251075,0.02155616693,0.0009620419587,1,0.6612063646,0.0215776246,-0.1683057398,0,1.740433216,-0.4573352933,2.555388927
0.1649843156,0.2521686852,0.02546946891,0.002535375766,1,-0.8175671101,0.02559535019,0.2669436336,0,1.540651321,-0.7510640621,5.684819221
0.1649843156,0.257012248,0.02505847625,0.005892833695,1,-1.947380543,0.02574204095,0.2790434957,0,2.751666784,-0.6532412767,13.23341751
0.1649843156,0.2618558407,0.02936509065,0.007050969638,1,-7.780652046,0.03019974753,0.110065192,217.8599243,0.099796772,-0.2048012912,13.50191021
0.1649843156,0.2666994035,-0.01214434486,0.007417913992,1,-9.109929085,0.01423062105,-0.1675613075,255,-0.2327771187,0.1976205856,148.5829163
0.1649843156,0.2715429962,-0.01588702947,0.005282182712,1,-2.992584229,0.01674213819,-0.6478139162,11.42224693,2.89301753,-0.1265189052,161.6088562
0.1649843156,0.276386559,-0.01262660604,0.004892981146,1,-0.1772950888,0.01354150753,-0.3986935019,0,3.099868536,-0.5621086359,158.8179779
0.1649843156,0.2812301517,-0.001731318305,0.006073696539,1,0.5801566243,0.006315635517,0.2569224536,0,2.50961709,-0.4753150046,105.9103012
0.1649843156,0.2860737145,0.002338953083,0.00843963027,1,-0.1420675516,0.008757743053,0.5326187015,0,1.506487131,-0.5368232131,74.50985718
0.1649843156,0.2909172773,0.004877333995,0.0112536056,1,-0.3172490001,0.01226507314,0.3501139879,0,1.305172205,-0.5499700904,66.56800079
0.1649843156,0.29576087,0.007124036085,0.01279925741,1,-0.4234138727,0.01464830618,0.08001607656,0,1.379351139,-0.4475728273,60.89979172
0.1649843156,0.3006044328,0.009507490322,0.01380902342,1,-0.5317336321,0.01676548645,0.006772696972,0,1.616406083,-0.6968901753,55.45265198
0.1649843156,0.3054480255,0.0123777315,0.01620750315,1,-0.1167017221,0.02039341629,0.74510777,0,2.150618553,-1.386800885,52.63088989
0.1649843156,0.3102915883,0.01935892366,0.02413508855,1,0.3695223331,0.03093978763,-0.1109111309,0,1.746700048,-2.350331545,51.26665878
0.1649843156,0.315135181,0.02262781933,0.02705430984,1,-0.5496873856,0.03526972979,-1.781175852,0,1.330301881,-3.347598791,50.09139252
0.1649843156,0.3199787438,0.02313989028,0.03172218055,1,-4.252438545,0.03926514089,-5.753730297,0,0.6648601294,-2.370522976,53.89094925
0.1649843156,0.3248223364,0.005251104943,0.01066748053,1,-7.30954361,0.01188987959,-4.702249527,156.5669556,0.2516000271,-0.2439556122,63.79111862
0.1649843156,0.3296658993,-0.01104580704,0.01012808923,1,-6.426677227,0.01498626173,-2.587978601,163.8782043,-0.601981163,-2.785634279,137.4817657
0.1649843156,0.3345094621,-0.02879264392,0.01162483916,1,-5.536313534,0.03105081618,-1.346738338,149.1421356,0.6900675297,-0.8593575954,158.0139313
0.1649843156,0.3393530548,-0.03451897576,0.007767423056,1,-2.544672251,0.035382092,-0.716006577,0,2.773018599,1.119686604,167.3185883
0.1649843156,0.3441966176,-0.02768663131,0.002733516274,1,0.2397763729,0.02782124467,-1.832421064,0,3.646264553,0.7473133206,174.3614197
0.1649843156,0.3490402102,-0.01569663361,-0.004727720283,1,2.03557539,0.01639315858,-0.0532156229,0,2.91529417,3.027653217,-163.2380524
0.1698278934,0.237637952,0.01498006191,0.008266923949,1,-0.989454031,0.01710977219,0.2519267201,0,0.2269459069,0.7508001924,28.89262962
0.1698278934,0.2424815297,0.01313342806,0.007058757823,1,0.003339141607,0.01491016429,-0.3913905025,0,0.8792846203,0.4497194886,28.25647163
0.1698278934,0.2473251075,0.01925511844,0.004192942288,1,0.1838489175,0.01970635168,-0.3901921213,0,1.595192194,-0.6824185848,12.28479481
0.1698278934,0.2521686852,0.02175035141,0.008474179544,1,-0.8600751758,0.02334286831,0.5091046691,0,1.273391843,-1.731519699,21.28644371
0.1698278934,0.257012248,0.02125704661,0.01504556462,1,-2.096753597,0.02604286931,1.09513092,46.43406296,0.669293344,-2.431735992,35.29055023
0.1698278934,0.2618558407,0.01483633649,0.02555683441,1,-4.304731369,0.02955111861,-0.2129422426,120.3479004,-0.1355979443,-3.209833145,59.86383438
0.1698278934,0.2666994035,-0.0002500347327,0.02956123836,1,-5.200263977,0.02956229635,1.146142006,141.7424011,-0.3356883526,2.322597027,90.48460388
0.1698278934,0.2715429962,-0.01197748072,0.01985858195,1,-3.037772655,0.02319101803,-0.4733967781,80.13682556,0.9032474756,2.722305775,121.0958099
0.1698278934,0.276386559,-0.01058877353,0.01408260502,1,-0.2726373672,0.01761936024,-0.03691953421,0,2.401334763,1.837031603,126.9396667
0.1698278934,0.2812301517,-0.001666970551,0.01078195404,1,0.4785538912,0.01091005653,0.09183734655,0,2.237915754,0.3762025833,98.78876495
0.1698278934,0.2860737145,0.002568658208,0.01270525996,1,-0.1451045871,0.01296231523,0.4889307618,0,1.385997772,-0.3786371946,78.57041168
0.1698278934,0.2909172773,0.004343373701,0.01498407405,1,-0.2325476408,0.01560087781,0.2786720395,0,0.9943650961,-0.5850113034,73.83493042
0.1698278934,0.29576087,0.006258580368,0.01688857749,1,-0.179050386,0.01801093854,0.1540014297,0,0.9918028712,-0.5982411504,69.66627502
0.1698278934,0.3006044328,0.008280003443,0.01862761937,1,-0.2695885599,0.02038496174,0.1607713401,0,1.138644099,-0.6815367937,66.03479004
0.1698278934,0.3054480255,0.01046791859,0.02096836269,1,-0.3776153922,0.02343607508,0.05246177316,0,1.019233227,-0.9088881016,63.47050858
0.1698278934,0.3102915883,0.01138772909,0.02328399196,1,-0.2244262248,0.02591958083,-0.4630864859,0,0.04662962258,-1.959710002,63.93767929
0.1698278934,0.315135181,0.009606746957,0.02821737528,1,-1.173639774,0.02980788238,-0.4670609236,22.46911621,-0.7180346251,-3.298253059,71.19860077
0.1698278934,0.3199787438,0.002225256991,0.03699709103,1,-2.278548717,0.03706394881,-1.376887798,0,-2.016710043,-3.677262783,86.55799103
0.1698278934,0.3248223364,-0.01119767223,0.03935942054,1,-5.334193707,0.04092128575,-2.593904495,130.5337982,-0.005279064178,-1.029408932,105.8809433
0.1698278934,0.3296658993,-0.0236368943,0.02941933647,1,-4.320144653,0.03773857653,-2.828109741,91.34392548,-0.1643044949,0.7787402868,128.7800598
0.1698278934,0.3345094621,-0.03291838244,0.0218894165,1,-2.320481777,0.03953184187,-1.23821795,54.49970627,0.2536695004,1.610125899,146.3776703
0.1698278934,0.3393530548,-0.03364766017,0.01562316157,1,-1.291725516,0.03709781915,-0.2065832615,28.06567383,0.7883929014,1.700056553,155.0937958
0.1698278934,0.3441966176,-0.03535631299,0.01265445817,1,0.8439174891,0.03755268455,-0.9436215758,0,2.932086945,1.754921198,160.3070831
0.1698278934,0.3490402102,-0.0153582897,0.002552559134,1,2.714080095,0.01556896325,-2.446737051,0,5.543437004,1.724505067,170.5636444
0.1746714562,0.237637952,0.01086375304,0.005857866723,1,0.392968297,0.01234243624,-0.6046683788,0,0.9513722658,-0.4065814316,28.33407974
0.1746714562,0.2424815297,0.01411946211,0.005378141999,1,0.7862653732,0.01510905754,0.03286334872,19.71467781,0.3486701548,-0.3676908314,20.85197449
0.1746714562,0.2473251075,0.0163609013,0.007797982078,1,0.09445652366,0.01812422834,0.17726928,0,1.02644074,-1.369279861,25.4835434
0.1746714562,0.2521686852,0.01954861544,0.01286897343,1,-0.2334536314,0.02340424806,0.2532512546,0,0.6925433278,-2.119460106,33.35715485
0.1746714562,0.257012248,0.01858453453,0.01929037645,1,-0.8431321383,0.02678625844,0.4838044643,11.58296394,-0.5529386997,-2.484143734,46.06764603
0.1746714562,0.2618558407,0.01278663799,0.0272444617,1,-0.8497965336,0.03009582683,0.6163927913,0,-2.025721788,-1.796999216,64.85793304
0.1746714562,0.2666994035,0.00465673767,0.03097982891,1,-1.017054796,0.03132786229,0.3143437505,0,-2.65397501,0.9076390862,81.45157623
0.1746714562,0.2715429962,-0.004994281102,0.02437078953,1,-0.9133102298,0.02487726323,0.2345497608,6.154759884,-0.8548817039,2.946445227,101.5812225
0.1746714562,0.276386559,-0.003907637205,0.01784455217,1,0.08898285031,0.01826739311,0.3309875727,0,1.052724242,2.349227428,102.3517838
0.1746714562,0.2812301517,0.0005356660113,0.01459528878,1,0.01464784145,0.01460511517,0.3123483658,0,1.385310054,0.7229786515,87.89810944
0.1746714562,0.2860737145,0.002873167861,0.01585563272,1,-0.1946044564,0.01611385122,0.368083775,0,0.7846437097,-0.1689083129,79.72899628
0.1746714562,0.2909172773,0.00339355832,0.01719624363,1,-0.0715265274,0.01752789319,0.1336119622,0,0.5049173236,-0.4062234163,78.83652496
0.1746714562,0.29576087,0.004972329829,0.01847036742,1,0.2156207561,0.01912795193,0.1263598353,0,0.5258905888,-0.5825487971,74.93284607
0.1746714562,0.3006044328,0.006985126063,0.02062989771,1,0.1002923846,0.02178037353,0.1800776124,0,0.5721940994,-0.7495802641,71.29429626
0.1746714562,0.3054480255,0.008229570463,0.02297323756,1,-0.1578661799,0.02440277487,0.02476280928,0,0.2897547781,-0.9699706435,70.29124451
0.1746714562,0.3102915883,0.007623938844,0.02544796653,1,-0.6105891466,0.0265654549,-0.07369887829,16.19079399,-0.1820716262,-1.371877313,73.32234955
0.1746714562,0.315135181,0.004390256479,0.02926106565,1,-0.9585704803,0.02958858386,-0.001703798771,9.817668915,-0.8921653032,-1.558909655,81.46713257
0.1746714562,0.3199787438,-0.001340243965,0.03299041465,1,-1.027736068,0.03301762789,0.3439160585,0,-2.417841911,-1.146178007,92.32637024
0.1746714562,0.3248223364,-0.0122986678,0.03647845238,1,-0.9686741829,0.0384959057,0.08414325118,0,-3.084492207,0.6484416723,108.6314774
0.1746714562,0.3296658993,-0.02097207122,0.03025719151,1,-1.221309185,0.03681474552,-0.1502245665,0,-1.812121868,2.406887054,124.7268753
0.1746714562,0.3345094621,-0.02699128166,0.02409292199,1,-0.6508570313,0.03618007898,0.3179510832,0,-0.6525518298,2.88105011,138.2473145
0.1746714562,0.3393530548,-0.02728523314,0.01784262247,1,0.2214739621,0.03260127455,0.260496974,0,0.4462633431,2.58217144,146.8181458
0.1746714562,0.3441966176,-0.02375704423,0.01284771133,1,0.8793239594,0.02700853348,0.8138712645,0,0.7910152674,2.644368172,151.5956726
0.1746714562,0.3490402102,-0.01919481531,0.008976467885,1,0.4075421095,0.02119004354,-0.6526861191,0,1.476278186,0.9458147287,154.9368286
0.179515034,0.237637952,0.01008200273,0.01097159274,1,0.4449985325,0.01490042359,-0.820966959,0,0.1453357041,1.669901609,47.4195137
0.179515034,0.2424815297,0.01151166763,0.004939234816,1,0.1688302457,0.01252655312,-0.2877120376,0,0.5330328941,0.1798182279,23.22239685
0.179515034,0.2473251075,0.01348153129,0.008707073517,1,-0.04919937998,0.01604882628,0.4211631715,0,0.2968612611,-1.234653354,32.85647583
0.179515034,0.2521686852,0.01271123718,0.01295931078,1,-0.1570321023,0.01815266535,-0.1206908822,0,-0.2379798293,-1.719524622,45.55367661
0.179515034,0.257012248,0.01156826317,0.01645113714,1,0.200789988,0.02011130564,-0.2805871964,0,-0.942648828,-1.705535412,54.88552475
0.179515034,0.2618558407,0.009117986076,0.01986115798,1,0.5860863328,0.02185413614,0.02671229839,0,-1.804098845,-1.043067575,65.34079742
0.179515034,0.2666994035,0.005668724887,0.0216326993,1,0.912599206,0.02236309648,0.2871359587,0,-2.086956978,0.2292393446,75.31613159
0.179515034,0.2715429962,0.003429892473,0.0201415848,1,0.2982971668,0.02043153532,0.8043861985,0,-0.9745925665,1.39943099,80.33586121
0.179515034,0.276386559,0.002393035451,0.01875055395,1,-0.1508374363,0.01890264265,0.6755482554,0,0.1338698417,1.237267733,82.72695923
0.179515034,0.2812301517,0.003347708611,0.01742085256,1,-0.3133006692,0.01773959585,0.3668340445,0,0.5487346649,0.6356924772,79.12226105
0.179515034,0.2860737145,0.003533378476,0.01744831726,1,-0.2997393906,0.0178024862,0.1970001757,0,0.2326920927,0.1236517131,78.55210876
0.179515034,0.2909172773,0.003022960853,0.01777612045,1,-0.05076503754,0.01803132705,0.120283924,0,0.1572191119,-0.0744221434,80.34876251
0.179515034,0.29576087,0.004048997071,0.01839139126,1,0.2947361171,0.01883182488,0.2483721077,0,0.2211256176,-0.3993284404,77.583992
0.179515034,0.3006044328,0.005521577317,0.02091330849,1,0.2029487789,0.02162993886,0.2328605056,0,0.1770886779,-0.7467985749,75.21013641
0.179515034,0.3054480255,0.005889737979,0.02313644625,1,-0.08302006125,0.02387434244,0.01990735531,0,-0.1514343917,-0.8980583549,75.71783447
0.179515034,0.3102915883,0.004385978915,0.02535954677,1,-0.2720329165,0.02573603392,0.05268341303,0,-0.5211684108,-1.062724829,80.18766785
0.179515034,0.315135181,0.002047805814,0.02853901312,1,-0.3000691533,0.0286123883,0.1442129016,0,-0.9482919574,-0.8683587909,85.89579773
0.179515034,0.3199787438,-0.001660555135,0.03026401624,1,-0.3048033118,0.03030953929,0.05767469853,0,-1.69726038,-0.06048052013,93.14060211
0.179515034,0.3248223364,-0.007649345789,0.02911130711,1,0.0528357029,0.03009951301,0.40903759,0,-2.333388805,1.174241185,104.7223511
0.179515034,0.3296658993,-0.01270659175,0.02655769326,1,-0.1402689815,0.02944093384,0.6119293571,0,-1.877759933,2.104652643,115.5688934
0.179515034,0.3345094621,-0.01742379554,0.02188120782,1,-0.06778007746,0.02797098272,0.6437349319,0,-1.413027048,2.676477909,128.5299835
0.179515034,0.3393530548,-0.01987899654,0.01671194471,1,0.2254452854,0.02597043663,0.3318092823,0,-0.46954,2.32506299,139.9467926
0.179515034,0.3441966176,-0.01860608719,0.01222672872,1,0.5557743907,0.02226385847,-0.3530085087,0,0.6706941724,1.50158906,146.6896515
0.179515034,0.3490402102,-0.01393850055,0.007729057688,1,0.4980919063,0.0159380082,-1.247372866,0,1.42923224,0.6097903848,150.9911346
0.1843586117,0.237637952,0.0149756344,0.004406426568,1,0.6971741319,0.01561045181,1.147271156,0,-1.266490698,0.01762729883,16.39597893
0.1843586117,0.2424815297,0.01359687001,0.007142185699,1,-0.4472358227,0.01535857096,0.6682397723,0,-0.08025367558,-0.3780378699,27.71212006
0.1843586117,0.2473251075,0.01242069807,0.00947415363,1,-0.3699670732,0.01562156621,0.30858621,0,-0.2414573729,-0.792812705,37.33535385
0.1843586117,0.2521686852,0.01063538808,0.01247689687,1,-0.1253254861,0.01639464684,0.09429395199,0,-0.5882189274,-0.7889156342,49.55551147
0.1843586117,0.257012248,0.008964595385,0.01375204138,1,0.1960166693,0.0164159257,0.01838043332,0,-0.76822716,-0.6403304338,56.90072632
0.1843586117,0.2618558407,0.007863841951,0.01566741429,1,0.5177413225,0.01753019914,0.2041436732,0,-0.8907618523,-0.3531311452,63.34685516
0.1843586117,0.2666994035,0.007157841697,0.01645124517,1,0.590770483,0.01794096455,0.6227713823,0,-1.041628003,0.0987713933,66.48641968
0.1843586117,0.2715429962,0.005680078641,0.01820544899,1,0.2519528568,0.01907096431,0.7828541994,0,-0.6237039566,0.2104861736,72.67214203
0.1843586117,0.276386559,0.005357236136,0.01922355406,1,0.05497983843,0.01995607838,0.4548528492,0,-0.1145633385,0.3381673992,74.4278717
0.1843586117,0.2812301517,0.005391481332,0.01877062395,1,-0.1552603394,0.01952957734,0.1915722191,0,-0.03694590926,0.3544782698,73.97436523
0.1843586117,0.2860737145,0.004426270258,0.01843450591,1,-0.3265215755,0.01895845123,0.1459406614,8.102646828,-0.04010684788,0.2630017996,76.49842072
0.1843586117,0.2909172773,0.003615693422,0.01820363104,1,-0.1350711882,0.01855924167,0.1236094832,0,0.09685373306,0.1898160577,78.76585388
0.1843586117,0.29576087,0.004241161048,0.0181138292,1,0.06547652185,0.01860371605,0.2762598097,0,0.1162349433,-0.1988045573,76.8221817
0.1843586117,0.3006044328,0.004495827015,0.02050464228,1,0.07489480078,0.0209917333,0.3253338933,0,-0.1296029389,-0.6095201373,77.63308716
0.1843586117,0.3054480255,0.00397617789,0.0226418674,1,-0.02085994184,0.02298834734,0.1443004906,0,-0.3433548212,-0.6271575689,80.03974915
0.1843586117,0.3102915883,0.002731724409,0.02424125932,1,-0.004330873489,0.02439469099,0.1499597579,0,-0.634324789,-0.5684102178,83.57051849
0.1843586117,0.315135181,0.0008827995625,0.02612134814,1,0.1580020785,0.02613626048,0.1015992314,0,-1.001502275,-0.3122851253,88.06436157
0.1843586117,0.3199787438,-0.001353834174,0.02624594048,1,0.1666172147,0.02628083341,-0.01534743607,0,-1.30477047,0.2325601578,92.95284271
0.1843586117,0.3248223364,-0.004629934207,0.02492058836,1,0.01243150234,0.02534703165,-0.03020590544,0,-1.346210003,0.8791264296,100.5248337
0.1843586117,0.3296658993,-0.007814094424,0.02184151858,1,0.03889012337,0.02319724113,-0.05941092968,0,-1.335381866,1.456719875,109.6853485
0.1843586117,0.3345094621,-0.01090957318,0.01757711358,1,-0.2197107375,0.02068752423,0.0942017436,0,-1.143407941,1.61479497,121.8265991
0.1843586117,0.3393530548,-0.01441646554,0.01447640732,1,-0.4268109798,0.02043038979,0.2382067144,0,-1.077084064,1.099714398,134.881134
0.1843586117,0.3441966176,-0.01819380559,0.01340433396,1,-0.6950858235,0.02259846777,0.7228386402,0,-0.9290296435,0.9272100925,143.6189728
0.1843586117,0.3490402102,-0.02228299528,0.01348651852,1,-0.9562808871,0.02604646049,1.045683622,0,-0.7322135568,1.011748433,148.8160858
0.1892021894,0.237637952,0.01572427899,0.00146042963,1,-1.550729513,0.01579195447,0.6364824772,0,0.3916704655,-1.533942699,5.306258202
0.1892021894,0.2424815297,0.01291728299,0.006716741249,1,-0.06599265337,0.01455921773,0.3742085099,0,-0.8812692165,-1.25043571,27.47357368
0.1892021894,0.2473251075,0.01113614254,0.009329520166,1,0.1467104554,0.01452768408,0.09021869302,0,-0.8838720918,-0.7357223034,39.95524597
0.1892021894,0.2521686852,0.009346783161,0.01071725041,1,0.1258872449,0.01422047149,0.2617373466,0,-0.6586229801,-0.2443411946,48.90749741
0.1892021894,0.257012248,0.008555799723,0.01178074721,1,-0.3293615878,0.01455979794,0.6479361057,0,0.1331368983,0.1685977429,54.01086807
0.1892021894,0.2618558407,0.008396353573,0.01303896308,1,-0.5242686272,0.01550849155,0.7344574332,0,0.6497489214,0.3328322768,57.22076035
0.1892021894,0.2666994035,0.009163573384,0.01372605003,1,-0.3597775996,0.01650380343,0.378187418,0,0.3277476132,-0.2125555873,56.27274704
0.1892021894,0.2715429962,0.008241213858,0.01590027288,1,-0.2711492479,0.01790911146,0.1746085584,0,-0.333668679,-0.6932021379,62.60200119
0.1892021894,0.276386559,0.006234090775,0.01792935841,1,0.2493930757,0.01898225024,-0.02819316089,0,-0.7136505842,-0.4604448676,70.82728577
0.1892021894,0.2812301517,0.005992546678,0.01799391769,1,0.2081176341,0.01896553859,-0.1095227599,0,-0.3567614257,-0.2966222465,71.58060455
0.1892021894,0.2860737145,0.005514123011,0.01883558929,1,-0.19129318,0.01962612942,0.2795640826,0,-0.1083797812,0.09260477871,73.6825943
0.1892021894,0.2909172773,0.004541061819,0.01889946684,1,-0.3645786047,0.01943736337,0.2094240189,7.387578011,0.1395454556,0.2503742576,76.48938751
0.1892021894,0.29576087,0.004424157552,0.01863724366,1,-0.3412796259,0.01915515587,0.1961516291,2.888854265,0.2595296502,-0.01512627304,76.64614868
0.1892021894,0.3006044328,0.004145099316,0.01992280781,1,-0.1308907568,0.02034945041,0.2728955448,0,-0.0493840836,-0.3335102499,78.2468338
0.1892021894,0.3054480255,0.003550982336,0.02157441713,1,0.09007713199,0.02186469547,0.2379596978,0,-0.4587958157,-0.2545098662,80.65335846
0.1892021894,0.3102915883,0.002359181643,0.02230812237,1,0.06268340349,0.02243252285,0.08309526742,0,-0.5837135315,-0.1953036934,83.96315765
0.1892021894,0.315135181,0.00102733227,0.02292286418,1,0.007051885128,0.02294587344,-0.1602601409,0,-0.6197497845,-0.3314380646,87.4338913
0.1892021894,0.3199787438,-0.00060846837,0.02313723601,1,-0.2313072383,0.02314523607,-0.490044862,0,-0.7111501694,-0.4090627134,91.50642395
0.1892021894,0.3248223364,-0.003537533339,0.02253062092,1,-0.3032236695,0.02280664444,-0.9235181808,0,-0.7972333431,-0.2554301918,98.92315674
0.1892021894,0.3296658993,-0.005938617513,0.01990129985,1,-0.5088259578,0.02076845989,-1.063950777,0,-0.6491240859,-0.00617313385,106.6152878
0.1892021894,0.3345094621,-0.009146137163,0.01740720868,1,-1.316378832,0.01966374181,-1.129970789,17.84283638,-0.2238160968,0.1787731647,117.7184448
0.1892021894,0.3393530548,-0.01339867152,0.01356229652,1,-0.7347031832,0.01906463504,-1.540961385,0,0.4316604435,-0.2374610901,134.6522827
0.1892021894,0.3441966176,-0.01061394811,0.01109360345,1,1.641113758,0.0153533034,0.8181544542,38.91565323,0.3048655987,1.798411489,133.7341919
0.1892021894,0.3490402102,-0.003973168787,0.008814345114,1,3.551439047,0.009668441489,5.959889889,0,-0.809350729,6.901033878,114.2640228
0.1940457672,0.237637952,0.01062871609,0.0138145918,1,-2.814052582,0.0174302198,-3.244879246,0,2.287202358,1.14083004,52.42592239
0.1940457672,0.2424815297,0.00935279578,0.003193330253,1,0.5896733403,0.009882921353,-1.699272752,0,-0.865206182,0.2274321318,18.85147285
0.1940457672,0.2473251075,0.009294151329,0.00448244717,1,1.141821027,0.01031860337,0.1857870817,0,-0.8596221805,-0.946378231,25.7474041
0.1940457672,0.2521686852,0.01071964763,0.008677060716,1,0.7954630852,0.01379138231,1.471586704,0,-0.04696783423,-0.9047062993,38.98857498
0.1940457672,0.257012248,0.01291954052,0.01599218883,1,-0.630648315,0.02055880986,2.209552765,0,1.108331323,-0.4076858759,51.06644821
0.1940457672,0.2618558407,0.01303334255,0.02135385945,1,-2.22864604,0.02501710132,1.348498583,0,1.204723597,0.5661971569,58.60216904
0.1940457672,0.2666994035,0.007960092276,0.01978132688,1,-2.268536568,0.02132285014,-0.6047379375,0,0.2317957878,0.1077990085,68.07993317
0.1940457672,0.2715429962,0.003168230411,0.01790263131,1,-0.9264153242,0.01818081178,-1.586463213,0,-0.09960567951,-0.5082623959,79.96427155
0.1940457672,0.276386559,0.002990479814,0.01455897745,1,0.7222778201,0.0148629332,-0.8625096679,0,-0.6694127917,-0.4768354297,78.39263916
0.1940457672,0.2812301517,0.003424286377,0.01603458822,1,0.7388214469,0.01639614999,-0.08871486783,0,-0.07022076845,-0.9717658758,77.94521332
0.1940457672,0.2860737145,0.006228899118,0.01883610338,1,0.2495526075,0.01983930357,0.6235445738,0,0.2497648895,-0.3284007013,71.70149994
0.1940457672,0.2909172773,0.005842762068,0.02064539492,1,-0.4751429558,0.02145623788,0.4945923388,0,0.2457820028,0.04290303588,74.19818878
0.1940457672,0.29576087,0.00511797145,0.02102389559,1,-0.6620963812,0.02163787931,0.1694675982,0,0.3233949244,0.1170205697,76.31827545
0.1940457672,0.3006044328,0.004202235024,0.02089942619,1,-0.3277734518,0.0213177111,-0.09561790526,0,0.07548977435,0.1192102581,78.63116455
0.1940457672,0.3054480255,0.003896015929,0.01998335868,1,0.1205839962,0.02035960555,0.09301251173,0,-0.5363925099,0.04945804179,78.96783447
0.1940457672,0.3102915883,0.002188234124,0.02111038566,1,-0.3096184134,0.02122349478,0.2849269807,0,-0.8041853309,-0.3555142581,84.08203888
0.1940457672,0.315135181,-0.001498778933,0.02308538556,1,-0.8487536907,0.02313398756,-0.2313190699,0,-0.781645596,-0.8117574453,93.71461487
0.1940457672,0.3199787438,-0.005708731711,0.02392178401,1,-1.074678659,0.02459352277,-1.110552907,0,-0.7507246733,-0.9954372644,103.4221191
0.1940457672,0.3248223364,-0.0103402622,0.02252781391,1,-0.7518178821,0.02478756569,-1.689378023,0,-0.752976954,-1.119590521,114.6551056
0.1940457672,0.3296658993,-0.01299732272,0.02116197348,1,-0.7946474552,0.02483464405,-1.422109604,0,-0.2740927637,-1.492556095,121.5575333
0.1940457672,0.3345094621,-0.01551677287,0.02286902629,1,-2.163349628,0.02763625421,-1.422240496,0,0.09193265438,-1.208309174,124.1571274
0.1940457672,0.3393530548,-0.02303039283,0.02012578025,1,-0.3231557608,0.03058506176,-3.633714437,0,2.387024403,-0.34339571,138.8504639
0.1940457672,0.3441966176,-0.005520265084,0.006932111923,1,7.366792679,0.008861574344,-1.814126015,0,5.648438931,3.91739893,128.5314484
0.1940457672,0.3490402102,0.04000988975,-0.007635306101,1,12.79625702,0.04073191807,6.073131561,0,6.003901958,12.08826065,-10.80416107
