PIVlab, ASCII chart output - 13-Mar-2024
FRAME: 9, filenames: A:[9]2 vortices tapados mismo sentido clase 4.mp4 & B:[10]2 vortices tapados mismo sentido clase 4.mp4, conversion factor xy (px -> m): 0.00030272, conversion factor uv (px/frame -> m/s): 0.0090842
x [m],y [m],u [m/s],v [m/s],Vector type [-],vorticity [1/s],magnitude [m/s],divergence [1/s],dcev [1],simple shear [1/s],simple strain [1/s],vector direction [degrees]
0.1262357086,0.237637952,0.008816688322,0.0008039446548,1,1.10495162,0.008853266016,-1.558849335,0,-2.293730021,1.313498259,5.210074902
0.1262357086,0.2424815297,0.005937718321,-0.006152275018,1,-0.1021440625,0.008550262079,-0.7416211367,0,-0.5576636195,1.459993243,-46.01669693
0.1262357086,0.2473251075,0.005620858632,-0.009859745391,1,-0.465944171,0.01134938933,-0.01903119683,0,0.6521505117,0.769628644,-60.31333542
0.1262357086,0.2521686852,0.006839623209,-0.009972210042,1,-0.001621156931,0.01209237054,0.3829678893,0,0.5315630436,0.6080831885,-55.55500793
0.1262357086,0.257012248,0.008187669329,-0.01095010713,1,-0.2072818428,0.01367270201,0.1651067287,0,0.5104315877,0.2910664082,-53.21361542
0.1262357086,0.2618558407,0.008307952434,-0.01058230549,1,-0.3021930456,0.01345389336,0.222017616,0,0.1999989748,-0.08633604646,-51.86526489
0.1262357086,0.2666994035,0.007692684419,-0.009456572123,1,-0.3287784457,0.01219033077,0.320684433,0,-0.2150076181,-0.104961507,-50.87251282
0.1262357086,0.2715429962,0.00567408232,-0.008520656265,1,-0.2548336983,0.01023703068,0.4556636214,0,-0.4214578271,0.1761638522,-56.33952713
0.1262357086,0.276386559,0.004417013843,-0.008102793247,1,-0.1117224917,0.009228503332,0.6255568266,0,-0.2744344473,0.341204226,-61.40421295
0.1262357086,0.2812301517,0.00380370114,-0.007143372204,1,0.04255725443,0.008092953824,0.7705296278,0,-0.1432685554,0.4513428211,-61.96559906
0.1262357086,0.2860737145,0.003929210827,-0.006556787062,1,0.0481695272,0.007643962279,0.504463017,0,0.05619839206,0.3858782649,-59.06748962
0.1262357086,0.2909172773,0.00430921372,-0.006568999495,1,0.02429473959,0.007856275886,0.2601815462,0,-0.02810438164,0.4051898718,-56.73542786
0.1262357086,0.29576087,0.003910758533,-0.00725914631,1,-0.2343443632,0.008245558478,0.2590869069,0,0.08152169734,0.6898252964,-61.6870842
0.1262357086,0.3006044328,0.00356900529,-0.008655314334,1,-0.4410620928,0.009362279437,0.3193526566,0,0.2929143906,0.8411314487,-67.59127808
0.1262357086,0.3054480255,0.003193193581,-0.009786422364,1,-0.5586790442,0.01029419992,0.4575811028,0,0.5101699233,0.8376582265,-71.92910767
0.1262357086,0.3102915883,0.003334047506,-0.01049624756,1,-0.1962844878,0.01101304125,0.5562643409,0,0.5487777591,0.6368721128,-72.37797546
0.1262357086,0.315135181,0.004900522064,-0.01017685235,1,0.4721050858,0.01129528414,0.04113845527,0,0.1386403888,0.3284655809,-64.2875061
0.1262357086,0.3199787438,0.006292240694,-0.01188793872,1,0.02725946158,0.01345047913,-0.7538926005,0,-0.1857038438,0.01522213221,-62.10789871
0.1262357086,0.3248223364,0.004133084323,-0.01390211936,1,-0.9474657178,0.01450349297,-0.7040823102,0,-0.7635294795,0.2194766551,-73.44284821
0.1262357086,0.3296658993,-0.001995097846,-0.01636126824,1,-1.577483177,0.01648246124,0.5636492372,0,-0.6196903586,0.7991141677,-96.95233154
0.1262357086,0.3345094621,-0.006509063765,-0.0150426086,1,-1.036571026,0.01639048383,1.171913743,0,-0.5426340103,1.176552653,-113.3985443
0.1262357086,0.3393530548,-0.009644100443,-0.01638373733,1,0.001192569733,0.01901145838,1.290132761,0,1.494431973,0.9348661304,-120.4827042
0.1262357086,0.3441966176,0.0007351101376,-0.01332184672,1,3.654333591,0.01334211323,-0.9130775928,0,3.948005676,-2.997088671,-86.84157562
0.1262357086,0.3490402102,0.02717842162,-0.006289667916,1,6.685185432,0.0278967116,-6.67459774,0,4.233697891,-9.57830143,-13.03008842
0.1310792714,0.237637952,0.008222501725,-0.007426919416,1,0.702487886,0.011080103,-0.03111040592,0,-0.9275459647,-0.1019157469,-42.08971405
0.1310792714,0.2424815297,0.007677458692,-0.007255443837,1,-0.03134134784,0.01056337263,0.3474597633,0,-0.1304936111,0.2906928957,-43.38120651
0.1310792714,0.2473251075,0.007438641507,-0.007151964586,1,-0.1478411108,0.01031910814,0.2411568314,0,0.4703865051,0.5354663134,-43.87439728
0.1310792714,0.2521686852,0.009239732288,-0.008680954576,1,-0.03639478981,0.01267799735,0.152128309,0,0.4191247225,0.5774339437,-43.21406174
0.1310792714,0.257012248,0.009292420931,-0.009211962111,1,-0.3147442937,0.01308469847,0.1526045203,4.847452164,0.1902105808,0.2940602303,-44.75087357
0.1310792714,0.2618558407,0.008636543527,-0.009366106242,1,-0.2851209641,0.01274024509,0.136945501,5.897511482,0.0627021566,0.1305622011,-47.32065964
0.1310792714,0.2666994035,0.0082151182,-0.009181044064,1,-0.1812090874,0.01231989171,0.1093601435,2.146746397,-0.1145047843,0.0181212239,-48.17809677
0.1310792714,0.2715429962,0.007204230409,-0.008924183436,1,-0.09051392972,0.01146917604,0.2397395819,0,-0.2102596909,0.09848077595,-51.08708572
0.1310792714,0.276386559,0.006758297794,-0.008496846072,1,-0.02741807327,0.01085683983,0.387445569,0,-0.06371730566,0.1126937419,-51.50164795
0.1310792714,0.2812301517,0.00676280912,-0.007593401708,1,-0.05930592865,0.01016834937,0.5048662424,0,-0.07961513847,0.1003092825,-48.31121063
0.1310792714,0.2860737145,0.006085422821,-0.00653734291,1,-0.1280917525,0.00893136207,0.3967857063,0,-0.04579084367,0.2114876211,-47.05042648
0.1310792714,0.2909172773,0.005920597818,-0.006695898715,1,-0.04795311019,0.008938038722,0.2607434988,0,0.0734288469,0.2518337369,-48.51647949
0.1310792714,0.29576087,0.006208816543,-0.00649418775,1,-0.1021314263,0.00898464676,0.2643148601,0,0.1968643665,0.3018666208,-46.28692245
0.1310792714,0.3006044328,0.006379444152,-0.006877783686,1,-0.3456989527,0.009380896576,0.3230696321,0,0.3707142472,0.4683581591,-47.15273666
0.1310792714,0.3054480255,0.006329980213,-0.007197903935,1,-0.3532084823,0.009585325606,0.2998544574,0,0.3210254312,0.6743887663,-48.67095566
0.1310792714,0.3102915883,0.006223563105,-0.008691869676,1,-0.2158486992,0.01069024485,0.08435606956,4.100923538,0.1055257171,0.8661184907,-54.39653778
0.1310792714,0.315135181,0.005795622244,-0.01098443102,1,0.02021612227,0.0124196196,-0.02936401963,0,-0.3753710985,0.7369743586,-62.18291092
0.1310792714,0.3199787438,0.004503342323,-0.01240368932,1,-0.09295322001,0.0131958928,-0.2135702372,0,-0.4925947189,0.2968447804,-70.04582214
0.1310792714,0.3248223364,0.002959475387,-0.01345666591,1,-0.1186745763,0.01377825625,-0.1327791512,0,-0.5416069627,0.205403477,-77.59660339
0.1310792714,0.3296658993,0.001305217273,-0.01404170319,1,-0.436927855,0.01410223451,0.3252078891,0,-0.3437096477,0.4056724906,-84.6894455
0.1310792714,0.3345094621,-0.0008215913549,-0.01384640113,1,-0.5097464323,0.01387075428,0.6194090843,0,-0.6383422613,0.3563256264,-93.39572144
0.1310792714,0.3393530548,-0.004255639389,-0.01276743785,1,-1.051191092,0.01345800608,0.6100892425,15.28129959,-0.5824911594,0.3549547791,-108.4342499
0.1310792714,0.3441966176,-0.008734458126,-0.01261063758,1,-0.8844040036,0.01534010842,-1.061107755,0,-0.7521775365,-1.17276144,-124.707489
0.1310792714,0.3490402102,-0.01218254957,-0.01222663559,1,-0.1234995723,0.01725992747,-4.429559231,0,-1.300274849,-4.588119984,-134.8965149
0.1359228492,0.237637952,0.008172366768,-0.007091239095,1,-0.05481110513,0.01082003955,0.1824923605,0,0.4083880782,-0.006918519735,-40.94848251
0.1359228492,0.2424815297,0.009028655477,-0.006632525939,1,-0.004107482731,0.01120299194,0.3987667561,0,0.253947705,0.3521230221,-36.30131531
0.1359228492,0.2473251075,0.009382487275,-0.006865316536,1,0.1397260875,0.01162599027,0.3434872031,0,0.137889728,0.5774760246,-36.19353485
0.1359228492,0.2521686852,0.01037330925,-0.007765869144,1,0.03332716227,0.01295817364,0.07949714363,0,0.1666563451,0.4178851843,-36.81998062
0.1359228492,0.257012248,0.01035112143,-0.00850432273,1,-0.06240626425,0.01339661237,0.1805348992,0,-0.09649787098,0.4141908288,-39.40600204
0.1359228492,0.2618558407,0.009603644721,-0.008897599764,1,-0.1332860142,0.01309187803,0.2013389468,0,-0.2880909443,0.3312351704,-42.81453323
0.1359228492,0.2666994035,0.008310149424,-0.009133485146,1,-0.1609398127,0.01234824397,0.05315317959,0,-0.3121336997,0.09507539123,-47.70233917
0.1359228492,0.2715429962,0.007312276401,-0.009100653231,1,-0.1055369526,0.01167438552,0.031242311,0,-0.1980972141,-0.1452540904,-51.21850204
0.1359228492,0.276386559,0.006839473732,-0.008278611116,1,-0.09629107267,0.01073842589,0.09727328271,0,-0.02291110903,-0.2865157127,-50.43777466
0.1359228492,0.2812301517,0.006734911352,-0.007241741288,1,-0.09918945283,0.009889481589,0.1014671996,0,0.1066120341,-0.3363195956,-47.07678223
0.1359228492,0.2860737145,0.006875425577,-0.006158156786,1,-0.08674263209,0.009230080061,0.1670689285,0,0.09851212054,-0.0932072103,-41.85005569
0.1359228492,0.2909172773,0.006791917607,-0.00598107744,1,-0.1967548728,0.009050051682,0.1266148686,0,0.1508534253,0.05492869392,-41.36769104
0.1359228492,0.29576087,0.00665309839,-0.005810939241,1,-0.1694409251,0.008833500557,0.1925467253,0,0.29546839,0.028254807,-41.13456345
0.1359228492,0.3006044328,0.007402341347,-0.005185316782,1,-0.2039773762,0.00903781876,0.1835890859,0,0.4638907611,0.3301302791,-35.01112366
0.1359228492,0.3054480255,0.007912009023,-0.006520722993,1,-0.1447647363,0.01025279053,0.001997888088,0,0.2553021312,0.7771131992,-39.49381638
0.1359228492,0.3102915883,0.007937737741,-0.008939648047,1,-0.01896542683,0.01195512339,-0.07180553675,0,0.1048262864,1.078621864,-48.39732361
0.1359228492,0.315135181,0.008327882737,-0.01209290698,1,-0.06445121765,0.01468305197,0.05727016926,0,-0.1920019984,1.065612078,-55.44643021
0.1359228492,0.3199787438,0.006695586722,-0.01382363029,1,-0.1018785238,0.0153598059,0.1859068871,0,-0.6915509701,0.9823666811,-64.15640259
0.1359228492,0.3248223364,0.004484845325,-0.01595062204,1,-0.09135338664,0.01656913385,0.1904354244,0,-0.972037077,0.6211354733,-74.29558563
0.1359228492,0.3296658993,0.001544972649,-0.01590975933,1,-0.1555921435,0.01598459855,-0.08020463586,0,-1.138469696,-0.1390766948,-84.45348358
0.1359228492,0.3345094621,-0.001783024054,-0.01566547155,1,-0.2139321864,0.01576661505,-0.2625238895,0,-1.131109595,-0.6333659887,-96.49338531
0.1359228492,0.3393530548,-0.004969841801,-0.01411355659,1,-0.4540637136,0.01496301498,-0.1794453263,0,-1.259910703,-0.7955338955,-109.398819
0.1359228492,0.3441966176,-0.01008479204,-0.01268139854,1,-1.051003814,0.01620249636,-0.1717509329,0,-1.329364896,-0.6102894545,-128.4932404
0.1359228492,0.3490402102,-0.0164993424,-0.01198946126,1,-1.480972767,0.02039547637,0.4181188047,0,-1.167701721,0.1324063838,-143.9954834
0.1407664269,0.237637952,0.009072907269,-0.005183378235,1,-0.01410982013,0.01044916548,0.08280022442,0,0.9396836162,0.4222828746,-29.73945236
0.1407664269,0.2424815297,0.01131445169,-0.006005533505,1,-0.02134513855,0.01280949917,0.3510268927,0,0.6048995852,0.7592955828,-27.95866013
0.1407664269,0.2473251075,0.01189939864,-0.007160859182,1,-0.09153709561,0.01388789434,0.3451549411,0,0.1605750024,0.7641903758,-31.03882408
0.1407664269,0.2521686852,0.01164884213,-0.008035164326,1,-0.007963370532,0.0141513031,0.2427960783,0,0.06445528567,0.7003569603,-34.59722137
0.1407664269,0.257012248,0.01217302121,-0.009377087466,1,0.1018221974,0.01536594331,0.1580816507,0,-0.1911640763,0.5876714587,-37.60767746
0.1407664269,0.2618558407,0.01121610776,-0.01011591591,1,-0.03818204999,0.01510406658,0.1653060019,0,-0.6307338476,0.2760249972,-42.04760361
0.1407664269,0.2666994035,0.008933074772,-0.009913363494,1,-0.256013602,0.01334445924,0.1351266056,0,-0.686286211,-0.01835696027,-47.97752762
0.1407664269,0.2715429962,0.006652005482,-0.009372506291,1,-0.2844236791,0.01149317343,0.04243339598,0,-0.3538209498,-0.3233993053,-54.63530731
0.1407664269,0.276386559,0.005841687322,-0.008141424507,1,-0.1732242703,0.01002038456,0.06188061833,3.82669878,-0.03875169903,-0.5112329721,-54.33956146
0.1407664269,0.2812301517,0.005625283346,-0.006596586201,1,-0.1026945263,0.008669415489,0.04876500368,0,0.2268776149,-0.4676667452,-49.54388809
0.1407664269,0.2860737145,0.006443177816,-0.005640047137,1,-0.07209338248,0.008562983014,0.04637822509,0,0.3146079779,-0.2807271183,-41.1973381
0.1407664269,0.2909172773,0.006799918134,-0.005012230948,1,-0.1929413974,0.008447564207,0.1163222641,0,0.365356952,-0.1722420603,-36.39398956
0.1407664269,0.29576087,0.007278285921,-0.004242363386,1,-0.1491717398,0.008424434811,0.2344646454,0,0.5760804415,-0.04824340343,-30.23703194
0.1407664269,0.3006044328,0.00886768382,-0.003642912488,1,0.02380537987,0.009586794302,0.1516647488,0,0.5595194697,0.3617957234,-22.33323479
0.1407664269,0.3054480255,0.01010366529,-0.005260149017,1,-0.07181866467,0.01139092725,0.06333291531,0,0.5327326059,0.9819436073,-27.50229263
0.1407664269,0.3102915883,0.01110015623,-0.008092274889,1,-0.1991215944,0.01373675279,0.112116456,0,0.4325697422,1.421496511,-36.09292984
0.1407664269,0.315135181,0.01123438962,-0.01160223316,1,-0.2477559894,0.01615002565,0.06216967106,5.692044258,0.05405823886,1.54197216,-45.92281723
0.1407664269,0.3199787438,0.01016196609,-0.01525981352,1,-0.228199929,0.01833377965,0.295933485,0,-0.6686593294,1.559481382,-56.33916855
0.1407664269,0.3248223364,0.006890382152,-0.0177223254,1,-0.6627950668,0.01901468448,0.2366790473,0,-1.385041356,0.9680666924,-68.75408936
0.1407664269,0.3296658993,0.0002431110915,-0.01880234666,1,-0.1381276846,0.01880391873,-0.2602183223,0,-2.349976063,-0.143259868,-89.25920868
0.1407664269,0.3345094621,-0.005160903558,-0.01828882098,1,-0.05540543795,0.0190030504,-0.6612402201,0,-1.848381162,-1.101354241,-105.7584839
0.1407664269,0.3393530548,-0.008978026919,-0.01667062007,1,-0.01486217976,0.01893448085,-0.7760794163,0,-1.504970551,-1.670030117,-118.304863
0.1407664269,0.3441966176,-0.01252233144,-0.01395890117,1,0.5295227766,0.01875259168,0.09983533621,0,-0.640599966,-1.130936146,-131.8948364
0.1407664269,0.3490402102,-0.009516038001,-0.01070928294,1,0.1851314902,0.01432633027,2.15068078,0,1.056217194,0.8088593483,-131.6236115
0.1456100047,0.237637952,0.01061877608,-0.002471466316,1,0.5611178279,0.01090259384,-0.6100263596,0,1.002937913,-0.1443397552,-13.10204697
0.1456100047,0.2424815297,0.01440658886,-0.003599260934,1,-0.1101828516,0.01484939363,0.2543370128,0,0.9642852545,0.9093746543,-14.02731037
0.1456100047,0.2473251075,0.01475568768,-0.005644191988,1,-0.2537645102,0.01579833031,0.2073494494,0,0.364210844,0.9951643944,-20.93233299
0.1456100047,0.2521686852,0.01494154427,-0.007415103726,1,-0.2217380106,0.01668033376,0.1917981505,2.311346531,0.05812872201,1.075285435,-26.39402199
0.1456100047,0.257012248,0.01396323461,-0.009923424572,1,-0.3207447827,0.01713027433,0.005802541971,0,-0.3399814069,0.9044289589,-35.40073776
0.1456100047,0.2618558407,0.01174126565,-0.01176767051,1,-0.1208362877,0.01662333868,0.1892725229,0,-0.9295241833,0.4564550519,-45.06435013
0.1456100047,0.2666994035,0.00887573231,-0.01121754386,1,-0.2343066037,0.01430426259,0.1754529774,0,-0.9610638618,-0.3057793379,-51.64766693
0.1456100047,0.2715429962,0.00595139619,-0.009436784312,1,-0.273081094,0.01115670241,0.01197889447,0,-0.5966750383,-0.7292627096,-57.76203537
0.1456100047,0.276386559,0.004663000815,-0.007627282757,1,-0.2021836042,0.008939743973,0.02448251843,4.702228546,-0.0549544096,-0.7582758665,-58.56013489
0.1456100047,0.2812301517,0.004705928266,-0.005645432975,1,-0.1477580667,0.007349603809,0.176970765,0,0.3701840639,-0.5130448341,-50.18603516
0.1456100047,0.2860737145,0.005740338471,-0.004285138566,1,-0.2484354377,0.007163371891,0.1010027528,0,0.6231879592,-0.3880002797,-36.74118423
0.1456100047,0.2909172773,0.006521065719,-0.003276915988,1,-0.3149833083,0.00729811471,0.1517304182,0,0.6896520257,-0.2585065961,-26.68009186
0.1456100047,0.29576087,0.007555075455,-0.002298123669,1,-0.1038195193,0.007896868512,0.1784887612,0,0.7992272377,0.03678108007,-16.91885757
0.1456100047,0.3006044328,0.00988932699,-0.002590543823,1,0.2479215562,0.01022299845,0.09170921147,0,0.87104702,0.3589513898,-14.67900753
0.1456100047,0.3054480255,0.01297488715,-0.003592531895,1,0.1644024253,0.01346306037,0.1366523802,0,0.9662875533,0.8157904148,-15.47653103
0.1456100047,0.3102915883,0.01536591165,-0.005880001932,1,-0.2442908883,0.01645252854,0.06095087528,0,0.8890169859,1.514115095,-20.94011688
0.1456100047,0.315135181,0.01609766856,-0.01063104626,1,-0.2908697724,0.01929129474,0.4762215614,0,0.3562183976,2.556714058,-33.44113541
0.1456100047,0.3199787438,0.0156824328,-0.01595702954,1,-0.2462801337,0.02237332053,1.304207325,0,-0.9465454221,3.124727726,-45.49725342
0.1456100047,0.3248223364,0.01032012515,-0.01944887824,1,-1.204038262,0.02201735415,0.391115427,0,-2.118245363,2.59320426,-62.04831314
0.1456100047,0.3296658993,-0.0004093052994,-0.02662301809,1,-0.7412005663,0.02662616409,-0.8962801099,0,-3.520210743,0.1155804992,-90.88079834
0.1456100047,0.3345094621,-0.0103202872,-0.02434988879,1,-0.6811434031,0.02644665167,-0.6481013298,0,-2.706529617,-1.740683317,-112.9688339
0.1456100047,0.3393530548,-0.01681776345,-0.02133101225,1,0.07803836465,0.02716338076,-0.9180162549,0,-1.06051898,-2.156957865,-128.2528992
0.1456100047,0.3441966176,-0.01507900842,-0.01834897883,1,1.663509727,0.02374997921,1.493071437,0,1.361771226,-1.30666101,-129.4130402
0.1456100047,0.3490402102,-0.002164580161,-0.007770290133,1,2.229243517,0.008066153154,3.549689531,0,3.103338957,-0.8184268475,-105.5663147
0.1504535824,0.237637952,0.00541907642,-0.003043388482,1,3.07910347,0.006215190981,-0.3513617218,0,1.68262589,-1.277175188,-29.31884766
0.1504535824,0.2424815297,0.01695097983,-0.0008012636099,1,0.8327970505,0.01696990617,0.2606791258,0,1.70763731,0.4927924871,-2.706325769
0.1504535824,0.2473251075,0.01772386767,-0.004167647567,1,-0.356149137,0.01820727251,0.04920256138,0,0.5285587907,1.262839317,-13.23232841
0.1504535824,0.2521686852,0.01778605953,-0.006679608021,1,-0.4220384955,0.01899897493,0.2340930104,7.252312183,0.1862476021,1.328866959,-20.58381844
0.1504535824,0.257012248,0.01658179797,-0.009470261633,1,-0.4654826522,0.01909559965,-0.1306025982,9.098199844,-0.245215103,1.387541771,-29.73172188
0.1504535824,0.2618558407,0.01434373949,-0.01403285842,1,-0.5180542469,0.02006648853,-0.3120577633,0,-1.191419482,0.5061818361,-44.37231827
0.1504535824,0.2666994035,0.008301828988,-0.01343346853,1,-0.6166906357,0.01579171978,-0.08819061518,0,-1.688620567,-0.7267680764,-58.28410339
0.1504535824,0.2715429962,0.00317778578,-0.01093985885,1,-0.3037755191,0.01139205135,-0.05633795261,0,-0.9379360676,-1.296157002,-73.80259705
0.1504535824,0.276386559,0.002287502168,-0.007428308483,1,-0.1005175784,0.007772543468,0.1110422611,0,0.2697512805,-1.303607345,-72.88410187
0.1504535824,0.2812301517,0.003997482359,-0.004087893292,1,-0.09769028425,0.005717581604,0.3093114793,0,0.6686692238,-0.9315143824,-45.64065552
0.1504535824,0.2860737145,0.005053082947,-0.001418271568,1,-0.2880784869,0.005248346832,0.2288447917,0,0.7598916888,-0.5849553347,-15.6780777
0.1504535824,0.2909172773,0.006282739341,-0.0001462013897,1,-0.2275669873,0.006284439936,0.1212789565,0,0.9022499323,-0.198708728,-1.333050847
0.1504535824,0.29576087,0.008320962079,0.0001316136477,1,-0.07398152351,0.008322003298,0.06855170429,0,1.058327079,0.1673535109,0.9061785936
0.1504535824,0.3006044328,0.01105049346,-0.0006247556303,1,-0.02148598433,0.01106814016,-0.03076885641,0,1.341983795,0.2805237174,-3.235855103
0.1504535824,0.3054480255,0.01471689623,-0.001376155997,1,0.009080767632,0.01478109695,-0.04220558703,0,1.576238632,0.3662227392,-5.342113018
0.1504535824,0.3102915883,0.01872911118,-0.002603010042,1,0.2641758323,0.01890913211,-0.1275330782,0,2.04976511,1.336643934,-7.912399292
0.1504535824,0.315135181,0.02592464909,-0.008468011394,1,0.3070633411,0.02727259882,0.3423711061,0,2.353107691,3.655746937,-18.089077
0.1504535824,0.3199787438,0.03161385655,-0.01865160279,1,-1.125520945,0.03670583293,0.8335967064,17.89302826,0.1800456643,3.658439636,-30.53983498
0.1504535824,0.3248223364,0.02134516649,-0.02215035819,1,-4.807312012,0.03076124936,-0.4554072618,100.1444702,-2.450159311,2.354725361,-46.06053925
0.1504535824,0.3296658993,-0.003538268153,-0.03226269782,1,-3.316014767,0.03245613724,-1.032665849,0,-4.545209408,0.1954753697,-96.2586441
0.1504535824,0.3345094621,-0.01673116721,-0.02809893712,1,-1.950095654,0.03270293772,0.1281472445,0,-2.247965336,-1.952419639,-120.7711563
0.1504535824,0.3393530548,-0.02387190238,-0.02218531072,1,-0.02827870846,0.03258919716,0.5805074573,0,1.083640933,-2.037091017,-137.0972137
0.1504535824,0.3441966176,-0.01161943842,-0.01542039495,1,2.050452232,0.01930802688,1.129012346,0,3.644707203,-2.114411592,-126.998436
0.1504535824,0.3490402102,0.003713045502,-0.006475533359,1,2.952054024,0.007464532275,1.090566516,0,3.378983498,-2.602915764,-60.17021179
0.1552971601,0.237637952,0.002730831038,-0.009235413745,1,3.769478559,0.009630695917,1.934158564,0,2.558593988,-2.142790318,-73.5275116
0.1552971601,0.2424815297,0.0180560872,0.0006380958948,1,1.848392248,0.01806735806,0.4656336904,0,1.946289062,-1.160514116,2.023970842
0.1552971601,0.2473251075,0.02111066505,-0.001359040383,1,-0.2198768854,0.02115436457,-0.01626902819,0,1.139811516,1.038100004,-3.683444977
0.1552971601,0.2521686852,0.02251186222,-0.004468822852,1,-0.8712767363,0.02295112796,0.1059738398,13.82458878,0.652564466,1.653902411,-11.22780418
0.1552971601,0.257012248,0.02005131729,-0.008856541477,1,-1.62679863,0.02192016505,-0.2799141407,37.78577042,-0.4027633071,1.900363684,-23.8307476
0.1552971601,0.2618558407,0.01268152054,-0.01502916776,1,-2.152447701,0.01966460794,-1.196114779,36.6367569,-0.9698105454,0.3632653356,-49.8425293
0.1552971601,0.2666994035,0.004928416573,-0.01640952006,1,-1.43320477,0.01713364013,-0.6557450294,0,-1.308784604,-1.176182032,-73.28294373
0.1552971601,0.2715429962,-0.0005995183601,-0.01250839047,1,-0.8282002211,0.0125227496,0.2671042085,16.13834763,-0.4191622734,-1.916336298,-92.74404144
0.1552971601,0.276386559,-0.001113280654,-0.005833856761,1,-0.3833855987,0.005939131137,0.4197140932,0,0.8565396667,-1.763564348,-100.8039093
0.1552971601,0.2812301517,0.001692240126,-0.001933511114,1,-0.0100761652,0.002569463337,0.2114114463,0,1.068956852,-1.156305432,-48.80706024
0.1552971601,0.2860737145,0.004015489481,0.0007907864056,1,-0.03995788097,0.004092615098,0.1621306539,0,0.9594852924,-0.6903309226,11.14092159
0.1552971601,0.2909172773,0.006146028638,0.00219544,1,-0.0490591526,0.00652637938,0.1701077223,0,1.015743613,-0.3244676888,19.65737724
0.1552971601,0.29576087,0.008697700687,0.003186300863,1,-0.2001923323,0.009262964129,0.1832104623,0,1.222784638,-0.192150116,20.11971474
0.1552971601,0.3006044328,0.01109903399,0.004013528116,1,-0.3007186651,0.0118024135,0.02797432244,0,1.507799268,-0.1396327913,19.8805275
0.1552971601,0.3054480255,0.01454428956,0.003998118918,1,-0.1645982265,0.01508380938,-0.1445572227,0,2.254644156,0.1124612838,15.3705349
0.1552971601,0.3102915883,0.02122233436,0.002768639009,1,0.772287488,0.02140216902,-0.4520211518,0,3.546539783,0.5222567916,7.432757854
0.1552971601,0.315135181,0.03546286374,-0.0007208719035,1,-0.6510298252,0.03547019139,-0.7480371594,0,3.999304056,1.812478304,-1.164520502
0.1552971601,0.3199787438,0.03743996099,-0.00963341631,1,-5.02898407,0.03865945339,-0.7041148543,113.6797485,1.737358809,0.8052971959,-14.42938232
0.1552971601,0.3248223364,0.01951961964,-0.008031826466,1,-7.346153736,0.02110748179,-3.715442657,151.0705109,-1.305356503,1.021407127,-22.36591721
0.1552971601,0.3296658993,-0.004464302212,-0.03257671744,1,-6.454133511,0.03288118914,-2.156982422,143.4172516,-1.530879498,1.509908676,-97.80318451
0.1552971601,0.3345094621,-0.01915629208,-0.02579264343,1,-3.499033213,0.03212824464,-0.8342469931,81.85027313,-0.5080330372,-4.267942905,-126.6014099
0.1552971601,0.3393530548,-0.02387283929,-0.0159453433,1,-1.351295948,0.02870829776,-0.5186030865,7.647102356,1.207688332,-3.649669409,-146.2599182
0.1552971601,0.3441966176,-0.01985186711,-0.01062707976,1,0.5155147314,0.02251735888,-0.5721145868,0,2.454000473,-2.686857224,-151.8390198
0.1552971601,0.3490402102,-0.009489760734,-0.005702423397,1,1.62490499,0.01107127778,-0.81886518,0,2.653780937,-2.852337837,-148.99823
0.1601407379,0.237637952,0.00440855138,-0.008908401243,1,0.2734014988,0.009939564392,2.599303722,0,3.515830994,-0.944072485,-63.67031097
0.1601407379,0.2424815297,0.01358527225,-0.0003270923917,1,1.622903347,0.01358920988,0.638658762,0,2.147994041,-1.69980073,-1.379243135
0.1601407379,0.2473251075,0.02267318591,0.002418108983,1,0.6396477818,0.02280176803,0.1352674216,0,1.987518787,-0.07704006135,6.087617874
0.1601407379,0.2521686852,0.02631015703,0.0007012353744,1,-0.9070777893,0.02631950006,-0.4791380167,0,1.269906282,0.75128901,1.526722789
0.1601407379,0.257012248,0.02443057112,-0.003541551065,1,-3.609586239,0.02468593419,-0.385786593,87.10955048,0.3061628342,1.473562002,-8.248362541
0.1601407379,0.2618558407,0.01030976884,-0.008304663934,1,-5.206168175,0.01323853433,-0.6395039558,125.8606339,0.04431772232,1.278350949,-38.85193253
0.1601407379,0.2666994035,-0.0005712523125,-0.01283083018,1,-3.620113373,0.01284353994,-1.012555242,83.79335785,0.498419404,-0.877533555,-92.54922485
0.1601407379,0.2715429962,-0.004810397979,-0.008958651684,1,-2.496425629,0.01016844995,-0.1751816273,43.33277512,1.742790699,-2.530505896,-118.2338257
0.1601407379,0.276386559,-0.004221541341,-0.001422633883,1,-0.8737140298,0.004454805981,0.4359365702,0,1.747285843,-1.648708105,-161.3764954
0.1601407379,0.2812301517,-0.0005791853764,0.001138486667,1,-0.1878218651,0.001277343952,0.1675671339,0,1.574450731,-0.8327766657,116.9639282
0.1601407379,0.2860737145,0.002494703745,0.003422608832,1,-0.04856681824,0.004235303495,0.1153902113,0,1.310916543,-0.6841796637,53.91208649
0.1601407379,0.2909172773,0.005535084754,0.005011253525,1,-0.06859701872,0.007466580719,0.1871825755,0,1.262540579,-0.5563390255,42.1564827
0.1601407379,0.29576087,0.008277662098,0.00702391332,1,-0.2746348381,0.01085610595,0.1668328494,0,1.301681876,-0.4780805111,40.31587982
0.1601407379,0.3006044328,0.01050966699,0.00813494157,1,-0.2665358186,0.01329023577,0.1367692947,0,1.563877344,-0.5482036471,37.741436
0.1601407379,0.3054480255,0.01456143707,0.01034163311,1,-0.3260752559,0.01786014624,0.02551332116,0,2.09328866,-0.5317926407,35.38263321
0.1601407379,0.3102915883,0.01906930283,0.01083429623,1,0.1540017128,0.02193217538,-0.3663052619,0,3.256476164,-1.1332196,29.60323524
0.1601407379,0.315135181,0.03108035214,0.01405624207,1,-1.271034241,0.03411108628,-0.992613554,0,3.962152004,-1.671328545,24.33509445
0.1601407379,0.3199787438,0.03210394084,0.01412170473,1,-6.204859257,0.03507257625,-3.052108049,126.4226913,1.50090766,-1.617728233,23.74346924
0.1601407379,0.3248223364,0.008296395652,0.007108712569,1,-7.203594208,0.01092538238,-4.242818356,140.4637909,-0.8021326065,0.410402894,40.59140396
0.1601407379,0.3296658993,-0.006672419608,-0.008416534401,1,-10.96373367,0.01074054185,-3.185704708,255,0.6943469048,1.092242837,-128.4065094
0.1601407379,0.3345094621,-0.04144402221,-0.01361179538,1,-7.51317215,0.04362210631,-2.152747869,175.2799683,-0.2060873508,-1.8690449,-161.8178558
0.1601407379,0.3393530548,-0.04406125471,-0.009790671989,1,-0.5692476034,0.04513592273,-0.9209931493,0,3.467828274,-2.486077547,-167.4720917
0.1601407379,0.3441966176,-0.02740452066,-0.006031187717,1,1.914811254,0.02806034498,-0.4750096798,0,4.277418137,-2.188325882,-167.5882111
0.1601407379,0.3490402102,-0.01406871062,-0.00149209192,1,2.136982918,0.0141476132,-0.5636512637,0,3.369595051,-2.437919378,-173.9459839
0.1649843156,0.237637952,0.0107480716,0.006469545886,1,-0.9088407755,0.01254496165,-0.3828216791,0,1.80416739,0.9749073982,31.04483604
0.1649843156,0.2424815297,0.01291636378,0.003181412816,1,0.5094321966,0.01330239978,0.02841897309,0,1.688245416,0.2968297601,13.83701706
0.1649843156,0.2473251075,0.02139269374,0.005169477314,1,0.5674120784,0.02200842649,-0.2007403374,0,1.685815573,-0.7982648015,13.58491898
0.1649843156,0.2521686852,0.02383004688,0.006075568963,1,-0.7562286854,0.02459235117,-0.03015434742,0,1.567066193,-1.050107837,14.30308437
0.1649843156,0.257012248,0.02532004192,0.01010969374,1,-3.243793726,0.02726371959,0.2382193506,68.75630188,1.58092761,-0.6550045013,21.76565742
0.1649843156,0.2618558407,0.01577582583,0.01040196791,1,-6.723313808,0.01889649779,-0.1313524246,163.0479126,0.6231913567,1.225244284,33.39931107
0.1649843156,0.2666994035,-0.004226375371,0.003538912395,1,-8.152795792,0.005512363277,-0.05399660766,192.1185303,2.066271305,0.4368354678,140.0592194
0.1649843156,0.2715429962,-0.01370472647,0.008024584502,1,-3.830810308,0.01588123105,-0.1131575108,48.90195465,3.260765076,-0.7990651131,149.6495819
0.1649843156,0.276386559,-0.006987433415,0.006861159112,1,-0.4628189802,0.009792840108,-0.3818008304,0,2.97645092,-0.08813552558,135.5224304
0.1649843156,0.2812301517,-0.001529753907,0.006602193695,1,-0.2666248083,0.006777102128,0.03284735978,0,1.969487429,-0.07335324585,103.0454483
0.1649843156,0.2860737145,0.001260513556,0.007375549991,1,-0.2289494872,0.007482488174,0.1029353812,0,1.444530964,-0.3183897138,80.30160522
0.1649843156,0.2909172773,0.004357990809,0.008642908186,1,-0.1077678204,0.009679459967,0.1218103319,0,1.331994057,-0.5895984173,63.24150467
0.1649843156,0.29576087,0.007190148346,0.0108213136,1,-0.2713669538,0.01299226936,0.1781449616,0,1.251681328,-0.6964912415,56.39822006
0.1649843156,0.3006044328,0.009106219746,0.01287927665,1,-0.4507128,0.01577336341,0.2135059237,0,1.462761879,-0.7971485257,54.73799896
0.1649843156,0.3054480255,0.01209208649,0.01571649686,1,-0.425463438,0.01982994936,-0.06145352125,0,1.427418947,-1.076496363,52.42574692
0.1649843156,0.3102915883,0.01395926904,0.01779571548,1,0.006691336632,0.02261744067,-0.1554833055,0,2.154472828,-1.995027781,51.88874817
0.1649843156,0.315135181,0.02255985327,0.02462647296,1,-1.240809679,0.03339775652,-1.35661757,0,1.418772459,-3.399394512,47.50777817
0.1649843156,0.3199787438,0.01482124534,0.02769006416,1,-5.01740551,0.03140714765,-3.140181541,94.35797119,0.5573067665,-2.799044609,61.84185791
0.1649843156,0.3248223364,0.0009570182301,0.02297415026,1,-6.973635674,0.02299407497,-2.169858217,159.9589081,0.8984997272,-1.385322213,87.61464691
0.1649843156,0.3296658993,-0.01460414752,0.02389010228,1,-9.095609665,0.0280003231,-3.381659508,204.4640045,0.9212179184,-0.6203945875,121.4376755
0.1649843156,0.3345094621,-0.03863615915,0.009599789046,1,-6.633305073,0.03981091455,-0.8703958988,156.9707184,1.3126297,3.316912413,166.0464935
0.1649843156,0.3393530548,-0.04037525132,0.003608548315,1,-1.822597146,0.04053618759,0.4220801592,0,3.037446976,2.235491514,174.892746
0.1649843156,0.3441966176,-0.03275194019,0.0008163898019,1,0.3779733181,0.03276211396,-0.4235015512,0,2.997042179,0.2662200332,178.572113
0.1649843156,0.3490402102,-0.02402810194,0.0002678281453,1,1.571332693,0.02402959391,-0.9054604769,0,2.03088522,-0.6789501905,179.3613739
0.1698278934,0.237637952,0.007276364602,0.004232265055,1,1.370322585,0.008417692035,0.285798341,0,1.885235906,-0.1891877502,30.1842308
0.1698278934,0.2424815297,0.01516063977,0.005382581148,1,0.9842725992,0.01608779468,0.4186179042,0,1.195533872,-0.3252368569,19.54672241
0.1698278934,0.2473251075,0.01783442684,0.007835183293,1,0.1601540446,0.01947965287,-0.09369182587,0,1.061501503,-1.450480938,23.71728325
0.1698278934,0.2521686852,0.02107782289,0.01195429452,1,-0.4113223553,0.02423179336,0.4959478974,0,1.356371641,-1.979948759,29.55975342
0.1698278934,0.257012248,0.02241184004,0.01982736215,1,-1.279234648,0.02992348373,0.4331104755,29.09409332,0.1499652863,-2.730751276,41.49862289
0.1698278934,0.2618558407,0.01560811885,0.02727870457,1,-3.372682095,0.03142834827,1.109572649,73.74739838,-0.9895445108,-2.36691761,60.2230072
0.1698278934,0.2666994035,0.0012830575,0.0366660133,1,-5.483005047,0.03668845445,0.6255580187,132.4150848,0.3551967144,1.015509248,87.99585724
0.1698278934,0.2715429962,-0.00922881905,0.02538994513,1,-2.790396452,0.02701518871,-0.9887185097,56.64535522,1.183986425,3.435753822,109.9753571
0.1698278934,0.276386559,-0.006497714669,0.0152357379,1,-0.1855174899,0.01656345464,-0.7727651,0,1.930805922,1.998053551,113.0972061
0.1698278934,0.2812301517,-0.0007753787795,0.01196926925,1,-0.1024282575,0.01199435722,-0.1226933897,0,1.743539095,0.642752409,93.70648193
0.1698278934,0.2860737145,0.001451133983,0.01152824145,1,-0.3974424601,0.0116192149,0.08032652736,0,1.232508659,0.07710929215,82.82554626
0.1698278934,0.2909172773,0.003269316861,0.01198485214,1,-0.2449134886,0.01242276654,0.169291079,0,1.135965109,-0.4237983227,74.74167633
0.1698278934,0.29576087,0.005767011549,0.01440091617,1,-0.1529896557,0.01551272999,0.300552398,0,1.064182162,-0.8180737495,68.17581177
0.1698278934,0.3006044328,0.007682748605,0.01740300469,1,-0.3544694781,0.0190233849,0.2370962203,0,1.032207489,-0.7777109146,66.18041229
0.1698278934,0.3054480255,0.009049688466,0.01931621321,1,-0.5543749332,0.02133103274,-0.07860258222,0,0.7547200918,-0.870215416,64.89680481
0.1698278934,0.3102915883,0.00865313597,0.02123724297,1,-0.8034647703,0.02293244936,-0.003272294998,13.1292696,0.5958807468,-1.576886296,67.83151245
0.1698278934,0.315135181,0.008044239134,0.0269381348,1,-1.033384085,0.02811357193,0.09584522247,25.01655197,-0.06421345472,-4.009800434,73.37337494
0.1698278934,0.3199787438,0.003336837282,0.04112325609,1,-2.641437054,0.04125841334,0.2834454775,60.43384933,-0.8616833091,-3.494728565,85.36104584
0.1698278934,0.3248223364,-0.008923396468,0.04523801431,1,-4.695102692,0.04610970616,-1.476331234,103.2905502,-1.373452187,-1.265225649,101.1585846
0.1698278934,0.3296658993,-0.02605668083,0.04010074958,1,-3.125662804,0.04782280326,-2.760284901,22.4119606,-1.142008424,1.443863392,123.0150299
0.1698278934,0.3345094621,-0.02959412895,0.02487495728,1,-2.126931906,0.03865974769,-1.24813354,32.92636108,1.067298174,4.192353249,139.9517212
0.1698278934,0.3393530548,-0.03118909895,0.01374932844,1,-1.4664464,0.03408524394,-0.3626502752,0,1.761229038,3.399131298,156.2103119
0.1698278934,0.3441966176,-0.02816632576,0.006654475816,1,-0.1976459026,0.02894173376,-0.640517354,0,2.147892714,2.046657562,166.7072449
0.1698278934,0.3490402102,-0.02174292691,0.0007337867864,1,1.075896263,0.02175530605,-0.7172131538,0,1.57643199,1.72753787,178.0670929
0.1746714562,0.237637952,0.01121601183,0.008963564411,1,-0.1204892993,0.01435772981,-0.5124652982,0,1.009356976,1.452566862,38.63100052
0.1746714562,0.2424815297,0.01336866152,0.004204671364,1,0.1900939494,0.01401429158,-0.1932806075,0,0.3668028116,-0.3113033473,17.45924759
0.1746714562,0.2473251075,0.01391338464,0.009535216726,1,0.1561808884,0.0168672055,0.4602433443,0,0.519667387,-1.693711638,34.42388916
0.1746714562,0.2521686852,0.01664218493,0.01463751961,1,-0.1513842046,0.02216346934,-0.2247556448,0,0.208753705,-1.772561669,41.33301926
0.1746714562,0.257012248,0.01419125777,0.0170321241,1,-0.3569753766,0.02216946147,-0.4992033243,0,-1.079235077,-2.00786972,50.19875336
0.1746714562,0.2618558407,0.009685787372,0.02194486186,1,-0.4022858143,0.02398731932,0.7832183242,0,-1.759134769,-2.269180298,66.18480682
0.1746714562,0.2666994035,0.003722249297,0.03181665391,1,0.4886330366,0.03203364834,1.006596923,0,-2.870782375,-0.09381389618,83.32726288
0.1746714562,0.2715429962,-0.001852338784,0.02727478743,1,0.03363728523,0.02733761445,-0.2305809259,0,-1.019460559,2.805384159,93.88520813
0.1746714562,0.276386559,-0.001052662265,0.01711172052,1,-0.02944338322,0.01714406908,-0.2540980577,0,0.6161022186,2.16797924,93.52022552
0.1746714562,0.2812301517,0.000989188673,0.01554326713,1,-0.2787338495,0.01557471231,0.1393576413,0,0.9137452841,0.5195286274,86.35855103
0.1746714562,0.2860737145,0.002023064997,0.01527033281,1,-0.4061162174,0.01540376153,0.0680322051,0,0.8471300602,0.1117967814,82.45320892
0.1746714562,0.2909172773,0.003125267103,0.01533129066,1,-0.2971851528,0.01564658992,0.1669469476,0,0.8464552164,-0.131683141,78.47817993
0.1746714562,0.29576087,0.004683497362,0.01671677083,1,-0.01114985347,0.01736046001,0.2905067205,0,0.7053571939,-0.5899278522,74.34885406
0.1746714562,0.3006044328,0.006487714592,0.01959574409,1,0.01635840535,0.02064179257,0.3044616878,0,0.5643945932,-0.7981157303,71.68144226
0.1746714562,0.3054480255,0.007496419828,0.02205719054,1,-0.3492501974,0.02329626493,0.1505062282,1.139898658,0.3116633296,-0.8772051334,71.22901154
0.1746714562,0.3102915883,0.006305659655,0.02457354404,1,-0.8306879401,0.02536967583,0.2943366766,18.9120121,0.02671939135,-1.205283761,75.60821533
0.1746714562,0.315135181,0.003602335695,0.02932071872,1,-0.7621434927,0.0295411814,0.5542507768,0,-0.6910156012,-1.868933916,82.99575806
0.1746714562,0.3199787438,-0.0007328295032,0.03631042689,1,-0.3602288961,0.03631782159,0.3990874887,0,-2.927473307,-1.612251997,91.15620422
0.1746714562,0.3248223364,-0.01232190523,0.03906279802,1,-0.3247847557,0.0409601219,-0.2460272312,0,-3.855492592,0.3346087933,107.5072784
0.1746714562,0.3296658993,-0.02098032832,0.03349807113,1,0.3114026785,0.03952587768,-0.3429021835,0,-2.800008297,2.54578352,122.0595093
0.1746714562,0.3345094621,-0.02437562309,0.02507126704,1,-0.1463781297,0.03496769071,-0.4530713558,0,-0.8214011192,2.490217686,134.193985
0.1746714562,0.3393530548,-0.02566784248,0.01924202219,1,-0.5834153891,0.03207948804,-0.2870112658,10.62695599,0.2601879239,2.375090122,143.1427612
0.1746714562,0.3441966176,-0.02594120055,0.01217717119,1,-0.1053268909,0.02865709923,-1.077361584,0,1.454189181,2.339495659,154.8539734
0.1746714562,0.3490402102,-0.01913452335,0.00269220816,1,0.751291573,0.01932298951,-1.318114996,0,2.059298754,2.598384142,171.9911194
0.179515034,0.237637952,0.01182981301,0.009704754688,1,0.7245486379,0.01530120056,-0.7885057926,0,-0.3583570123,0.6427799463,39.36422729
0.179515034,0.2424815297,0.01271665189,0.006238482893,1,-0.212765336,0.01416445989,-0.3084242344,0,0.2190051973,-0.2859203815,26.13145828
0.179515034,0.2473251075,0.01186003629,0.009595755488,1,-0.2121224999,0.01525578555,0.3227081597,0,-0.0589531064,-1.217509747,38.97574234
0.179515034,0.2521686852,0.01140367612,0.01369864773,1,-0.07012029737,0.01782405004,-0.12552917,0,-0.2584349811,-1.515679479,50.22372437
0.179515034,0.257012248,0.01026865561,0.01632904634,1,-0.1198308319,0.01928945445,0.07092666626,0,-0.4980840087,-1.375950813,57.83592606
0.179515034,0.2618558407,0.008410757408,0.02070671134,1,0.10082376,0.02234969288,0.1095394492,0,-1.043199301,-0.7297991514,67.89375305
0.179515034,0.2666994035,0.005704186391,0.02039444819,1,0.9957025647,0.02117713913,0.1377372742,0,-2.06275177,0.2239378691,74.37406158
0.179515034,0.2715429962,0.003242421662,0.02028919198,1,0.6158316731,0.02054664493,0.4780422449,0,-1.221144915,0.8975596428,80.92032623
0.179515034,0.276386559,0.002772304229,0.01836248301,1,-0.2255990505,0.01857057959,0.3317372799,0,0.05497344583,0.8569824696,81.41452026
0.179515034,0.2812301517,0.002415983239,0.01774512604,1,-0.3088141084,0.01790883765,0.2006990314,2.243810654,0.2158753872,0.3584450483,82.24689484
0.179515034,0.2860737145,0.002322148299,0.01759842783,1,-0.1867689192,0.01775097288,0.07981429994,0,0.3982116878,0.1254359186,82.48313141
0.179515034,0.2909172773,0.003440119559,0.01752415486,1,-0.09365594387,0.0178586226,0.1434322894,0,0.5054581761,0.08708120883,78.89365387
0.179515034,0.29576087,0.004316744395,0.01787136868,1,0.0118175,0.01838532276,0.275806129,0,0.3704579473,-0.2472167015,76.42058563
0.179515034,0.3006044328,0.005291700363,0.02005745657,1,0.09875158221,0.02074376121,0.2649405897,0,0.1517093033,-0.694272995,75.22058868
0.179515034,0.3054480255,0.00552987121,0.02251739427,1,-0.1108836308,0.02318647131,0.150565505,0,-0.1060635522,-0.9504179955,76.20223236
0.179515034,0.3102915883,0.004240899812,0.02539015561,1,-0.3577127457,0.02574189752,0.1125884652,0,-0.437854588,-0.8712407947,80.51746368
0.179515034,0.315135181,0.001676479122,0.02728264779,1,-0.1715382934,0.02733410709,0.07369232178,0,-1.228276253,-0.6073068976,86.4836731
0.179515034,0.3199787438,-0.002539210254,0.02868862823,1,0.3183524609,0.02880078182,-0.05180966109,0,-2.418210268,-0.2281533778,95.05802155
0.179515034,0.3248223364,-0.008494345471,0.02813678235,1,0.4734072685,0.02939102612,0.221829772,0,-3.125921726,0.977101326,106.79879
0.179515034,0.3296658993,-0.01538687013,0.02503041178,1,0.1793580055,0.02938158065,0.3586395383,0,-2.498461246,1.707098722,121.5801544
0.179515034,0.3345094621,-0.01972706802,0.02160543576,1,0.0400018692,0.02925665863,0.2949334383,0,-1.214437842,1.780412078,132.3979797
0.179515034,0.3393530548,-0.02107534185,0.01783538051,1,0.04135650396,0.0276092533,0.1805512905,0,-0.5215847492,1.70779717,139.7598572
0.179515034,0.3441966176,-0.02205309086,0.01420810167,1,0.5231620073,0.02623373643,-0.03682255745,0,0.6192764044,2.185949564,147.2076111
0.179515034,0.3490402102,-0.01554185245,0.007069211453,1,0.7645419836,0.01707404293,-0.7596540451,0,1.924056649,2.188112497,155.5415955
0.1843586117,0.237637952,0.01051017735,0.003718426451,1,1.188603759,0.01114856638,0.1169017553,0,-1.196973681,-0.9474185705,19.48342133
0.1843586117,0.2424815297,0.01048990712,0.006295985542,1,-0.08052743971,0.01223427895,0.4177097082,0,-0.1116514951,-0.936388135,30.97195435
0.1843586117,0.2473251075,0.009579343721,0.01027710456,1,-0.1438569725,0.01404929534,0.3852998614,0,-0.2271587849,-1.148569822,47.01255798
0.1843586117,0.2521686852,0.008692863397,0.01372540276,1,0.06575290859,0.01624661684,0.06599482894,0,-0.4186066389,-0.9503878355,57.65223312
0.1843586117,0.257012248,0.007870271802,0.0152000254,1,0.06740438938,0.01711671613,-0.070551157,0,-0.4826660752,-0.6235090494,62.62577057
0.1843586117,0.2618558407,0.006681511179,0.01640369743,1,0.3253758848,0.01771225221,-0.04327514768,0,-0.8200970888,-0.4154726565,67.83808136
0.1843586117,0.2666994035,0.005474050995,0.01700279303,1,0.3423373699,0.01786225662,0.2158640325,0,-0.7286252975,-0.1915932,72.15402985
0.1843586117,0.2715429962,0.004810495768,0.0183772482,1,0.3349230587,0.01899642497,0.3609082997,0,-0.4937017262,0.05784675479,75.33117676
0.1843586117,0.276386559,0.00470499415,0.01847069524,1,0.07792128623,0.01906052418,0.2478669286,0,-0.3077202439,0.308278203,75.70910645
0.1843586117,0.2812301517,0.003697446547,0.01808464155,1,-0.08371905237,0.01845874824,0.1935431808,0,-0.2647390366,0.2693060637,78.44499969
0.1843586117,0.2860737145,0.003017210402,0.0181037318,1,0.0622921735,0.018353438,0.2136974335,0,0.05009008944,0.1830371618,80.53791809
0.1843586117,0.2909172773,0.004241777118,0.01823314652,1,0.1683583856,0.01872005127,0.2051925957,0,0.2042509019,0.1329026818,76.9036026
0.1843586117,0.29576087,0.004821972456,0.01845387369,1,-0.03078021109,0.01907346025,0.2099933326,0,0.06514168531,-0.1242848635,75.35610962
0.1843586117,0.3006044328,0.004408209585,0.01985224895,1,-0.06198165938,0.02033578418,0.2175295651,0,-0.1857072264,-0.5312275887,77.48054504
0.1843586117,0.3054480255,0.003622272052,0.02208053693,1,-0.007542490959,0.02237567864,0.158993125,0,-0.359364301,-0.7356186509,80.68371582
0.1843586117,0.3102915883,0.002631067997,0.02418537065,1,0.08963707089,0.02432806417,-0.02704082429,0,-0.6273676753,-0.4651032686,83.79134369
0.1843586117,0.315135181,0.001017731964,0.02420232631,1,0.09617495537,0.02422371507,-0.2128830254,0,-1.070644736,0.02035324275,87.59207153
0.1843586117,0.3199787438,-0.002088852227,0.02305567265,1,-0.004235267639,0.02315010503,-0.2123212963,0,-1.550921202,0.3189302981,95.17687988
0.1843586117,0.3248223364,-0.006514789537,0.02162916772,1,-0.03857421875,0.02258900926,0.005256742239,0,-1.79600203,0.5271493196,106.7625046
0.1843586117,0.3296658993,-0.01097476482,0.02052784525,1,-0.05900520086,0.02327741124,0.3970917165,0,-1.553183317,0.9408808947,118.1302109
0.1843586117,0.3345094621,-0.01432352606,0.01899529062,1,-0.1262748241,0.02379042841,0.5351215601,0,-1.018894196,1.363532543,127.018364
0.1843586117,0.3393530548,-0.01652147993,0.01651537232,1,0.1099836081,0.02336058393,0.2407510877,0,-0.3594294786,1.552298546,135.0106049
0.1843586117,0.3441966176,-0.01553173643,0.01264270861,1,0.6371232271,0.02002680488,0.09412336349,14.07108212,0.2518489659,1.788524628,140.8546906
0.1843586117,0.3490402102,-0.01221567392,0.008308407851,1,0.5308552384,0.01477336604,-0.364557445,0,0.8384020925,1.425147533,145.7787018
0.1892021894,0.237637952,0.007807140239,-0.001849975437,1,-1.511389613,0.008023330942,2.262657642,0,2.501257896,-1.014963746,-13.33089638
0.1892021894,0.2424815297,0.01020439249,0.006087731104,1,0.04276751727,0.01188234426,0.9841552377,0,0.0307191629,-1.295616508,30.81943512
0.1892021894,0.2473251075,0.008163078688,0.009192276746,1,0.01065450907,0.01229364891,0.3966985643,0,-0.647444725,-0.6902837753,48.39374924
0.1892021894,0.2521686852,0.007120049559,0.0113526145,1,0.3365710378,0.01340063289,0.4617276788,0,-0.5959163904,-0.4616532922,57.90518951
0.1892021894,0.257012248,0.006906921044,0.01366473734,1,-0.001682206988,0.01531112753,0.6667940617,0,-0.1905873865,-0.1189700067,63.18541718
0.1892021894,0.2618558407,0.00618877681,0.01515852381,1,-0.339928329,0.01637320407,0.5551536083,0,0.1158838198,0.2367071211,67.79125977
0.1892021894,0.2666994035,0.00582174398,0.01520715747,1,-0.2688502967,0.01628343761,0.3628129661,0,0.07930397242,0.1321653426,69.05169678
0.1892021894,0.2715429962,0.005270694382,0.01627568342,1,0.2309700549,0.0171078369,-0.009103789926,0,-0.3044090569,-0.2749074697,72.05604553
0.1892021894,0.276386559,0.005466036499,0.01649459824,1,0.3950079083,0.01737668924,-0.1680144072,0,-0.5215393305,-0.2903740108,71.66566467
0.1892021894,0.2812301517,0.004657829646,0.01686834171,1,0.1982905418,0.01749960892,0.07322739065,0,-0.4506398439,-0.1424660385,74.56365204
0.1892021894,0.2860737145,0.004243763164,0.0175393261,1,0.2329250574,0.01804542914,0.1712340415,1.451010227,-0.1462366581,-5.749613047e-05,76.39829254
0.1892021894,0.2909172773,0.005077710375,0.01769800298,1,0.2323778868,0.01841202006,-0.009682476521,4.659623146,-0.1316017807,-0.1741575301,73.9913559
0.1892021894,0.29576087,0.004731880035,0.01833597384,1,-0.1142076626,0.01893670112,0.08241838962,0,-0.1553101838,-0.2809863687,75.52966309
0.1892021894,0.3006044328,0.003772279713,0.01945818216,1,-0.2041652501,0.01982046664,0.2092321068,0,-0.2077078223,-0.3022378087,79.02839661
0.1892021894,0.3054480255,0.002736940747,0.02081331797,1,-0.005476176739,0.02099250071,0.2129376829,0,-0.3899171054,-0.2947665751,82.50861359
0.1892021894,0.3102915883,0.001857161638,0.02191728726,1,0.2025330514,0.02199582942,-0.2137373686,0,-0.614004612,-0.382568717,85.15660858
0.1892021894,0.315135181,0.000743946177,0.02163106576,1,-0.1984058619,0.02164385468,-0.4976378083,0,-0.60265553,-0.3489558995,88.03022766
0.1892021894,0.3199787438,-0.002022841247,0.02119713463,1,-1.182160616,0.02129343525,-0.4907142222,25.77568054,-0.1927613318,-0.07644990087,95.45122528
0.1892021894,0.3248223364,-0.005915595219,0.01962454431,1,-1.266837835,0.02049675584,-0.4656816423,28.4530735,-0.1543129683,0.237082094,106.7748337
0.1892021894,0.3296658993,-0.008906295523,0.01779324375,1,-0.7725336552,0.01989777945,0.06648136675,18.22780418,-0.1803174317,0.5501294732,116.5899658
0.1892021894,0.3345094621,-0.01053078938,0.01728196442,1,-0.6639624834,0.02023768425,0.337687701,13.86086273,-0.05539658666,0.7984012365,121.3560944
0.1892021894,0.3393530548,-0.01239056699,0.01556174178,1,-0.08166867495,0.0198920574,0.2793112397,0,-0.4145657122,1.299211979,128.5274963
0.1892021894,0.3441966176,-0.01293433923,0.01234199572,1,0.5855998397,0.01787797548,-0.1277388334,13.24842358,-0.1756208539,1.318073273,136.3424683
0.1892021894,0.3490402102,-0.01040480193,0.008558838628,1,0.5657078624,0.01347269863,-0.907548964,0,0.47878021,0.6545795798,140.5597992
0.1940457672,0.237637952,0.01655348018,0.02315399796,1,-6.725634575,0.02846270241,-1.686775804,0,3.598954201,5.298296452,54.43790054
0.1940457672,0.2424815297,0.008981320076,0.006237628404,1,-0.8976767063,0.01093490329,-1.910838842,0,-0.835781455,1.405810356,34.7804184
0.1940457672,0.2473251075,0.00815734081,0.007089549676,1,0.4043867886,0.01080758683,0.3055306673,0,-0.4638668597,-0.3078999519,40.99392319
0.1940457672,0.2521686852,0.008693223819,0.00920882728,1,0.6868824959,0.0126639111,1.067584634,0,-0.1983256489,-0.4179928303,46.64973831
0.1940457672,0.257012248,0.01052370016,0.01428504847,1,0.06019350886,0.01774291135,1.717345238,0,0.3163310885,-0.2239122987,53.62117386
0.1940457672,0.2618558407,0.01051694993,0.01861145906,1,-0.9866728783,0.02137738653,1.34821856,0,0.4391059577,0.4389615953,60.53010559
0.1940457672,0.2666994035,0.00787151698,0.01868910529,1,-1.449959159,0.02027913742,0.1313269734,0,-0.01220059395,0.7150610089,67.16004181
0.1940457672,0.2715429962,0.00343486527,0.01578409784,1,-0.454580456,0.01615351439,-0.8598433733,0,-0.6575649381,0.1017965972,77.7229538
0.1940457672,0.276386559,0.002484754194,0.01403132733,1,0.5010511875,0.01424963679,-0.7024936676,0,-0.5160775185,-0.5285311937,79.95781708
0.1940457672,0.2812301517,0.003362083808,0.01494149677,1,0.5383678675,0.01531508844,-0.03670701385,0,-0.2572609484,-0.4983296692,77.31871796
0.1940457672,0.2860737145,0.003846317297,0.0162672326,1,0.2615253627,0.01671577059,0.07574967295,0,-0.2637448013,-0.2398622036,76.69698334
0.1940457672,0.2909172773,0.003351333784,0.01647018269,1,0.2549268901,0.01680768654,-0.1512513459,0,-0.2520621121,-0.5616004467,78.49853516
0.1940457672,0.29576087,0.003860193072,0.01825479046,1,0.07935893536,0.0186584685,0.1673900783,0,0.04583685473,-0.5273252726,78.06002045
0.1940457672,0.3006044328,0.003957729321,0.01983509026,1,-0.1432909667,0.0202260837,0.2409970611,0,0.01234114915,-0.1644216031,78.71586609
0.1940457672,0.3054480255,0.003225927474,0.02021846734,1,-0.3122913539,0.02047420293,0.141764015,0,-0.5579158664,0.06014735997,80.93466949
0.1940457672,0.3102915883,-0.0002571868536,0.0202304069,1,-0.302976191,0.0202320423,-0.2273993045,0,-0.9995192885,-0.645653069,90.72834778
0.1940457672,0.315135181,-0.003082810435,0.02224431187,1,-0.5992740989,0.02245691791,-0.003717839718,0,-0.3460537791,-1.5764184,97.89028168
0.1940457672,0.3199787438,-0.004835955799,0.02784790471,1,-1.841692209,0.02826468088,-0.08803123236,0,0.90452981,-1.073554039,99.85150909
0.1940457672,0.3248223364,-0.007622029167,0.02701776847,1,-1.851797938,0.02807231992,-0.8118463755,0,1.200996757,0.107229203,105.7543869
0.1940457672,0.3296658993,-0.007988162339,0.02339629084,1,-1.280547142,0.02472240105,-0.3343180418,0,1.033051252,0.713431716,108.8513718
0.1940457672,0.3345094621,-0.008820790797,0.02194292657,1,-1.053925633,0.02364948951,-0.5237176418,0,0.8706690669,1.229806662,111.8995285
0.1940457672,0.3393530548,-0.008875779808,0.01490295958,1,0.0384112671,0.01734582521,-0.6150076985,0,-0.2336117029,2.06632638,120.776825
0.1940457672,0.3441966176,-0.009766259231,0.00895567704,1,0.2278756201,0.01325081009,-0.07013744116,0,-1.17039609,1.378294468,137.479126
0.1940457672,0.3490402102,-0.01344095077,0.007887367159,1,-0.6200393438,0.01558427792,-0.8474015594,0,-0.8973019123,-0.4062786698,149.5948944
