PIVlab, ASCII chart output - 13-Mar-2024
FRAME: 47, filenames: A:[47]2 vortices tapados mismo sentido clase 4.mp4 & B:[48]2 vortices tapados mismo sentido clase 4.mp4, conversion factor xy (px -> m): 0.00030272, conversion factor uv (px/frame -> m/s): 0.0090842
x [m],y [m],u [m/s],v [m/s],Vector type [-],vorticity [1/s],magnitude [m/s],divergence [1/s],dcev [1],simple shear [1/s],simple strain [1/s],vector direction [degrees]
0.1262357086,0.237637952,0.007289736532,-0.001417567604,1,0.6758723259,0.007426288445,0.4866428673,0,1.064558268,0.5144600272,-11.00444126
0.1262357086,0.2424815297,0.01150469203,-0.001484934939,1,0.5888956189,0.01160012837,-0.09699651599,0,0.5862323642,0.1127173603,-7.354625702
0.1262357086,0.2473251075,0.01298156008,-0.00243333308,1,0.159544602,0.01320764981,-0.4186469316,0,0.2397768945,0.04560051858,-10.61663055
0.1262357086,0.2521686852,0.01343883667,-0.003733553691,1,-0.08717259765,0.01394782308,-0.5211319923,0,0.1981659532,-0.06629061699,-15.52626324
0.1262357086,0.257012248,0.01351916417,-0.004636389203,1,-0.2710415721,0.01429209299,-0.6136566997,0,0.04260787368,-0.1948907822,-18.92937469
0.1262357086,0.2618558407,0.01233240031,-0.005761879031,1,-0.5544418097,0.01361202914,-0.3764257431,0,0.1349255741,-0.1131088138,-25.04267502
0.1262357086,0.2666994035,0.01148720458,-0.005911785178,1,-0.4554084241,0.01291917451,-0.04628423974,0,0.2739135325,-0.1543727368,-27.23220253
0.1262357086,0.2715429962,0.01145331562,-0.005238343962,1,-0.2093842924,0.01259439159,-0.08986152709,0,0.1399402916,-0.1610364169,-24.57769012
0.1262357086,0.276386559,0.01115084719,-0.00556704402,1,-0.1194511205,0.01246328093,-0.358099699,0,0.1490358859,-0.005821883678,-26.53059769
0.1262357086,0.2812301517,0.0115966117,-0.006944628898,1,-0.1274946034,0.01351699978,-0.5688772798,0,0.2863891125,-0.2250072956,-30.91527748
0.1262357086,0.2860737145,0.01192046516,-0.007232605014,1,-0.1443433166,0.01394302864,-0.5054578185,0,0.05743619427,-0.6267777085,-31.24680138
0.1262357086,0.2909172773,0.01117567159,-0.006357008126,1,-1.840293407e-05,0.01285718475,-0.4294511676,0,-0.288672328,-0.6807467341,-29.63232803
0.1262357086,0.29576087,0.01052216906,-0.006015435327,1,0.01242931187,0.01212029252,-0.592854619,0,-0.3932436705,-0.2849388421,-29.75623894
0.1262357086,0.3006044328,0.009331167676,-0.007848422043,1,-0.2083469331,0.01219296642,-0.5505270362,0,-0.3929208219,0.1239720434,-40.06710815
0.1262357086,0.3054480255,0.007609881926,-0.009282424115,1,-0.04182219505,0.01200307067,-0.2545050681,0,-0.6886956096,0.3501875103,-50.65454102
0.1262357086,0.3102915883,0.005792847835,-0.01077729743,1,0.1550023854,0.01223549061,-0.1159151495,0,-0.7787681818,0.6245501041,-61.74176025
0.1262357086,0.315135181,0.004588623997,-0.012868925,1,0.1170963347,0.01366252918,-0.42314744,0,-0.8829660416,0.6999123096,-70.37548828
0.1262357086,0.3199787438,0.002083298517,-0.01621692441,1,-1.103266954,0.01635019295,-0.442039907,0,0.141631484,0.6788374782,-82.67962646
0.1262357086,0.3248223364,-6.913200923e-05,-0.01829798147,1,-1.22581017,0.01829811186,-0.05229244754,0,0.6048022509,-0.002443121746,-90.21646118
0.1262357086,0.3296658993,-0.0009246015106,-0.01645837352,1,-0.7116385698,0.01648432389,0.03859108686,0,0.1647520065,-1.209916115,-93.21538544
0.1262357086,0.3345094621,-0.002718011383,-0.01225075871,1,-0.1917719096,0.01254865248,-0.30196172,0,-0.4613856673,-1.345237494,-102.5092926
0.1262357086,0.3393530548,-0.004088221118,-0.01140518673,1,-0.3612974882,0.01211576816,-1.707728386,0,-0.5090688467,-0.7853717804,-109.7203598
0.1262357086,0.3441966176,-0.006933698431,-0.01671826467,1,-1.620767474,0.01809907705,-2.622757435,0,0.7323676348,0.1668943167,-112.5256424
0.1262357086,0.3490402102,-0.008391254582,-0.02491708286,1,-2.94995451,0.0262920931,-3.131245136,0,2.348105431,0.2541834116,-108.6118317
0.1310792714,0.237637952,0.009714188986,-0.0004762552853,1,0.2880105972,0.009725856595,0.2644693255,0,0.467040956,0.68363446,-2.806779623
0.1310792714,0.2424815297,0.01154276449,-0.001491384814,1,0.2307240218,0.01163871307,-0.1549738646,0,0.2573313713,0.2089663446,-7.362123489
0.1310792714,0.2473251075,0.01207812317,-0.002239027992,1,0.0131611675,0.01228390448,-0.3088596165,0,0.08458950371,0.01138737798,-10.50220203
0.1310792714,0.2521686852,0.01201622747,-0.003042526077,1,-0.1446408033,0.01239543036,-0.3816424012,0,0.03788395599,-0.04350943863,-14.20875168
0.1310792714,0.257012248,0.0115610389,-0.003876798786,1,-0.2106100321,0.01219373569,-0.3593406379,0,0.03112023324,-0.142588526,-18.53800583
0.1310792714,0.2618558407,0.01114685461,-0.004092381801,1,-0.2161577791,0.01187434047,-0.1953906119,0,0.1005858332,-0.1399092972,-20.15986824
0.1310792714,0.2666994035,0.01100125723,-0.004145526793,1,-0.1567406058,0.01175640523,-0.1909026355,0,0.0945636332,-0.1289702505,-20.64756203
0.1310792714,0.2715429962,0.01084569562,-0.004392356146,1,-0.1422568858,0.01170136314,-0.2763552964,0,-0.008819147944,-0.1171134189,-22.04726219
0.1310792714,0.276386559,0.0102695087,-0.004916827194,1,-0.1887586713,0.0113858683,-0.3704672158,0,-0.05314903706,-0.05046889186,-25.58413124
0.1310792714,0.2812301517,0.009673996828,-0.005942292977,1,-0.2692368627,0.01135328412,-0.4980637729,0,0.04397560656,-0.120840162,-31.5605011
0.1310792714,0.2860737145,0.009178438224,-0.006743939128,1,-0.2577540874,0.01138966437,-0.5038713813,0,0.01269030571,-0.273922503,-36.30691528
0.1310792714,0.2909172773,0.008487015031,-0.007056064904,1,-0.05596278608,0.01103709545,-0.353290379,0,-0.1055073291,-0.3008606434,-39.73997879
0.1310792714,0.29576087,0.008396345191,-0.006997886579,1,0.06556478143,0.01093018893,-0.3587549329,0,-0.1045587659,-0.1028790325,-39.80932236
0.1310792714,0.3006044328,0.008298144676,-0.008295419626,1,-0.04174278677,0.01173342206,-0.4951890707,0,-0.07278853655,0.2999098897,-44.99058914
0.1310792714,0.3054480255,0.00784160383,-0.0108490102,1,0.05563676357,0.01338625234,-0.4228542745,0,-0.3185610473,0.5564354658,-54.14080811
0.1310792714,0.3102915883,0.007024650462,-0.01303868555,1,0.03329074383,0.01481057145,-0.2194494456,0,-0.5665155649,0.697609663,-61.68623352
0.1310792714,0.315135181,0.005258888006,-0.01529085729,1,-0.2049182057,0.01616991684,0.164493978,0,-0.6968697309,0.1982225776,-71.02069092
0.1310792714,0.3199787438,0.002656770404,-0.01320205256,1,-0.6092679501,0.01346672326,0.1764719784,7.559278965,-0.5181171894,-0.1179837063,-78.62181854
0.1310792714,0.3248223364,-0.0002016895887,-0.01386463828,1,-0.989700973,0.01386610512,-0.2510176897,25.32793045,-0.3353660107,-0.01691501588,-90.8334198
0.1310792714,0.3296658993,-0.003761294531,-0.01433594711,1,-0.787536025,0.01482115779,-0.2562686205,14.00602531,-0.5555822849,-0.4546626806,-104.7012329
0.1310792714,0.3345094621,-0.006707167719,-0.01290370431,1,-0.3945494294,0.01454275381,-0.2329836786,0,-0.9194937944,-0.764179945,-117.4647903
0.1310792714,0.3393530548,-0.01012596488,-0.01176305674,1,-0.3790020347,0.01552110445,-0.4685258269,0,-0.8956950307,-0.8575395942,-130.7227936
0.1310792714,0.3441966176,-0.01288126223,-0.011019486,1,-1.044906974,0.01695157774,-0.6873298883,22.20808029,-0.03547298908,-0.6205853224,-139.4541321
0.1310792714,0.3490402102,-0.01535886899,-0.01208633929,1,-2.378354073,0.01954416744,-1.009259939,0,1.355309248,-0.5687384009,-141.7997742
0.1359228492,0.237637952,0.01188194379,-0.0005504214205,1,-0.03052770346,0.01189468615,0.005512133241,0,-0.01726153865,0.3381748796,-2.652284622
0.1359228492,0.2424815297,0.01176620834,-0.001356060384,1,-0.1147896051,0.01184409391,-0.2071276903,0,0.0443434529,0.1101880595,-6.574356556
0.1359228492,0.2473251075,0.01154073235,-0.002087364905,1,-0.05570271239,0.01172798313,-0.2111979723,0,-0.02411939576,0.09713235497,-10.25221348
0.1359228492,0.2521686852,0.01137958374,-0.002849482233,1,-0.04563789442,0.01173091959,-0.20339261,0,-0.04782565311,0.08114682138,-14.05797386
0.1359228492,0.257012248,0.01108803507,-0.00346555165,1,-0.05550000444,0.01161699463,-0.2141867876,0,-0.08308187872,0.07036047429,-17.35656929
0.1359228492,0.2618558407,0.01070835162,-0.004227709025,1,-0.03237185627,0.01151270233,-0.235149473,0,-0.2050884068,0.01859348267,-21.54434586
0.1359228492,0.2666994035,0.009937877767,-0.004694575444,1,0.003654181957,0.01099092606,-0.230884254,0,-0.2433177978,-0.155667156,-25.28568077
0.1359228492,0.2715429962,0.009547522292,-0.004592028912,1,-0.04061085731,0.01059442852,-0.2712503076,0,-0.1298962235,-0.2267307788,-25.68594933
0.1359228492,0.276386559,0.009112013504,-0.004910209216,1,-0.1316885054,0.01035079453,-0.2862074375,0,-0.06416162848,-0.1137041301,-28.31898499
0.1359228492,0.2812301517,0.008598906919,-0.005427562166,1,-0.2441736758,0.01016856078,-0.2559474707,0,0.046210967,-0.04691202193,-32.25979614
0.1359228492,0.2860737145,0.008153165691,-0.005922688637,1,-0.2120005786,0.01007731818,-0.3024449646,0,0.08984633535,-0.06100729853,-35.99570847
0.1359228492,0.2909172773,0.008007245138,-0.006596980616,1,-0.09638874978,0.01037478261,-0.165702492,0,0.1238574758,0.02356918901,-39.48430634
0.1359228492,0.29576087,0.008286212571,-0.00683944067,1,-0.01729413122,0.01074426714,-0.1440324485,0,0.09535092115,0.1453845501,-39.53627014
0.1359228492,0.3006044328,0.008385319263,-0.007998794317,1,-0.06637646258,0.01158854179,-0.3985251188,0,0.06032291427,0.4800479412,-43.64855957
0.1359228492,0.3054480255,0.008256891742,-0.0110948775,1,-0.06641924381,0.01383013278,-0.478174895,0,0.00933980383,0.6952773333,-53.34309769
0.1359228492,0.3102915883,0.008108850569,-0.01368250139,1,-0.1183102503,0.01590485126,-0.2466463596,0,-0.2763204873,0.6115724444,-59.34716034
0.1359228492,0.315135181,0.006345467176,-0.01525172684,1,-0.4568646848,0.01651908457,-0.02887952328,0,-0.7286763191,0.4032241404,-67.41029358
0.1359228492,0.3199787438,0.002366590546,-0.01577542908,1,-0.2360011339,0.01595195569,0.04084606469,0,-1.356282592,0.01543858368,-81.46825409
0.1359228492,0.3248223364,-0.001366882818,-0.01512866374,1,0.2438868284,0.01519028749,-0.1973345876,0,-1.634313107,-0.2882879674,-95.16268158
0.1359228492,0.3296658993,-0.00436804723,-0.01533488929,1,0.05073326826,0.01594486274,-0.3606069982,0,-1.326851845,-0.4298329651,-105.8992691
0.1359228492,0.3345094621,-0.00754784327,-0.0147933634,1,-0.1786821187,0.01660763472,-0.2774012089,0,-1.089608669,-0.5720312595,-117.0314941
0.1359228492,0.3393530548,-0.0105111124,-0.01390782557,1,-0.3996956348,0.01743304543,-0.1652151644,0,-0.7814217806,-0.7772345543,-127.0808868
0.1359228492,0.3441966176,-0.01326867752,-0.01182899997,1,-0.536676228,0.01777591184,0.4191548526,0,-0.6036559939,-1.041542888,-138.2830658
0.1359228492,0.3490402102,-0.01603440009,-0.006832822226,1,-1.14789176,0.0174295567,1.071105838,0,0.005878984928,-0.9918991923,-156.9194489
0.1407664269,0.237637952,0.01137886383,-0.0004119995865,1,-0.1033314988,0.01138632093,-0.1642156839,0,-0.02287025005,-0.03678429872,-2.073627949
0.1407664269,0.2424815297,0.01107322983,-0.0007206114824,1,-0.1297819167,0.0110966526,-0.2100377679,0,0.1600846499,0.1355852783,-3.723381519
0.1407664269,0.2473251075,0.01152563747,-0.00208605174,1,-0.0320369415,0.01171289571,-0.2023669779,0,0.1044814587,0.2792008519,-10.25903416
0.1407664269,0.2521686852,0.01142412052,-0.003053122666,1,-0.03559683263,0.01182506233,-0.1569865942,0,-0.1009207517,0.2403116524,-14.96273994
0.1407664269,0.257012248,0.01086440496,-0.00401039375,1,0.02539899945,0.01158095617,-0.2232787609,0,-0.2991990149,0.1640021503,-20.26069069
0.1407664269,0.2618558407,0.01009794883,-0.004928947892,1,-0.02624355257,0.01123668533,-0.2961754203,0,-0.3320534825,-0.02130402625,-26.01764107
0.1407664269,0.2666994035,0.009128965437,-0.005341754761,1,-0.06836756319,0.01057697274,-0.1901509762,0,-0.2752344608,-0.2116497755,-30.3337574
0.1407664269,0.2715429962,0.008433685638,-0.004824816715,1,0.01013804972,0.009716270491,-0.1694830358,0,-0.1745742708,-0.3247400224,-29.77338982
0.1407664269,0.276386559,0.008332505822,-0.004589755554,1,-0.02444708906,0.009512965567,-0.1444152147,0,-0.02233902924,-0.2040868849,-28.84708977
0.1407664269,0.2812301517,0.008207073435,-0.004535792395,1,-0.162145257,0.009377071634,-0.1614833772,0,-0.02665667236,-0.01857981086,-28.92805481
0.1407664269,0.2860737145,0.00741802901,-0.005281920079,1,-0.1618084013,0.009106362239,-0.2154295444,0,0.07747130841,0.08465797454,-35.4523201
0.1407664269,0.2909172773,0.007798581384,-0.005989285186,1,-0.09854796529,0.009833076969,-0.1288504004,0,0.3018822074,0.1127811894,-37.52414322
0.1407664269,0.29576087,0.008402894251,-0.006452281494,1,-0.05433469266,0.01059436519,-0.08580085635,0,0.2389968336,0.2636218667,-37.51936722
0.1407664269,0.3006044328,0.008693006821,-0.007681741379,1,-0.1022126749,0.01160075422,-0.2468510866,0,0.2034316957,0.5851339102,-41.46603775
0.1407664269,0.3054480255,0.008893156424,-0.01048206538,1,-0.2303929329,0.01374634262,-0.428829819,0,0.2508718967,0.8351695538,-49.6881752
0.1407664269,0.3102915883,0.008792198263,-0.01380402036,1,-0.3173968196,0.01636623777,-0.4215582013,0,-0.05858580768,0.8430716395,-57.50570679
0.1407664269,0.315135181,0.007072055247,-0.01660739817,1,-0.3219476938,0.01805047505,-0.2033877671,0,-0.8884817362,0.7926120758,-66.93386841
0.1407664269,0.3199787438,0.002929389477,-0.01862822287,1,-0.1919470429,0.01885714754,-0.2624369264,0,-1.795405149,1.049495697,-81.06311798
0.1407664269,0.3248223364,-0.002553840168,-0.02296184562,1,0.2568635941,0.023103429,-0.3043224812,0,-2.428655148,0.187083751,-96.34640503
0.1407664269,0.3296658993,-0.007589851972,-0.02100838721,1,-0.02870088816,0.02233737148,-0.05645859241,0,-1.678228378,-1.222128987,-109.8636322
0.1407664269,0.3345094621,-0.01082145981,-0.0173158478,1,-0.4422001243,0.02041917108,-0.08521711826,0,-1.023852825,-1.612272263,-122.0031357
0.1407664269,0.3393530548,-0.01469079312,-0.01361197699,1,-0.6047585011,0.02002761327,-0.2285935283,9.675086975,-0.4428942204,-1.46155405,-137.1828918
0.1407664269,0.3441966176,-0.01589584723,-0.01134390756,1,-0.2061412483,0.01952849701,0.2744911611,0,0.1474176198,-1.194261193,-144.4868469
0.1407664269,0.3490402102,-0.01497522555,-0.006497960538,1,0.5398563147,0.01632424258,1.277664781,0,-0.1597163379,-0.7233074903,-156.5433044
0.1456100047,0.237637952,0.01090838481,-0.0001607011072,1,-0.0676651448,0.01090956852,-0.07031226158,0,0.2729708552,-0.1564601362,-0.8440140486
0.1456100047,0.2424815297,0.01140559185,4.793085827e-05,1,-0.01851648092,0.01140569244,0.02176788449,0,0.2259041816,0.2830264866,0.2407783568
0.1456100047,0.2473251075,0.01191288326,-0.00142612739,1,-0.121593222,0.01199794188,-0.1859605312,0,0.1995486915,0.477560252,-6.826564312
0.1456100047,0.2521686852,0.01178317517,-0.003165883711,1,-0.1702015698,0.01220106706,-0.2585942149,0,-0.0593726933,0.4870623648,-15.03896999
0.1456100047,0.257012248,0.01080092415,-0.005037767347,1,-0.07436591387,0.01191801392,-0.2046887279,0,-0.4650204778,0.3203445077,-25.00528717
0.1456100047,0.2618558407,0.009170615114,-0.005708923098,1,0.007469803095,0.01080240589,-0.1975988299,0,-0.5874541998,-0.06158696115,-31.90323257
0.1456100047,0.2666994035,0.007991724648,-0.005696551409,1,-0.02810911834,0.00981419161,-0.2284690142,0,-0.3882980943,-0.2743495107,-35.48151016
0.1456100047,0.2715429962,0.007153714541,-0.005486697424,1,-0.01271426678,0.009015513584,-0.1460496485,0,-0.1044941694,-0.3105050921,-37.48719025
0.1456100047,0.276386559,0.007424016483,-0.004899998661,1,0.02864724956,0.00889527984,-0.1800419986,0,0.08966246247,-0.3277395666,-33.42560959
0.1456100047,0.2812301517,0.007726756856,-0.004771312699,1,-0.03269536793,0.009081200697,-0.1778453439,0,0.05246318132,-0.2059815675,-31.6955471
0.1456100047,0.2860737145,0.007519763429,-0.004763718694,1,-0.1504641473,0.008901677094,-0.04194731265,0,0.1923043728,-0.06545206159,-32.35398102
0.1456100047,0.2909172773,0.007929412648,-0.004657465965,1,-0.1519154012,0.009196062572,-0.09579782933,0,0.4879767001,0.03942204267,-30.4285202
0.1456100047,0.29576087,0.009147502482,-0.005418666638,1,-0.1167618036,0.01063196827,-0.1027192324,0,0.5491706133,0.2814835906,-30.64104462
0.1456100047,0.3006044328,0.01002381835,-0.006518382113,1,-0.237533778,0.01195684914,0.03410497308,0,0.4599989355,0.7247446775,-33.03552246
0.1456100047,0.3054480255,0.01022502966,-0.008763833903,1,-0.3481819034,0.01346684806,-0.01566576958,0,0.3743331432,1.204619765,-40.59975433
0.1456100047,0.3102915883,0.01015048381,-0.01242893003,1,-0.5388221145,0.01604713872,-0.3214655519,7.989829063,0.3270759881,1.58455205,-50.76210785
0.1456100047,0.315135181,0.009199420922,-0.01799577847,1,-0.4849299192,0.02021082304,-0.4446836114,0,-0.3350658417,1.849689245,-62.92393875
0.1456100047,0.3199787438,0.00617877068,-0.02354190312,1,-0.4906283021,0.02433923632,-0.1333299875,0,-1.808118582,1.960247159,-75.29393005
0.1456100047,0.3248223364,-0.001934737666,-0.02813618258,1,-1.177976608,0.02820262499,0.4784678221,0,-2.278095961,0.4335839152,-93.93364716
0.1456100047,0.3296658993,-0.01056098565,-0.02332450449,1,-0.7749328017,0.02560404129,0.1050640345,0,-2.081441164,-2.06803441,-114.3603058
0.1456100047,0.3345094621,-0.01576976478,-0.01761064306,1,-0.4689308405,0.02363937907,-0.7157649994,0,-1.210920095,-2.82178688,-131.8434296
0.1456100047,0.3393530548,-0.01869747415,-0.01312382333,1,-0.4357324839,0.02284360491,-0.4517088532,0,0.03233425319,-1.998939753,-144.9348602
0.1456100047,0.3441966176,-0.01772365533,-0.01011651009,1,0.3621179163,0.02040763944,-0.8906899691,0,0.7420549393,-1.489950776,-150.2826538
0.1456100047,0.3490402102,-0.01334932726,-0.01022125687,1,1.259935379,0.01681304909,0.6277302504,0,0.546297431,0.670981884,-142.5596008
0.1504535824,0.237637952,0.01028047409,0.001237897319,1,0.1134327948,0.01035473496,-0.03220660985,0,0.8234989643,0.2876554132,6.866069794
0.1504535824,0.2424815297,0.01254952513,0.0004632589989,1,0.1099256277,0.01255807281,0.06183330715,0,0.4387492537,0.4269504547,2.11408329
0.1504535824,0.2473251075,0.01293802354,-0.0005305759259,1,-0.1179883853,0.0129488986,-0.01359587908,0.7558698058,0.1141066328,0.6015636921,-2.348329067
0.1504535824,0.2521686852,0.01253072359,-0.002516314387,1,-0.3161921203,0.01278087962,-0.2152845562,6.540512085,0.003730297089,0.8938112259,-11.35463715
0.1504535824,0.257012248,0.0114245927,-0.005902559496,1,-0.446439445,0.01285929792,-0.265424937,4.861645699,-0.3150144815,0.8276088238,-27.32331085
0.1504535824,0.2618558407,0.008842562325,-0.007810508367,1,-0.4270246923,0.01179809123,-0.2696459591,0,-0.5497466326,-0.02524015307,-41.4536972
0.1504535824,0.2666994035,0.006693524774,-0.007086358033,1,-0.3316177428,0.009747806937,-0.06035250425,7.06156826,-0.2093532234,-0.584995389,-46.63292694
0.1504535824,0.2715429962,0.00622232724,-0.005269359797,1,-0.1831953824,0.008153742179,0.08830808103,4.516953468,0.01379613578,-0.4881530404,-40.2594986
0.1504535824,0.276386559,0.005873026326,-0.004294223618,1,-0.02822063118,0.007275492884,-0.2158507407,0,0.05416236073,-0.4524608552,-36.17342758
0.1504535824,0.2812301517,0.006347978022,-0.004123320337,1,-0.1305648088,0.007569583599,-0.3659718931,0,0.3421450555,-0.5048216581,-33.00568008
0.1504535824,0.2860737145,0.006897831801,-0.003621694166,1,-0.1957909167,0.007790811826,-0.1829014868,0,0.4389059246,-0.4375492334,-27.70163727
0.1504535824,0.2909172773,0.007525520865,-0.002889917931,1,-0.1458614469,0.008061333559,-0.2020422965,0,0.6353594065,-0.2835745811,-21.00757217
0.1504535824,0.29576087,0.009268753231,-0.003226786153,1,-0.04645967484,0.009814374149,-0.3650191426,0,1.046347141,-0.07323698699,-19.1948452
0.1504535824,0.3006044328,0.01236855425,-0.004303187598,1,-0.04102808237,0.01309574582,-0.2867679596,0,1.152436733,0.4886343479,-19.18347931
0.1504535824,0.3054480255,0.01465194765,-0.00698250765,1,-0.5538781881,0.01623068005,-0.04138606787,0,1.078593969,1.054247856,-25.48052406
0.1504535824,0.3102915883,0.01491005626,-0.009609975852,1,-1.269928455,0.01773869805,-0.1956630945,16.52696037,1.109997272,1.641617775,-32.80298996
0.1504535824,0.315135181,0.01387730893,-0.01588151976,1,-1.678625822,0.02109033801,-0.7439308763,30.93306541,1.032026887,2.43545723,-48.85296249
0.1504535824,0.3199787438,0.0117782047,-0.02500958927,1,-2.242182255,0.02764426917,0.1401219368,62.85104752,-0.2381238937,2.702038288,-64.7820282
0.1504535824,0.3248223364,0.001863753423,-0.0282903593,1,-3.91674614,0.02835168503,0.7426253557,91.99704742,-2.044933081,1.22304976,-86.23082733
0.1504535824,0.3296658993,-0.01709765196,-0.02733656205,1,-3.385213852,0.03224309906,-0.3682581782,53.91875458,-2.771332741,-1.892059803,-122.0239258
0.1504535824,0.3345094621,-0.02795586735,-0.02090973035,1,-1.372599006,0.03491056338,-0.4419244528,32.83178329,-0.5811319351,-3.743554592,-143.2051697
0.1504535824,0.3393530548,-0.02656069957,-0.01134485938,1,-0.5162417293,0.02888211422,-0.7387691736,0,0.6255001426,-3.093656063,-156.8712311
0.1504535824,0.3441966176,-0.02742666565,-0.009503653273,1,1.341601372,0.02902656421,-0.3214040995,0,2.34903574,-0.6084518433,-160.8882141
0.1504535824,0.3490402102,-0.008684812114,-0.009954521433,1,3.418811321,0.01321054343,1.905140042,0,4.320012093,2.091311216,-131.1030426
0.1552971601,0.237637952,0.01214567106,0.003278559772,1,-0.1103526056,0.01258039288,-0.1444846392,0,0.7823281288,0.5318526626,15.1061821
0.1552971601,0.2424815297,0.01377305388,0.001640613656,1,-0.008285611868,0.01387042273,-0.2025812715,0,0.5481923819,0.5366485119,6.792930603
0.1552971601,0.2473251075,0.01476075128,-0.0003019571304,1,0.03524295241,0.01476383954,-0.00956466794,0,0.2324554622,0.6628572941,-1.171922445
0.1552971601,0.2521686852,0.01506967191,-0.001616314636,1,-0.360622704,0.01515610423,-0.06054985523,9.591406822,0.1052644402,0.7857769132,-6.121919632
0.1552971601,0.257012248,0.01352390554,-0.004401200451,1,-1.442612648,0.01422204543,-0.3784377277,39.27162933,-0.07018667459,0.5892399549,-18.02688599
0.1552971601,0.2618558407,0.00774231134,-0.006303336471,1,-1.767985344,0.009983758442,-0.2902901769,49.25849152,-0.01953071356,-0.1451179087,-39.1504631
0.1552971601,0.2666994035,0.004865931813,-0.005104353651,1,-0.9673345089,0.007052071858,-0.06044173241,24.18654823,0.4459684789,-0.4260357022,-46.36986542
0.1552971601,0.2715429962,0.00521703437,-0.004532553721,1,-0.562720716,0.006910968572,-0.1422080845,9.698217392,0.4225486219,-0.2667819858,-40.98407364
0.1552971601,0.276386559,0.00418699719,-0.004500970244,1,-0.6503403187,0.006147331093,-0.2369952947,14.89715385,0.297701478,-0.6604112387,-47.06970215
0.1552971601,0.2812301517,0.003509000875,-0.002481705742,1,-0.4967276752,0.004297900479,-0.3450549841,0,0.5643563271,-0.9255050421,-35.26947784
0.1552971601,0.2860737145,0.004514561966,-0.001689515193,1,-0.2880172133,0.004820345901,-0.3265323341,0,0.7150352597,-0.6585490704,-20.51769829
0.1552971601,0.2909172773,0.005577289499,-0.0008735618903,1,-0.2527947724,0.005645287223,-0.2306934595,0,0.7710506916,-0.553583622,-8.90182209
0.1552971601,0.29576087,0.007024774794,-0.000125571547,1,-0.1087347865,0.007025897037,-0.3491205573,0,1.228626966,-0.3771617413,-1.024083138
0.1552971601,0.3006044328,0.01100157388,-0.0007377421716,1,0.07834798098,0.01102628186,-0.3295655847,0,1.59523499,-0.1785911322,-3.836389542
0.1552971601,0.3054480255,0.0151309045,-0.0008568281191,1,-0.5457224846,0.0151551459,-0.05767590553,0,1.815961838,-0.02385114692,-3.241066217
0.1552971601,0.3102915883,0.01715407707,-0.0009015750256,1,-1.394219756,0.01717775315,-0.228531003,0,1.861138105,0.5993061066,-3.008553505
0.1552971601,0.315135181,0.01739246026,-0.00486652134,1,-2.097624779,0.01806047373,-0.6635135412,0,2.673834324,2.006726265,-15.63195801
0.1552971601,0.3199787438,0.01994499378,-0.01383509021,1,-4.159740925,0.02427370101,-0.4028828144,100.1945343,2.135142803,2.529533863,-34.74758911
0.1552971601,0.3248223364,0.007586162537,-0.01906991005,1,-8.564800262,0.0205234345,-0.4130818844,241.6437378,0.006249427795,0.9322113991,-68.3069458
0.1552971601,0.3296658993,-0.02150901221,-0.02035112306,1,-7.750777721,0.02961090766,-0.1488015652,215.993988,-1.256769419,-1.241550803,-136.5844574
0.1552971601,0.3345094621,-0.03604245931,-0.01377711073,1,-3.797847033,0.03858584911,0.4097302556,105.5290756,0.5458891392,-2.224152327,-159.0808105
0.1552971601,0.3393530548,-0.0372601226,-0.007593707647,1,0.2423368692,0.03802605718,-0.2697666287,0,2.609888554,-2.032964706,-168.4807281
0.1552971601,0.3441966176,-0.02222748473,-0.00523692416,1,3.299179077,0.02283607796,1.107113123,0,5.633870125,0.748393178,-166.742569
0.1552971601,0.3490402102,0.006007794291,-0.005856219679,1,4.448030949,0.008389809169,-0.9322823882,0,7.210785389,-0.6765649915,-44.26802826
0.1601407379,0.237637952,0.0121567212,0.005561665632,1,0.0944288671,0.0133685451,-0.4678393602,0,0.735901475,0.5244281292,24.58396149
0.1601407379,0.2424815297,0.0141676059,0.003158603329,1,0.05359613895,0.01451543439,-0.5208762884,0,0.7610033751,0.539708972,12.56828976
0.1601407379,0.2473251075,0.01610229723,0.0004246381868,1,-0.2563960552,0.01610789634,-0.03038781881,0,0.6436740756,0.6753626466,1.510612845
0.1601407379,0.2521686852,0.01604341716,-0.0002597537823,1,-0.8343331814,0.01604551822,0.1213474199,23.20830917,0.07938024402,0.05522800237,-0.9275764227
0.1601407379,0.257012248,0.01244562957,0.0007448922261,1,-1.910058498,0.01246790122,-0.06716175377,53.91796875,-0.0120306015,-0.2566954494,3.425164461
0.1601407379,0.2618558407,0.006733629387,0.0006582674687,1,-1.957365274,0.006765728351,-0.08446016163,54.65438461,0.2833142877,0.1190685257,5.58339119
0.1601407379,0.2666994035,0.004337233491,-0.0002409148292,1,-1.126305342,0.00434391899,-0.07528631389,26.6275177,0.6117523909,0.1632561088,-3.179269314
0.1601407379,0.2715429962,0.00424135197,-0.0004971312592,1,-1.081450462,0.004270386882,-0.07602997124,26.98434067,0.501122117,-0.1872298568,-6.685168266
0.1601407379,0.276386559,0.001526367967,0.0002976904216,1,-1.268305898,0.001555126626,-0.1925546676,33.23389435,0.432677716,-0.5049794912,11.03596878
0.1601407379,0.2812301517,0.0001939218928,0.001016122638,1,-0.5757572651,0.00103446166,-0.3069403768,0,0.6996626854,-0.500800848,79.1953125
0.1601407379,0.2860737145,0.002126513515,0.001236668555,1,-0.2043452859,0.002459961222,-0.209882468,0,0.9337447286,-0.4272915423,30.18003464
0.1601407379,0.2909172773,0.003726813942,0.002069157083,1,-0.1651494503,0.004262693226,-0.03969176114,0,0.9134465456,-0.4555332661,29.03938675
0.1601407379,0.29576087,0.005750948563,0.003250829177,1,0.07188737392,0.006606156472,-0.1282308102,0,1.204120636,-0.3294902146,29.47810364
0.1601407379,0.3006044328,0.009907257743,0.003043972654,1,0.1472470164,0.01036433969,-0.1627227366,0,1.608916998,-0.4116430581,17.07940674
0.1601407379,0.3054480255,0.01425706502,0.004456494004,1,-0.3120065331,0.01493734401,-0.0546348691,0,1.715654135,-0.6974717379,17.35827827
0.1601407379,0.3102915883,0.01670593396,0.006157603115,1,-0.6528077722,0.0178046152,0.008200019598,0,1.917616606,-0.564294219,20.23327065
0.1601407379,0.315135181,0.02038326487,0.007229414303,1,-1.351860523,0.02162734233,-0.10147167,0,2.461137772,0.03839040548,19.52827263
0.1601407379,0.3199787438,0.02207880467,0.00548017025,1,-4.880354881,0.02274875529,0.01860409975,130.4664307,1.575965405,-1.219070196,13.93965244
0.1601407379,0.3248223364,0.004378197715,0.01322418544,1,-9.076138496,0.01393010002,-0.8457528949,255,-0.4025444984,-0.5644529462,71.68157959
0.1601407379,0.3296658993,-0.02383193187,0.004117671866,1,-8.431606293,0.02418504097,-1.498426795,234.3661652,-0.05849885941,1.205098033,170.1972351
0.1601407379,0.3345094621,-0.03674416244,0.0001294926915,1,-4.364465237,0.03674438968,-0.3655434847,115.3267899,1.498355389,0.4592829943,179.7980804
0.1601407379,0.3393530548,-0.03771415725,0.0001225605665,1,0.2961400747,0.03771435469,0.4544988871,0,3.483047009,0.1086573899,179.813797
0.1601407379,0.3441966176,-0.01843937673,0.001804602798,1,0.9980471134,0.01852747239,0.2577374578,0,3.386474133,-0.4245129824,174.4104462
0.1601407379,0.3490402102,-0.01647738926,0.003427093616,1,-0.8156160116,0.0168300122,-2.12035656,0,1.625753284,-2.790309906,168.2507019
0.1649843156,0.237637952,0.01241976302,0.006385582034,1,0.09240165353,0.01396517735,-0.1845470667,0,0.5040616989,0.3599209189,27.20981979
0.1649843156,0.2424815297,0.01386427134,0.005066995509,1,0.1114269197,0.01476118062,-0.3679146767,0,1.016865849,0.1127175391,20.07591438
0.1649843156,0.2473251075,0.01788473688,0.004057602491,1,-0.5239781141,0.01833924651,-0.4857641459,0,0.9494192004,-0.01964832842,12.78260517
0.1649843156,0.2521686852,0.01592492871,0.002809327329,1,-1.428130865,0.01617082767,-0.0927824229,39.84012222,0.2039391994,-0.2444147617,10.00465107
0.1649843156,0.257012248,0.01195527799,0.004792044405,1,-1.5474751,0.01287992112,0.1646600664,43.35676575,-0.107291162,-0.1946284175,21.84243584
0.1649843156,0.2618558407,0.007909939624,0.004549568985,1,-1.370655179,0.009125005454,0.1551200897,38.46717072,-0.005034089088,0.4602623582,29.90627098
0.1649843156,0.2666994035,0.005292020272,0.003314064117,1,-1.089966536,0.006244076882,0.01631632447,29.81929207,0.270732373,0.3088291585,32.05636597
0.1649843156,0.2715429962,0.003941914998,0.003132760292,1,-1.189745903,0.0050351643,-0.06959407032,32.70885849,0.2640697658,-0.1570939124,38.4752388
0.1649843156,0.276386559,0.0008084363071,0.003737876425,1,-1.134689093,0.003824302461,0.02385525033,31.33335876,0.2375689149,-0.09240788221,77.7959137
0.1649843156,0.2812301517,-0.0004033565638,0.003695889842,1,-0.5752590299,0.003717835294,-0.02926934324,0,0.7032478452,-0.04682574421,96.22840881
0.1649843156,0.2860737145,0.001428360119,0.003822912229,1,-0.335832417,0.004081037827,-0.1422772557,0,1.07536757,-0.277469486,69.51273346
0.1649843156,0.2909172773,0.003178628627,0.004350701813,1,-0.2201758921,0.005388161633,0.02794612944,0,0.9178848267,-0.2890872955,53.84808731
0.1649843156,0.29576087,0.004807767458,0.005358488299,1,-0.002926528454,0.007199168205,-0.0002865642309,0,1.043677807,-0.4114016294,48.10076141
0.1649843156,0.3006044328,0.008219588548,0.006341969594,1,-0.02327656746,0.01038182154,-0.05367565155,0,1.402473927,-0.7981285453,37.65262222
0.1649843156,0.3054480255,0.01148801763,0.008964303881,1,-0.2195907831,0.01457166113,-0.1157328486,0,1.508101702,-1.190662384,37.96554947
0.1649843156,0.3102915883,0.0144605916,0.01154847443,1,-0.3817171454,0.01850610599,-0.2386872172,0,1.537660837,-1.196187735,38.61145782
0.1649843156,0.315135181,0.01708692126,0.01360203233,1,-1.370219588,0.02183982916,-0.4433725476,0,1.302057743,-1.659028769,38.52152252
0.1649843156,0.3199787438,0.01413044333,0.01743659936,1,-3.849606037,0.02244335972,-0.5247513652,106.8737106,0.4778834581,-2.452931166,50.97904587
0.1649843156,0.3248223364,0.0007557210047,0.02294132113,1,-5.555184364,0.02295376547,-0.4940665662,144.6423035,-2.096229076,-1.065561175,88.11327362
0.1649843156,0.3296658993,-0.02292977273,0.02020467818,1,-5.919812202,0.03056147136,-0.05196118355,161.1116333,-1.583784819,1.666072369,138.6149597
0.1649843156,0.3345094621,-0.03558842465,0.01461991761,1,-3.161754608,0.03847438097,0.1977192163,86.46562195,0.7662818432,2.750038147,157.6668701
0.1649843156,0.3393530548,-0.03453243151,0.007842322811,1,-0.03823077679,0.03541173413,0.3571374416,0,2.629940987,2.068333387,167.2051392
0.1649843156,0.3441966176,-0.02303527482,0.006331606768,1,1.015410185,0.02388960309,-1.057095766,0,2.443816185,-0.6702783108,164.6309052
0.1649843156,0.3490402102,-0.01777740009,0.005968742538,1,0.3764177561,0.01875264943,-0.8898306489,0,1.794646144,-0.7399979234,161.4405823
0.1698278934,0.237637952,0.01300615817,0.007555573247,1,-0.4100010991,0.01504150406,0.005896274932,0,0.3791893721,0.01060597878,30.15328026
0.1698278934,0.2424815297,0.01293153875,0.00754416734,1,-0.394259274,0.01497127768,-0.2280417979,0,0.5280724168,-0.229193747,30.2589817
0.1698278934,0.2473251075,0.01365429256,0.007561152801,1,-0.4142794013,0.0156080341,-0.5167696476,0,0.7195573449,-0.5376502275,28.97577667
0.1698278934,0.2521686852,0.01441017631,0.007645304315,1,-0.9539014101,0.01631269045,-0.2478319854,17.72341156,0.6743932962,-0.2807379365,27.9481411
0.1698278934,0.257012248,0.0123004755,0.007720535155,1,-1.153794527,0.01452268381,-0.003048636019,32.17211151,0.1842850745,0.07386658341,32.11491394
0.1698278934,0.2618558407,0.009714282118,0.007272759452,1,-1.365296364,0.01213508565,0.114823699,38.40585327,0.0463591218,0.3978374004,36.82097626
0.1698278934,0.2666994035,0.005912100896,0.006349736359,1,-1.476306081,0.008675948717,0.02248271555,41.55831909,0.1196826696,0.1728305817,47.04406738
0.1698278934,0.2715429962,0.003143371083,0.006544537842,1,-1.371241212,0.007260286249,-0.1674458385,36.76909637,0.3972147107,-0.290204823,64.34481812
0.1698278934,0.276386559,0.001194327953,0.006944329012,1,-1.209445834,0.007046284154,-0.04130969942,30.76202583,0.5244104862,-0.1784257293,80.24139404
0.1698278934,0.2812301517,-0.0001746505732,0.007208670024,1,-0.9595006704,0.007210785523,0.005887433887,17.51445961,0.7322119474,-0.2269149423,91.38787842
0.1698278934,0.2860737145,9.343760757e-05,0.008071925491,1,-0.5215420723,0.00807246659,-0.3621740937,0,1.065894842,-0.4391365647,89.33679962
0.1698278934,0.2909172773,0.002461956348,0.007581442595,1,-0.3329822123,0.007971166633,-0.1896191686,0,1.089337826,-0.2408650219,72.00959015
0.1698278934,0.29576087,0.003756904742,0.00832013879,1,-0.3417997956,0.009129022248,0.05333305895,0,1.02714467,-0.4356162548,65.69876099
0.1698278934,0.3006044328,0.005781477783,0.009949706495,1,-0.3303197324,0.01150748227,-0.04498296976,0,1.191776514,-0.9749913812,59.84040833
0.1698278934,0.3054480255,0.007929437794,0.01282470673,1,-0.3386679292,0.01507809944,-0.199319303,0,1.159244776,-1.33578372,58.2717514
0.1698278934,0.3102915883,0.009756005369,0.0154542597,1,-0.4363026619,0.01827604324,-0.2063524127,0,0.9051054716,-1.723431587,57.73649979
0.1698278934,0.315135181,0.01020012051,0.02017279714,1,-1.176183343,0.02260495909,-0.07564103603,25.67403603,0.7426531315,-2.343890667,63.17713165
0.1698278934,0.3199787438,0.007656167727,0.02644070238,1,-2.564361572,0.02752685361,-0.2019506693,71.99391174,-0.1972543001,-2.226303101,73.85110474
0.1698278934,0.3248223364,-0.003175980877,0.02997790463,1,-3.085642099,0.03014567308,-0.7531274557,67.4936676,-1.801246881,-0.4803653359,96.04758453
0.1698278934,0.3296658993,-0.01601385884,0.02511955798,1,-2.684735775,0.02978986129,-0.07830023766,66.3458252,-1.297970414,2.156141996,122.5177307
0.1698278934,0.3345094621,-0.02246646956,0.01915524341,1,-1.562371373,0.0295239836,0.7125225067,36.72995758,-0.4923788309,3.205204725,139.5486145
0.1698278934,0.3393530548,-0.02596620098,0.01304605789,1,-1.123821259,0.02905930579,0.4692436457,28.11704254,0.2278766334,2.62303257,153.3239288
0.1698278934,0.3441966176,-0.02680604719,0.008723198436,1,-0.2956233621,0.0281896852,-0.01850324869,0,0.6248449683,0.5491896272,161.9741211
0.1698278934,0.3490402102,-0.02437159047,0.01029639319,1,0.04535806179,0.02645732649,0.1037476957,0,0.9598696232,-0.5458506346,157.0971527
0.1746714562,0.237637952,0.01249969285,0.01020808145,1,-0.6552500129,0.01613837853,-0.2633793354,0,0.3042392731,0.01480661333,39.23736572
0.1746714562,0.2424815297,0.01164961886,0.009534373879,1,-0.3564110696,0.01505383383,-0.3512542546,0,0.4137833416,-0.2152677476,39.29785538
0.1746714562,0.2473251075,0.01277757995,0.009549420327,1,-0.2260787934,0.01595173962,-0.1239098608,0,0.5801856518,-0.3637559414,36.77287674
0.1746714562,0.2521686852,0.013364763,0.01069608703,1,-0.6531440616,0.0171179194,-0.1399271935,8.92743969,0.5541900992,-0.4958024025,38.67098618
0.1746714562,0.257012248,0.01229828969,0.01127312705,1,-1.061678886,0.01668326557,0.06215772778,27.12936401,0.4481419921,-0.08049183339,42.50967407
0.1746714562,0.2618558407,0.01039304957,0.01138702128,1,-1.47366631,0.01541686524,0.0987765789,41.05410004,0.2224723101,0.1460101306,47.61297989
0.1746714562,0.2666994035,0.006238033995,0.01104434766,1,-1.896114826,0.01268426981,0.06500594318,53.44234848,0.1065703034,0.0007188878953,60.54150772
0.1746714562,0.2715429962,0.001725251786,0.0116984006,1,-1.699460745,0.01182493381,-0.06086869538,46.89058304,0.3587366343,-0.2862359285,81.61063385
0.1746714562,0.276386559,-0.0002558676642,0.01213593129,1,-1.340404749,0.0121386284,-0.3127477765,31.41078186,0.6799073219,-0.3522678614,91.20780945
0.1746714562,0.2812301517,-0.001473918906,0.01188981906,1,-1.169618011,0.0119808279,-0.4595470428,22.6697979,0.716032505,-0.3306843638,97.06660461
0.1746714562,0.2860737145,-0.002452844521,0.01151177473,1,-0.4749592543,0.0117701916,-0.4639095664,0,1.005037427,-0.3297087252,102.0282898
0.1746714562,0.2909172773,0.00109354814,0.01123980898,1,-0.1745370626,0.0112928804,-0.2248775065,0,1.291272879,-0.3234188259,84.44303894
0.1746714562,0.29576087,0.002956151962,0.01198906731,1,-0.4801242948,0.01234814059,0.06041969359,0,0.9313863516,-0.4504714608,76.14883423
0.1746714562,0.3006044328,0.00327927107,0.01371434983,1,-0.5261778235,0.01410095766,0.03036648035,0,0.7525573373,-0.8430543542,76.55236816
0.1746714562,0.3054480255,0.004052638542,0.01621954888,1,-0.3007656336,0.01671818271,-0.1796559393,0,0.6794683337,-1.073897481,75.97122955
0.1746714562,0.3102915883,0.005113547202,0.01804567873,1,-0.1857886761,0.0187561959,-0.06453198195,0,0.4573052526,-1.442955613,74.17903137
0.1746714562,0.315135181,0.005367750302,0.02289605141,1,-0.3919365108,0.0235168431,0.2527347803,6.873893261,-0.1746945083,-1.988619328,76.80586243
0.1746714562,0.3199787438,0.002369025722,0.0289018508,1,-0.8624848127,0.02899877913,-0.2841956615,0,-1.323200822,-1.57793498,85.3140564
0.1746714562,0.3248223364,-0.00521878805,0.02916237898,1,-1.015895605,0.02962566726,-0.5458693504,0,-2.12942934,-0.1370234638,100.1460266
0.1746714562,0.3296658993,-0.01286560018,0.02692157403,1,-0.933672905,0.0298378095,-0.3763002157,0,-1.418696642,1.55613625,115.5427628
0.1746714562,0.3345094621,-0.01661263779,0.01980250143,1,-0.5563008189,0.02584799379,-0.3360468149,0,-0.8247389197,2.251339436,129.9938354
0.1746714562,0.3393530548,-0.01955477335,0.01438936684,1,-0.5295068026,0.02427844703,0.09796690941,12.63600636,-0.2658185363,1.958686829,143.6525421
0.1746714562,0.3441966176,-0.02046485804,0.01078995969,1,-0.3923764825,0.02313511632,0.5782344341,0,0.3172289133,1.402237535,152.1998596
0.1746714562,0.3490402102,-0.01991875656,0.01039824355,1,-0.2044485807,0.02246954292,0.7421212792,0,0.4299429655,0.9038674235,152.43396
0.179515034,0.237637952,0.01180217881,0.01220292691,1,-0.5300650597,0.01697653718,-0.4809088111,0,-0.1366442889,-0.0976099968,45.9564209
0.179515034,0.2424815297,0.01018754952,0.01127465814,1,-0.3624314368,0.01519552805,-0.4239076376,0,0.2571518719,-0.2718350291,47.89967728
0.179515034,0.2473251075,0.01129224896,0.01146635134,1,-0.2977089882,0.01609322987,-0.1373637915,0,0.5337794423,-0.5953835249,45.43830109
0.179515034,0.2521686852,0.01133097522,0.01349311229,1,-0.397467941,0.01761973463,-0.01649600267,0,0.5872915387,-0.7529582977,49.97780228
0.179515034,0.257012248,0.01221167296,0.01503345836,1,-0.7322904468,0.01936826855,0.06014092267,9.735922813,0.6432960629,-0.3517475724,50.91305923
0.179515034,0.2618558407,0.01089992374,0.01548812632,1,-1.413499832,0.01893912256,0.04557302594,39.58538055,0.1786215901,-0.1642768234,54.86365128
0.179515034,0.2666994035,0.006230443716,0.0160498824,1,-1.888485312,0.01721676998,0.003207035363,53.31600571,-0.0600284934,-0.2085033059,68.78416443
0.179515034,0.2715429962,0.001462145476,0.01651356183,1,-1.740910053,0.01657816581,-0.005206257105,49.16373825,0.03614419699,-0.1455921084,84.94010925
0.179515034,0.276386559,-0.002026722068,0.01672985218,1,-1.381147385,0.01685216837,-0.2620243132,37.63156128,0.2529860139,-0.2265936732,96.90737915
0.179515034,0.2812301517,-0.004002192058,0.01634195074,1,-1.0456568,0.01682488993,-0.4766820073,17.64886093,0.6897656918,-0.1691699177,103.761055
0.179515034,0.2860737145,-0.003750508418,0.01524039358,1,-0.2852221727,0.01569509134,-0.1874488592,0,1.071510434,0.1554299295,103.8252029
0.179515034,0.2909172773,-0.0001937553898,0.01468119584,1,-0.06700980663,0.01468247455,-0.2349434942,0,1.226931334,-0.2177034616,90.75611877
0.179515034,0.29576087,0.001867661602,0.01515689027,1,-0.3381813765,0.0152715249,-0.08544635773,0,0.7591351271,-0.3873211741,82.97531128
0.179515034,0.3006044328,0.001845167018,0.01614334993,1,-0.3751044869,0.016248459,0.02482894063,0.8532292247,0.3730609417,-0.473903358,83.47945404
0.179515034,0.3054480255,0.001857763506,0.01757253893,1,-0.1124250144,0.0176704675,-0.0912065208,0,0.2382031232,-0.5920306444,83.96512604
0.179515034,0.3102915883,0.002454383066,0.01856913045,1,-0.07373578101,0.01873063296,-0.08028554916,0,0.06020831317,-0.8343738317,82.47055054
0.179515034,0.315135181,0.001792242168,0.02122502401,1,-0.1080243289,0.021300558,0.02159494162,0,-0.6801484823,-1.142846346,85.17338562
0.179515034,0.3199787438,-0.0013631935,0.02420919202,1,-0.01651221514,0.02424754016,-0.1431892812,0,-1.692113638,-0.8367677927,93.22286224
0.179515034,0.3248223364,-0.006483620033,0.02458442561,1,0.01091831923,0.02542501502,-0.194794625,0,-1.855845213,0.1022751108,104.774147
0.179515034,0.3296658993,-0.01029924024,0.02277031168,1,0.1836709976,0.02499122731,-0.274785012,0,-1.568187952,1.114560246,114.3377151
0.179515034,0.3345094621,-0.01318961475,0.01785504445,1,-0.1968243122,0.02219839022,-0.4183743,0,-0.9811093807,1.325597167,126.453476
0.179515034,0.3393530548,-0.01600465365,0.01432325039,1,-0.3783707619,0.02147799917,-0.04604715109,0,-0.4523946643,1.129699945,138.1732788
0.179515034,0.3441966176,-0.01721349172,0.01216022205,1,-0.02504291758,0.02107546665,0.4806258082,0,-0.05639992282,0.6776159406,144.761261
0.179515034,0.3490402102,-0.01639912836,0.01336911321,1,-0.04498304427,0.02115808614,1.053991675,0,0.3812472224,0.5548203588,140.8119507
0.1843586117,0.237637952,0.009697591886,0.01211364567,1,-0.02085706592,0.01551720686,-0.8666044474,0,-0.5646013021,-1.04074347,51.32094574
0.1843586117,0.2424815297,0.008279735222,0.01253537368,1,-0.2266199142,0.0150229698,-0.3511288166,0,0.1297637373,-0.6532099247,56.55485535
0.1843586117,0.2473251075,0.009228461422,0.01357679907,1,-0.2046677172,0.01641627215,-0.1475162506,0,0.485062927,-0.7525385618,55.79515839
0.1843586117,0.2521686852,0.009637851268,0.01546584629,1,-0.1401269883,0.01822307892,0.07332882285,0,0.4823143482,-0.8266452551,58.07007599
0.1843586117,0.257012248,0.01088587008,0.01793588698,1,-0.3640138805,0.02098090202,-0.0482096374,0,0.4012275636,-0.7982212305,58.74508286
0.1843586117,0.2618558407,0.009818098508,0.01909858547,1,-1.089867353,0.02147442661,-0.1988132298,30.19409752,-0.07501626015,-0.6044499874,62.79345322
0.1843586117,0.2666994035,0.005243665539,0.01990061998,1,-1.430227995,0.02057986148,-0.1644429862,38.57798004,-0.3914110065,-0.4136627018,75.2385025
0.1843586117,0.2715429962,0.0009948482038,0.0203057006,1,-1.370869994,0.02033005655,-0.09664829075,37.95809937,-0.2531758547,-0.1276922673,87.19511414
0.1843586117,0.276386559,-0.002622526838,0.02005098388,1,-0.9640386701,0.0202217605,0.05745777115,26.63856316,-0.1915122867,0.05956939235,97.45157623
0.1843586117,0.2812301517,-0.004602152854,0.02029547282,1,-0.2981785834,0.02081071958,-0.01112554967,0,0.301192075,0.3951380253,102.7761993
0.1843586117,0.2860737145,-0.002607930684,0.01808321476,1,-0.02496492863,0.01827030256,-0.1002621204,0,0.7482486367,0.4754214287,98.20651245
0.1843586117,0.2909172773,-0.00109888264,0.01750711352,1,-0.07195308805,0.01754156686,-0.1748224199,0,0.7479402423,-0.01394760609,93.59161377
0.1843586117,0.29576087,0.000666265667,0.0173040051,1,-0.08444596827,0.01731682755,-0.2489543855,0,0.5392805934,-0.2140698135,87.79499817
0.1843586117,0.3006044328,0.001104144147,0.01733814739,1,-0.1878506094,0.01737326942,-0.173860535,0,0.20376046,-0.3005929589,86.3561554
0.1843586117,0.3054480255,0.0007433263236,0.01791784354,1,-0.1135475039,0.01793325506,-0.1138543934,0,0.02666530013,-0.3938746452,87.62443542
0.1843586117,0.3102915883,0.000683323422,0.01869444735,1,-0.05166565254,0.01870693266,-0.1620117873,0,-0.1148319095,-0.6176831722,87.90664673
0.1843586117,0.315135181,-6.311754987e-05,0.02012492344,1,0.03258866072,0.02012502216,-0.1666134745,0,-0.6645174623,-0.5984218121,90.1796875
0.1843586117,0.3199787438,-0.002377472818,0.02078594454,1,0.0644158721,0.02092146873,-0.1760101914,0,-1.221369743,-0.1751103103,96.52506256
0.1843586117,0.3248223364,-0.005666913465,0.02012056485,1,0.1134516597,0.020903375,-0.1290168762,0,-1.439044237,0.3560864329,105.7297592
0.1843586117,0.3296658993,-0.00879808329,0.01843630895,1,0.04382222891,0.02042801492,-0.2060395032,0,-1.396446466,0.643915236,115.5111771
0.1843586117,0.3345094621,-0.01221843343,0.01600375585,1,-0.2565110028,0.02013480291,-0.2267194092,0,-0.8806513548,0.6828318834,127.3607635
0.1843586117,0.3393530548,-0.0143060172,0.01403082628,1,-0.1239002496,0.02003811859,-0.1710482538,0,-0.4204062223,0.9367436171,135.556427
0.1843586117,0.3441966176,-0.01485482417,0.01063807961,1,0.4465208948,0.01827113889,0.372045517,6.973552227,0.003490746021,0.6957944632,144.3921661
0.1843586117,0.3490402102,-0.01212635078,0.01246272307,1,1.122074366,0.01738872752,1.222673178,0,0.004557728767,0.4692475498,134.2162628
0.1892021894,0.237637952,0.002563791117,0.00956925936,1,1.479428172,0.009906752966,-0.4216933846,0,-0.3401194215,-1.838650465,75.00159454
0.1892021894,0.2424815297,0.00532295648,0.01300083008,1,0.3602406979,0.01404832583,-0.02521586418,0,0.5417727232,-1.106618166,67.73423767
0.1892021894,0.2473251075,0.006932763383,0.01480711531,1,-0.1553288847,0.0163497366,0.112207666,0,0.6424217224,-0.6118697524,64.91078186
0.1892021894,0.2521686852,0.007682228461,0.01650795527,1,-0.1042063832,0.01820794307,0.2377617359,0,0.3476540446,-0.5742115378,65.04437256
0.1892021894,0.257012248,0.008111919276,0.01873996481,1,0.03230239451,0.02042032219,-0.1068954468,0,-0.1712435484,-0.9111937284,66.59378815
0.1892021894,0.2618558407,0.007009256165,0.02040363662,1,-0.2608460486,0.02157401294,-0.4506218433,0,-0.7057070732,-0.9340473413,71.0408783
0.1892021894,0.2666994035,0.003430343932,0.02108147368,1,-0.4191734493,0.02135873958,-0.259546876,0,-0.950417757,-0.574100256,80.75792694
0.1892021894,0.2715429962,0.0003755345242,0.02192720026,1,-0.316183567,0.02193041705,-0.2106373906,0,-0.6934494376,-0.08473251015,89.01882172
0.1892021894,0.276386559,-0.001459891908,0.02047164366,1,-0.05550588667,0.02052363195,-0.07860597968,0,-0.4643025398,0.4751481414,94.07901764
0.1892021894,0.2812301517,-0.002142197918,0.01924504898,1,0.2666204572,0.0193639081,0.3376066387,0,-0.3643794656,0.6444315314,96.35153961
0.1892021894,0.2860737145,-0.001933395281,0.0189855136,1,0.2525824606,0.01908370294,0.2711290121,0,-0.03907843679,0.3934844136,95.81468201
0.1892021894,0.2909172773,-0.001108077704,0.01865241304,1,0.3791184127,0.01868529804,-0.0386460498,10.52895355,-0.05738037825,0.1280809939,93.39975739
0.1892021894,0.29576087,-0.0003750320466,0.01817795821,1,0.2479659915,0.01818182692,-0.2867023349,0,-0.1126956865,-0.1602948606,91.18190002
0.1892021894,0.3006044328,-0.0004528854042,0.01804014854,1,-0.0972616002,0.01804583147,-0.4351071119,0,0.05051318556,-0.4503256381,91.43806458
0.1892021894,0.3054480255,-0.0006014616229,0.01825167052,1,-0.1793587208,0.01826157793,-0.3227310181,0,-0.0001046508551,-0.3687778115,91.88742828
0.1892021894,0.3102915883,-0.001322130207,0.01826317981,1,0.002996399999,0.01831097528,-0.2489431798,0,-0.2738301158,-0.1657125354,94.14059448
0.1892021894,0.315135181,-0.001913265674,0.01784853637,1,0.1451211423,0.01795079,-0.2015563548,0,-0.5047194958,-0.143378213,96.11843109
0.1892021894,0.3199787438,-0.003063872922,0.01798138954,1,-0.1462771297,0.01824055053,-0.2490527332,0,-0.5702438951,-0.08724152297,99.66983032
0.1892021894,0.3248223364,-0.005383790936,0.01706479117,1,-0.4319099784,0.01789391786,-0.2957591116,0,-0.6240206361,0.1557936668,107.510025
0.1892021894,0.3296658993,-0.008178355172,0.01579425856,1,-0.5293901563,0.01778606512,-0.04888243973,0,-0.626083076,0.4121044278,117.3753815
0.1892021894,0.3345094621,-0.01098039839,0.01483197231,1,-0.3386354446,0.01845417358,0.2178498507,0,-0.5114785433,0.81805861,126.5132675
0.1892021894,0.3393530548,-0.01229594834,0.01288710069,1,0.2369042933,0.0178120099,0.172808677,0,-0.4559422433,1.16744566,133.6552734
0.1892021894,0.3441966176,-0.01204132568,0.01001437102,1,0.9143324494,0.01566145383,0.06554204226,25.68520164,-0.06954997778,1.083542824,140.2508392
0.1892021894,0.3490402102,-0.008204178885,0.00795633439,1,1.797094822,0.01142855268,-0.5845125914,0,-0.2126730084,0.2652849257,135.8786621
0.1940457672,0.237637952,-0.001250559115,0.003300525481,1,2.130016804,0.003529499518,1.300642252,0,-0.4584557414,-2.87565589,110.7515488
0.1940457672,0.2424815297,0.002797609195,0.01341463812,1,0.7464783788,0.01370325312,0.9383090734,0,0.9173471332,-1.981070161,78.21987152
0.1940457672,0.2473251075,0.00680830935,0.0174407661,1,-0.005851089954,0.0187225379,0.4119807184,0,1.081630468,-0.4633699954,68.67594147
0.1940457672,0.2521686852,0.008008230478,0.01765446737,1,-0.3248279691,0.01938587055,0.01664405316,0,0.1485874057,0.1179680154,65.60051727
0.1940457672,0.257012248,0.005954675842,0.01694999635,1,-0.1359478533,0.01796553656,-0.5187371969,0,-0.8750579357,-0.3720272779,70.64320374
0.1940457672,0.2618558407,0.003111345461,0.01694386639,1,0.2240797877,0.01722716168,-0.7657893896,0,-1.204521418,-0.8437277079,79.59488678
0.1940457672,0.2666994035,0.001205830835,0.01732749678,1,0.4088723063,0.01736940444,-0.3008631766,0,-1.141211987,-0.6176781654,86.01917267
0.1940457672,0.2715429962,-0.0004357988655,0.01847838424,1,0.5151106715,0.01848352328,-0.09076121449,0,-0.9089671969,-0.2442528754,91.35102844
0.1940457672,0.276386559,-0.0007018439355,0.01807094552,1,0.5565741658,0.0180845689,0.02858294547,0,-0.4347171187,0.2844286561,92.22415161
0.1940457672,0.2812301517,0.0001544253319,0.01723917574,1,0.5496729016,0.01723986678,0.3295945525,0,-0.2785881162,0.6187223196,89.48677063
0.1940457672,0.2860737145,0.0006111761904,0.01667053252,1,0.3932874501,0.01668173261,0.3347586393,0,-0.5626096725,0.7159404755,87.90036011
0.1940457672,0.2909172773,-0.0006656975602,0.01539289765,1,0.4551444352,0.01540728565,-0.02360446006,0,-0.8907679319,0.2062711418,92.47632599
0.1940457672,0.29576087,-0.001498800004,0.01555711217,1,0.281080544,0.01562914439,0.0426825434,0,-0.8011136651,-0.5067064762,95.50299072
0.1940457672,0.3006044328,-0.003184518311,0.01805390604,1,-0.1171412542,0.01833261363,-0.2306459844,0,-0.1114605442,-0.8972941637,100.0034637
0.1940457672,0.3054480255,-0.002606050577,0.01878607459,1,0.08161491156,0.01896597259,-0.4861558378,0,0.3022799194,-0.3415748179,97.89780426
0.1940457672,0.3102915883,-0.001325093792,0.01735361665,1,0.2778258324,0.01740413345,-0.1873235106,0,-0.09774909914,0.1860997975,94.36653137
0.1940457672,0.315135181,-0.001733834972,0.01697736979,1,-0.0969235301,0.01706567593,0.1793791056,0,-0.4566438198,-0.1052889526,95.83117676
0.1940457672,0.3199787438,-0.004006340168,0.01873242855,1,-0.6310510635,0.01915605925,0.03383423388,0,-0.32093364,-0.4229958653,102.0720901
0.1940457672,0.3248223364,-0.006344846915,0.01919006184,1,-0.7518193126,0.02021176741,-0.277333349,0,0.1257430315,-0.1195038781,108.2955322
0.1940457672,0.3296658993,-0.007038789336,0.01796796918,1,-0.5371553302,0.01929747313,-0.1800699532,0,0.3604087234,0.6506171227,111.3923111
0.1940457672,0.3345094621,-0.007200930268,0.01516657695,1,-0.1491471231,0.01678923704,0.02745252848,0,-0.01098287851,1.533157587,115.3978806
0.1940457672,0.3393530548,-0.007814391516,0.01067497022,1,0.2411491722,0.01322950143,-0.03415805101,0,-0.6722791195,1.884673238,126.2052307
0.1940457672,0.3441966176,-0.009289141744,0.005872568581,1,0.250377059,0.01098977774,-0.2521220446,0,-1.459847331,1.388548136,147.6990509
0.1940457672,0.3490402102,-0.01367255487,0.002728256863,1,0.1743912697,0.01394210011,-1.778164506,0,-1.984375477,-0.4798258543,168.715271
