PIVlab, ASCII chart output - 13-Mar-2024
FRAME: 44, filenames: A:[44]2 vortices tapados mismo sentido clase 4.mp4 & B:[45]2 vortices tapados mismo sentido clase 4.mp4, conversion factor xy (px -> m): 0.00030272, conversion factor uv (px/frame -> m/s): 0.0090842
x [m],y [m],u [m/s],v [m/s],Vector type [-],vorticity [1/s],magnitude [m/s],divergence [1/s],dcev [1],simple shear [1/s],simple strain [1/s],vector direction [degrees]
0.1262357086,0.237637952,0.008048358373,-0.0006454443792,1,1.004747868,0.008074197918,0.47156775,0,1.127699614,0.8020592928,-4.585067272
0.1262357086,0.2424815297,0.01321269572,-0.001445825095,1,0.6492421031,0.01329156663,-0.1974422187,0,0.6216483712,0.1211261004,-6.244855881
0.1262357086,0.2473251075,0.01420401502,-0.002188454848,1,0.02274987102,0.01437161677,-0.3509842753,0,-0.03145745769,0.03939914703,-8.758857727
0.1262357086,0.2521686852,0.01317051984,-0.003336677561,1,-0.2508160472,0.01358661149,-0.3509642482,0,-0.1097810194,0.1226727068,-14.21645069
0.1262357086,0.257012248,0.01245743781,-0.004482548684,1,-0.4270111322,0.01323937252,-0.4013845921,0,0.00652693212,-0.07929775119,-19.79020691
0.1262357086,0.2618558407,0.01113387197,-0.004896730185,1,-0.5112057328,0.01216310263,-0.06841311604,0,0.02091453969,0.049385041,-23.74012375
0.1262357086,0.2666994035,0.01008267421,-0.005053113215,1,-0.4171721637,0.0112780435,0.1622813046,0,0.1137066185,0.1285452247,-26.6185627
0.1262357086,0.2715429962,0.00966401305,-0.004733326845,1,-0.1915133595,0.01076092664,0.09724023193,0,0.1113635972,0.1295269132,-26.09510231
0.1262357086,0.276386559,0.009694462642,-0.005209496245,1,-0.1186350659,0.01100551896,-0.2577317357,0,0.1977669001,0.1244240701,-28.25217247
0.1262357086,0.2812301517,0.0100472942,-0.006584328134,1,-0.1556652784,0.0120125562,-0.4493407011,0,0.2226105928,-0.07704520226,-33.23816681
0.1262357086,0.2860737145,0.0100187175,-0.007012738381,1,-0.2247611731,0.01222919486,-0.3512633145,0,0.03320540488,-0.3179492652,-34.99062347
0.1262357086,0.2909172773,0.00911948178,-0.006745686755,1,-0.1935068965,0.01134324633,-0.3405643106,0,-0.2072649598,-0.225422129,-36.49035645
0.1262357086,0.29576087,0.008077547885,-0.007570438553,1,-0.1505407393,0.0110706063,-0.4551359117,0,-0.2947820723,0.08364501595,-43.1438446
0.1262357086,0.3006044328,0.006962526124,-0.009355314076,1,-0.2337529957,0.01166184712,-0.3122409284,0,-0.2439957857,0.1921069771,-53.34218979
0.1262357086,0.3054480255,0.005763534456,-0.01001328696,1,-0.05673778057,0.01155353896,-0.01227319241,0,-0.471150279,0.1585184485,-60.07575607
0.1262357086,0.3102915883,0.004405659158,-0.0101825567,1,0.1045843065,0.01109478716,0.03506450355,0,-0.9445880055,0.5113108158,-66.60344696
0.1262357086,0.315135181,0.001694911392,-0.01232002303,1,-0.196688503,0.01243606396,0.06089371443,0,-0.941398859,1.031927586,-82.16677856
0.1262357086,0.3199787438,-0.001106755575,-0.01488583442,1,-0.4953999221,0.01492692158,0.3182247579,0,-0.2907550633,0.8713436127,-94.25208282
0.1262357086,0.3248223364,-0.002112891525,-0.01499909721,1,0.008727153763,0.01514718495,0.5146820545,0,-0.03178134561,-0.07813473046,-98.01837158
0.1262357086,0.3296658993,-0.001218420337,-0.01201448031,1,0.6266072392,0.01207610406,-0.04435318708,0,-0.4488059878,-1.340468526,-95.79071808
0.1262357086,0.3345094621,-0.001251699985,-0.008721280843,1,0.8647596836,0.008810646832,-0.6104940176,0,-1.214999437,-1.715092063,-98.16744995
0.1262357086,0.3393530548,-0.002914833836,-0.006664273795,1,-0.07299494743,0.007273843512,-1.965066314,0,-2.297892809,-0.842854619,-113.623703
0.1262357086,0.3441966176,-0.01273527928,-0.01415680069,1,-3.278184175,0.01904212125,-2.601252079,0,-1.922535419,2.383131981,-131.9741516
0.1262357086,0.3490402102,-0.02810492367,-0.03080652654,1,-6.595211983,0.04170046747,-0.9140920639,0,0.24883008,5.960857391,-132.3743439
0.1310792714,0.237637952,0.01113280468,-0.0003476821876,1,0.2910852432,0.01113823242,0.05526153743,0,0.49142313,0.5362980366,-1.788789988
0.1310792714,0.2424815297,0.01302787475,-0.001512651099,1,0.1775186658,0.01311539672,-0.2428155839,0,0.300768137,0.1643319875,-6.622889519
0.1310792714,0.2473251075,0.01344942395,-0.002319733147,1,-0.0615873225,0.01364800986,-0.2379894108,0,-0.02310773358,0.06807987392,-9.785993576
0.1310792714,0.2521686852,0.01261764765,-0.002995121526,1,-0.2806023955,0.01296826079,-0.1606270224,4.678322315,-0.1645431519,0.06913760304,-13.3534708
0.1310792714,0.257012248,0.01129333023,-0.003432614263,1,-0.3221146464,0.01180347987,-0.1400976777,8.43592453,0.006261840463,-0.01355285197,-16.90668106
0.1310792714,0.2618558407,0.01108779013,-0.003608051222,1,-0.2130414397,0.0116600655,-0.04645562917,5.159477234,0.1085034758,0.02267230302,-18.02528191
0.1310792714,0.2666994035,0.0107869925,-0.003767440794,1,-0.1854030937,0.01142597105,-0.05436456203,5.154546261,0.004834786057,0.02652066201,-19.25215149
0.1310792714,0.2715429962,0.01021319348,-0.003999825101,1,-0.1858650148,0.01096849702,-0.08210340887,3.736144066,-0.1063511968,0.05742136389,-21.38695717
0.1310792714,0.276386559,0.009371620603,-0.004443239886,1,-0.2199199796,0.01037157886,-0.2453976572,0,-0.07752352953,0.09905878454,-25.36640358
0.1310792714,0.2812301517,0.008772502653,-0.005668226629,1,-0.2014231384,0.01044440456,-0.3580695987,0,0.0004168227315,0.04344348609,-32.86794281
0.1310792714,0.2860737145,0.008398030885,-0.006387999747,1,-0.1683353484,0.01055146754,-0.2669292986,0,-0.043020688,-0.03759828955,-37.25859451
0.1310792714,0.2909172773,0.00774878636,-0.006779005751,1,-0.1023561731,0.01029556245,-0.2950376868,0,-0.1495552808,0.02120783925,-41.18097305
0.1310792714,0.29576087,0.007177878171,-0.00791975949,1,-0.1048815101,0.01068852283,-0.3465221226,0,-0.1175157577,0.1905011833,-47.81318665
0.1310792714,0.3006044328,0.006671587937,-0.009380119853,1,-0.163367182,0.01151072234,-0.2621518373,0,-0.05551433936,0.3772812486,-54.57775116
0.1310792714,0.3054480255,0.006117708515,-0.01101690345,1,0.006923630834,0.01260152832,-0.1987154633,0,-0.2015580833,0.4915393591,-60.95650101
0.1310792714,0.3102915883,0.005728860851,-0.01272342261,1,0.1861250103,0.01395368576,-0.0712352246,0,-0.5528421402,0.5701594949,-65.75981903
0.1310792714,0.315135181,0.004341485444,-0.01412354875,1,-0.07440397143,0.0147757614,0.2496564537,0,-0.742087841,0.593783617,-72.91291809
0.1310792714,0.3199787438,0.001774119213,-0.01439022925,1,-0.3798846006,0.01449917909,0.2654051781,0,-0.734406352,0.4664241672,-82.97167969
0.1310792714,0.3248223364,-0.001055669389,-0.01509719994,1,-0.3722300231,0.01513406355,-0.01913116872,0,-0.9380152225,0.02807911858,-93.99988556
0.1310792714,0.3296658993,-0.004572155885,-0.01461889595,1,-0.09935551882,0.01531720348,-0.3304304481,0,-1.10390985,-0.6069205403,-107.3674164
0.1310792714,0.3345094621,-0.006883760914,-0.01375800278,1,0.2419008017,0.01538404357,-0.5715671182,0,-1.303688049,-1.101424456,-116.5809097
0.1310792714,0.3393530548,-0.009715004824,-0.01205249038,1,0.1820234656,0.01548043452,-0.713470757,0,-1.499181747,-1.308957577,-128.8708344
0.1310792714,0.3441966176,-0.01326351892,-0.01087371632,1,-0.6762897372,0.01715105399,-0.2367408872,6.156999588,-0.5970990062,0.2131875157,-140.6543732
0.1310792714,0.3490402102,-0.01588276215,-0.01423175354,1,-2.92432785,0.02132615633,0.9269352555,0,1.84279871,2.313524723,-138.1380615
0.1359228492,0.237637952,0.01091361884,0.0003249063157,1,0.2273870409,0.01091845427,-0.255019635,0,0.5649760962,0.2296485007,1.705233216
0.1359228492,0.2424815297,0.01283255499,-0.0008488575695,1,0.1114357859,0.01286059897,-0.2594679296,0,0.3979866803,0.2209584862,-3.784530878
0.1359228492,0.2473251075,0.01338104624,-0.002002076246,1,-0.09127017856,0.01352999266,-0.2244642526,0,0.06955677271,0.1731093675,-8.509489059
0.1359228492,0.2521686852,0.01272738446,-0.002774536377,1,-0.2132953107,0.01302629523,-0.05287086591,4.647936821,-0.1310427189,0.1308691949,-12.29792786
0.1359228492,0.257012248,0.01171322074,-0.002892034128,1,-0.1586639583,0.01206496637,0.03931340203,0,-0.1941142678,0.1559149027,-13.86913776
0.1359228492,0.2618558407,0.01101867575,-0.003339304822,1,-0.09934163839,0.01151356474,-0.09326319396,0,-0.2651431561,0.1626733392,-16.85988617
0.1359228492,0.2666994035,0.009947810322,-0.004131682683,1,-0.09273137897,0.01077170949,-0.2085367441,0,-0.2116328776,-0.0002421066165,-22.55486488
0.1359228492,0.2715429962,0.009544463828,-0.004348196089,1,-0.06189681962,0.01048825961,-0.1686658859,0,-0.1367477328,-0.08853786439,-24.49270821
0.1359228492,0.276386559,0.008985660039,-0.004519789014,1,-0.1237184107,0.01005835924,-0.207370922,0,-0.08709341288,0.05245889723,-26.70240593
0.1359228492,0.2812301517,0.008523380384,-0.005606702063,1,-0.1152391508,0.01020211354,-0.2355570346,0,0.02399600297,0.1538202018,-33.3370285
0.1359228492,0.2860737145,0.008543716744,-0.006405767985,1,-0.1213634014,0.01067843474,-0.1063354388,1.471241593,-0.02939602733,0.1760180593,-36.86122894
0.1359228492,0.2909172773,0.007793167606,-0.006974298973,1,-0.1721717864,0.010458217,-0.04481524229,4.237669945,-0.08009366691,0.208275646,-41.8261528
0.1359228492,0.29576087,0.007321849465,-0.007631633431,1,-0.1205771267,0.01057597809,-0.03459408879,2.793149233,0.06421297789,0.3491351306,-46.1867981
0.1359228492,0.3006044328,0.007520163432,-0.008832921274,1,-0.1323807538,0.01160057634,-0.01733487844,2.348424435,0.1034760922,0.6828601956,-49.5896225
0.1359228492,0.3054480255,0.007181847468,-0.01102308277,1,-0.1616235524,0.01315626409,-0.04891940951,4.452122688,0.01752977073,0.9686908722,-56.91462708
0.1359228492,0.3102915883,0.00682223402,-0.01376179606,1,-0.01860134304,0.01536000986,-0.1020482779,0,-0.2707870007,0.8333995342,-63.63066864
0.1359228492,0.315135181,0.005780172534,-0.0155539969,1,-0.09933811426,0.01659328677,0.01973381639,0,-0.8058446646,0.6063228846,-69.61393738
0.1359228492,0.3199787438,0.002437911229,-0.01660298556,1,-0.3253120184,0.01678101718,-0.05079369247,0,-1.295333862,0.4004266262,-81.64662933
0.1359228492,0.3248223364,-0.002069551498,-0.01773951761,1,-0.09098529816,0.01785982959,-0.1854887903,0,-1.601246715,-0.1282739937,-96.65422821
0.1359228492,0.3296658993,-0.005758545827,-0.01688010991,1,-0.09770798683,0.01783532836,-0.1040589511,0,-1.406432986,-0.4203691781,-108.8367615
0.1359228492,0.3345094621,-0.009354952723,-0.01620744914,1,-0.1981863379,0.01871353947,-0.2914437354,0,-1.237128973,-0.7193920612,-119.9935837
0.1359228492,0.3393530548,-0.01271060761,-0.01480730902,1,-0.02836126089,0.01951450668,-0.4314658046,0,-0.6930907369,-0.9340311885,-130.6428375
0.1359228492,0.3441966176,-0.01284936164,-0.01377323456,1,0.2790770531,0.01883634925,0.3983867764,0,-0.2169164121,-1.065550566,-133.0124969
0.1359228492,0.3490402102,-0.01240952779,-0.007716614753,1,-0.5065826774,0.01461309474,1.284683228,0,0.6881974339,-1.216195822,-148.125412
0.1407664269,0.237637952,0.01100991759,0.001287456485,1,0.3095879555,0.01108493749,-0.4319508076,0,0.4466438293,0.1511619836,6.669653416
0.1407664269,0.2424815297,0.01284135133,-0.0001247195614,1,0.1937261373,0.01284195762,-0.2281178832,0,0.2585769296,0.3557917476,-0.5564585924
0.1407664269,0.2473251075,0.01320068259,-0.001540755271,1,-0.02869068272,0.01329029538,-0.0850109309,0,0.06050339341,0.4253566861,-6.657318115
0.1407664269,0.2521686852,0.01299543865,-0.002596724778,1,-0.11094293,0.0132523356,-0.01120316982,1.952718377,-0.08761905134,0.4148390293,-11.29991436
0.1407664269,0.257012248,0.0122389337,-0.003604320576,1,-0.04351942241,0.0127586294,-0.04603996873,0,-0.2809215188,0.3285589218,-16.40950584
0.1407664269,0.2618558407,0.01142398361,-0.004411123693,1,-0.03644648194,0.01224603597,-0.08833677322,0,-0.4720986187,0.06424237043,-21.11298752
0.1407664269,0.2666994035,0.009775755927,-0.004343349487,1,-0.1258801669,0.01069719996,-0.09419699758,0,-0.3813020587,-0.1042623743,-23.95548439
0.1407664269,0.2715429962,0.008967407048,-0.004362371285,1,-0.05421946943,0.009972195141,-0.05203343555,0,-0.1841299087,-0.06803515553,-25.94151497
0.1407664269,0.276386559,0.008621292189,-0.004265843891,1,-0.04121043533,0.00961894542,-0.120210886,0,-0.08076615632,0.01015949249,-26.3263588
0.1407664269,0.2812301517,0.008376603946,-0.004993830342,1,-0.1111683026,0.009752222337,-0.2549691796,0,0.1347566247,0.09120151401,-30.80187798
0.1407664269,0.2860737145,0.008735544048,-0.005942548625,1,-0.1924566776,0.01056520734,-0.2302544862,0,0.2262986153,0.04623369873,-34.22636795
0.1407664269,0.2909172773,0.008540519513,-0.006333018187,1,-0.224782005,0.01063238364,-0.06691883504,0,0.2177289873,0.1565039456,-36.55790329
0.1407664269,0.29576087,0.008701382205,-0.007024714258,1,-0.04865141213,0.01118305232,0.02307893336,0,0.3283190727,0.416323483,-38.91428757
0.1407664269,0.3006044328,0.009895111434,-0.008237728849,1,-0.01974233985,0.01287530269,-0.01864638925,0,0.4060912728,0.6264234781,-39.77754593
0.1407664269,0.3054480255,0.01057269331,-0.0101491604,1,-0.2927606404,0.01465562358,-0.1179539859,6.165305138,0.1639521718,1.060343266,-43.82909775
0.1407664269,0.3102915883,0.00927121751,-0.01394490339,1,-0.4048250914,0.01674562134,-0.1998108029,7.043612957,-0.2556068897,1.327243805,-56.38220215
0.1407664269,0.315135181,0.007373839617,-0.01754556783,1,-0.3274471462,0.0190320909,-0.06283590198,0,-0.8707630634,0.999127388,-67.2045517
0.1407664269,0.3199787438,0.003467593575,-0.01908860542,1,-0.4146075845,0.0194010064,-0.3076481819,0,-1.639502764,0.6971257925,-79.70405579
0.1407664269,0.3248223364,-0.002575403778,-0.02241226844,1,0.008576631546,0.02255975269,-0.4494720697,0,-2.192883015,-0.0635586381,-96.55513
0.1407664269,0.3296658993,-0.007112264168,-0.02095780708,1,-0.1429185867,0.02213174105,-0.02700248361,0,-1.75742197,-0.7748128176,-108.7452164
0.1407664269,0.3345094621,-0.01177982241,-0.01879020222,1,-0.6942021847,0.02217737213,0.1062355042,0,-1.208653927,-1.067617416,-122.084137
0.1407664269,0.3393530548,-0.01632889546,-0.01527215913,1,-0.6473333836,0.02235781029,-0.07817274332,16.10685349,-0.3261527419,-1.216608763,-136.9152527
0.1407664269,0.3441966176,-0.01649497822,-0.01327609923,1,-0.1416554749,0.0211740192,-0.1073665023,0,0.3022511005,-1.516947746,-141.1709137
0.1407664269,0.3490402102,-0.01555103809,-0.008444743231,1,0.5743272305,0.0176960025,0.1913668513,0,-0.1845586002,-1.803580523,-151.4965363
0.1456100047,0.237637952,0.009553596377,0.0009887471097,1,0.7710281014,0.009604625404,-0.5109582543,0,0.8382603526,0.1181200743,5.908775806
0.1456100047,0.2424815297,0.01345095318,-0.0005347477854,1,0.5145075917,0.01346157864,-0.09976680577,0,0.6160494685,0.4285213947,-2.276616812
0.1456100047,0.2473251075,0.01502953749,-0.001570057822,1,0.05548644066,0.01511132251,0.04593010247,0,0.1987621784,0.4850306511,-5.963761806
0.1456100047,0.2521686852,0.01468242612,-0.002661565319,1,-0.2406184077,0.01492171455,-0.01893398166,5.158320427,-0.1615465581,0.491402775,-10.2747488
0.1456100047,0.257012248,0.01308162324,-0.004041909706,1,-0.2012559623,0.01369181834,-0.1314388961,0,-0.5792524815,0.4441386461,-17.1699028
0.1456100047,0.2618558407,0.01090197265,-0.005449419841,1,-0.1434847713,0.01218807511,-0.2803449333,0,-0.7019783258,-0.006388604641,-26.55846596
0.1456100047,0.2666994035,0.008986556903,-0.005368838552,1,0.03332273662,0.01046817191,-0.2403830141,0,-0.4336611629,-0.3378300667,-30.85536194
0.1456100047,0.2715429962,0.00896290224,-0.004977427423,1,-0.02129865065,0.01025223825,-0.1266250461,0,-0.08893790841,-0.2623631954,-29.04501724
0.1456100047,0.276386559,0.008452617563,-0.004711380228,1,-0.1055351198,0.009676975198,-0.152667433,0,-0.1489757597,-0.2686729729,-29.13473129
0.1456100047,0.2812301517,0.007730158977,-0.004415545613,1,-0.2109253407,0.008902382106,-0.1824924052,2.774541378,0.04571279138,-0.2514261901,-29.73544693
0.1456100047,0.2860737145,0.007652397733,-0.0043774941,1,-0.239215374,0.008815987967,-0.2602802813,0,0.3418095112,-0.174513489,-29.77137756
0.1456100047,0.2909172773,0.008227080107,-0.004830962513,1,-0.144022733,0.009540599771,-0.2788513899,0,0.5151804686,0.01602430642,-30.4215641
0.1456100047,0.29576087,0.009450129233,-0.005805747584,1,-0.08514860272,0.01109106187,-0.1069977582,0,0.5469764471,0.2934088707,-31.56475258
0.1456100047,0.3006044328,0.0104639791,-0.006770363078,1,-0.1232690066,0.01246325299,-0.07709144056,0,0.5973511934,0.5433613062,-32.90351868
0.1456100047,0.3054480255,0.01174638327,-0.008810958825,1,-0.1727357358,0.01468368247,-0.2743883729,0,0.5482977629,1.019837379,-36.87355423
0.1456100047,0.3102915883,0.012283043,-0.01303904597,1,-0.5178697109,0.01791339926,-0.2844377756,10.80012417,0.2223836035,1.651038647,-46.71008301
0.1456100047,0.315135181,0.01031517331,-0.01818558946,1,-0.963442564,0.02090737782,0.1088224649,19.60980034,-0.6796955466,2.069524765,-60.43735886
0.1456100047,0.3199787438,0.004324376117,-0.02253586054,1,-1.079291463,0.02294700965,-0.417099297,0,-1.990676522,1.692265034,-79.13762665
0.1456100047,0.3248223364,-0.004554455634,-0.02840245888,1,-0.6153213978,0.02876530401,-0.1458953023,0,-2.268203497,0.3009277582,-99.11006165
0.1456100047,0.3296658993,-0.009642200544,-0.02470008284,1,-0.7301437259,0.02651539445,0.4145255685,0,-1.222349882,-1.588797808,-111.324234
0.1456100047,0.3345094621,-0.01401148085,-0.01869923621,1,-0.8641657829,0.0233662799,-0.1971755028,0,-1.064115763,-2.560807943,-126.8445053
0.1456100047,0.3393530548,-0.01898198202,-0.01325164549,1,-1.246149063,0.02314998396,0.07947868109,35.95360184,-0.1382352114,-1.381444931,-145.0804596
0.1456100047,0.3441966176,-0.02071685344,-0.01162313856,1,-0.6124905348,0.02375469171,-0.5988683105,0,0.3572190106,-0.9827391505,-150.7055054
0.1456100047,0.3490402102,-0.0202184096,-0.01139233727,1,0.4432040453,0.02320709825,-0.5569484234,0,-0.2373882979,-0.6522501707,-150.6003265
0.1504535824,0.237637952,0.009107175283,0.00161310134,1,0.8849217892,0.009248931892,-0.0968555212,0,1.314495564,0.4176381826,10.04429531
0.1504535824,0.2424815297,0.01443369966,0.0003671062004,1,0.4581409693,0.01443836745,-0.03461712599,0,0.9179610014,0.4732490778,1.456944704
0.1504535824,0.2473251075,0.01577243209,-0.0008467881125,1,-0.06538532674,0.01579514705,-0.1287684292,0,0.2409122437,0.4040691853,-3.073137283
0.1504535824,0.2521686852,0.01528387796,-0.002213734202,1,-0.3474440277,0.01544336509,-0.2640392184,6.25198698,-0.06937921047,0.6832760572,-8.241472244
0.1504535824,0.257012248,0.01375351939,-0.005435176194,1,-0.602391243,0.01478852425,-0.356910944,1.813514829,-0.4812520742,0.6552534103,-21.56315804
0.1504535824,0.2618558407,0.01003516745,-0.00711623067,1,-0.7590886354,0.01230224874,-0.3749876618,4.647894382,-0.6403694153,-0.1334211379,-35.34156799
0.1504535824,0.2666994035,0.006975135766,-0.006605222356,1,-0.4180798531,0.009606325068,-0.1711746454,9.598783493,-0.1913571507,-0.6720943451,-43.43971252
0.1504535824,0.2715429962,0.007083312143,-0.004689987283,1,-0.1113768816,0.008495250717,-0.2101274282,0,0.02990019694,-0.6496724486,-33.50925446
0.1504535824,0.276386559,0.006580497138,-0.004476252012,1,-0.1192779392,0.007958629169,-0.3645188808,0,-0.04762898013,-0.5584259033,-34.22471619
0.1504535824,0.2812301517,0.006274885498,-0.003750783624,1,-0.1813804507,0.007310442161,-0.2831436396,0,0.1915154159,-0.5614384413,-30.86867523
0.1504535824,0.2860737145,0.006629586685,-0.003128309501,1,-0.2286395282,0.007330602966,-0.2446566671,0,0.4335734844,-0.3707348108,-25.26126289
0.1504535824,0.2909172773,0.007267496083,-0.00314011611,1,-0.1536819935,0.007916869596,-0.328658551,0,0.7678338289,-0.1563359201,-23.36804962
0.1504535824,0.29576087,0.009604278952,-0.003962967545,1,-0.01682776213,0.01038976852,-0.3293874562,0,1.025592327,0.00244012475,-22.42227745
0.1504535824,0.3006044328,0.01215352584,-0.004747348838,1,-0.0677639842,0.01304781623,-0.1789443642,0,1.013150692,0.3772170544,-21.33635902
0.1504535824,0.3054480255,0.01418333314,-0.006656778511,1,-0.3082840741,0.01566779055,-0.1097593606,0,1.079806566,1.048904896,-25.14245224
0.1504535824,0.3102915883,0.01589045487,-0.01035942882,1,-0.7326853275,0.01896903478,-0.1702374816,0,1.505151749,1.794103503,-33.10144806
0.1504535824,0.315135181,0.01792483404,-0.01617121696,1,-1.816463113,0.02414141595,-0.2805064917,49.90864563,0.5268179178,2.433095455,-42.05577469
0.1504535824,0.3199787438,0.00964395795,-0.02350297011,1,-3.003663063,0.02540463582,-0.1876411438,81.42242432,-1.073762178,2.753762007,-67.69022369
0.1504535824,0.3248223364,-0.001824492007,-0.0304181315,1,-2.306208134,0.03047280014,0.7050480247,0,-2.327536345,0.671782434,-93.43250275
0.1504535824,0.3296658993,-0.01279994287,-0.02334184572,1,-3.362815857,0.02662104927,0.5889708996,86.5792923,-1.450549722,-1.611776114,-118.7389908
0.1504535824,0.3345094621,-0.02513832971,-0.01975867525,1,-2.051458359,0.03197406605,0.4591957927,58.16132355,0.02090811729,-2.314777136,-141.8327332
0.1504535824,0.3393530548,-0.02263507061,-0.009905892424,1,-0.6770245433,0.02470775321,0.2066828012,0,0.8799144626,-2.101412773,-156.364151
0.1504535824,0.3441966176,-0.02415561676,-0.008579235524,1,-0.4455528259,0.02563390695,-1.002784133,0,0.6989161968,-0.6238591075,-160.4467316
0.1504535824,0.3490402102,-0.02140788548,-0.01174124517,1,0.5044089556,0.02441627346,0.4395259619,0,0.6301749945,1.745172381,-151.2572479
0.1552971601,0.237637952,0.01110733207,0.003069421044,1,0.6960535049,0.01152363513,-0.03173518181,0,1.14893353,0.5368505716,15.44770527
0.1552971601,0.2424815297,0.01557550114,0.001692426391,1,0.2653002143,0.0156671796,-0.3164140582,0,0.8197749257,0.3351503313,6.201401234
0.1552971601,0.2473251075,0.01636297815,-8.648175572e-05,1,-0.04396849871,0.01636320725,-0.2920120656,0,0.2788220346,0.3288437128,-0.3028173149
0.1552971601,0.2521686852,0.0167130325,-0.001314736786,1,-0.4559700191,0.01676466502,-0.2896181345,9.998328209,0.07684674859,0.4058772922,-4.49793005
0.1552971601,0.257012248,0.014526668,-0.003455162747,1,-1.583884597,0.01493191998,-0.5280063748,43.29032516,-0.1242694855,0.206916675,-13.37918091
0.1552971601,0.2618558407,0.008439455181,-0.00487439381,1,-1.944215298,0.009745979682,-0.3708260655,55.50666809,-0.04285931587,-0.2024532557,-30.00953293
0.1552971601,0.2666994035,0.004902117886,-0.004270689562,1,-1.1040833,0.006501503754,-0.1587423235,30.08691216,0.3523537815,-0.2787471712,-41.06214523
0.1552971601,0.2715429962,0.004798394628,-0.004293140955,1,-0.5796566606,0.006438605953,-0.3433611989,7.485146999,0.3897442818,-0.324025631,-41.81911469
0.1552971601,0.276386559,0.003982262686,-0.004364342894,1,-0.6321129799,0.005908121821,-0.3558450341,10.01985168,0.3928198814,-0.7034692764,-47.62098312
0.1552971601,0.2812301517,0.003639359958,-0.002609395422,1,-0.3865296245,0.004478156567,-0.2299332917,0,0.5288704038,-0.889431119,-35.64025497
0.1552971601,0.2860737145,0.00467170123,-0.001170013915,1,-0.2470511049,0.00481598638,-0.1363925636,0,0.7092339396,-0.599247396,-14.06034946
0.1552971601,0.2909172773,0.005877971649,-0.0003675290791,1,-0.253739059,0.005889450666,-0.2271550298,0,0.9133409858,-0.3124864697,-3.577847719
0.1552971601,0.29576087,0.007866534404,-0.0007567045395,1,-0.1306933761,0.00790284574,-0.3966770768,0,1.275788307,-0.1556693912,-5.494540215
0.1552971601,0.3006044328,0.0114243282,-0.001534868497,1,0.1646873951,0.01152697206,-0.2484627962,0,1.575487852,0.02631953359,-7.651917934
0.1552971601,0.3054480255,0.01629520766,-0.002087634057,1,-0.1286603808,0.01642839052,0.002372734249,0,1.929815769,0.1396761537,-7.300587654
0.1552971601,0.3102915883,0.02014836483,-0.002199908253,1,-1.117346048,0.0202681087,-0.2100152969,0,2.035303354,0.7702708244,-6.231181622
0.1552971601,0.315135181,0.02074140497,-0.00683572609,1,-2.530527115,0.02183879726,-0.7711248398,45.63970184,1.829643726,1.497513294,-18.24062347
0.1552971601,0.3199787438,0.01675358228,-0.0131882336,1,-4.684073448,0.02132163197,-1.478297949,126.9788971,0.8383467197,2.995675087,-38.20942688
0.1552971601,0.3248223364,0.002114329487,-0.02850576304,1,-6.306162834,0.02858406864,0.4513508379,182.9175568,-0.1662876606,0.9158092737,-85.75802612
0.1552971601,0.3296658993,-0.01459623687,-0.01543787401,1,-5.359550476,0.02124566026,1.352040648,150.785965,0.1746349335,-2.744983673,-133.3948364
0.1552971601,0.3345094621,-0.02299913391,-0.008661568165,1,-3.732569933,0.0245760642,0.3130834699,104.7464676,0.9323637486,-1.695221901,-159.3634186
0.1552971601,0.3393530548,-0.0281592533,-0.005710490514,1,-1.668353558,0.02873244137,-0.9723671675,36.50684738,0.5129078031,-1.505393386,-168.5363007
0.1552971601,0.3441966176,-0.02859562635,-0.006079813931,1,1.176979542,0.02923480794,-0.7170550227,0,2.647176981,0.3302471042,-167.9968872
0.1552971601,0.3490402102,-0.009636653587,-0.01078317966,1,3.033226013,0.01446174458,0.3959736228,0,4.795249462,2.338071585,-131.7863617
0.1601407379,0.237637952,0.01155374106,0.003806660883,1,0.3442128003,0.01216468681,-0.01820471883,0,0.8824464083,0.2930995822,18.2357235
0.1601407379,0.2424815297,0.01452445053,0.003052747576,1,0.1052050292,0.01484179683,-0.5431481004,0,0.8026131392,0.09480756521,11.86964989
0.1601407379,0.2473251075,0.01595082879,0.0007166729192,1,-0.3012109399,0.01596692204,-0.2238156796,0,0.5742607117,0.3306798339,2.572577
0.1601407379,0.2521686852,0.01584698819,0.0003670053557,1,-0.9461604357,0.01585123688,0.04482908919,27.03775024,0.171415329,-0.1446819603,1.326693654
0.1601407379,0.257012248,0.01219829638,0.001634582994,1,-1.791516423,0.01230732724,-0.1004879028,52.03204727,0.01833462715,-0.4568628669,7.632222652
0.1601407379,0.2618558407,0.007258444559,0.002093135146,1,-1.798854828,0.00755421957,-0.1230000183,51.55465317,0.2829970717,0.121744439,16.08610153
0.1601407379,0.2666994035,0.004856121261,0.0004491441941,1,-1.18756938,0.004876847845,-0.1135339364,31.37438965,0.4840249419,0.3175014555,5.28427124
0.1601407379,0.2715429962,0.003850772046,5.381725714e-06,1,-1.193356037,0.003850775771,-0.0965044722,31.52885437,0.4900545776,-0.1045451537,0.08007484674
0.1601407379,0.276386559,0.001449625823,0.0004880898632,1,-1.181038857,0.001529590343,-0.2932697237,28.9864006,0.5621544123,-0.4331757724,18.60840988
0.1601407379,0.2812301517,0.0008531570202,0.0006830276106,1,-0.4621969461,0.001092887833,-0.2994447052,0,0.7960063219,-0.5090917349,38.68035889
0.1601407379,0.2860737145,0.003066457575,0.001503531472,1,-0.08934643865,0.003415226005,-0.03116866946,0,0.8740050793,-0.4089276195,26.11942673
0.1601407379,0.2909172773,0.004653700627,0.0025127267,1,-0.07346260548,0.005288735498,-0.03723880649,0,0.8709079027,-0.3151128292,28.36645508
0.1601407379,0.29576087,0.006928945892,0.002849435899,1,0.04022014141,0.007491967175,-0.2688709795,0,1.28604269,-0.1807637215,22.35425568
0.1601407379,0.3006044328,0.01107755769,0.002085972345,1,0.0367347002,0.01127224788,-0.1803541631,0,1.603047371,-0.2761873305,10.66426849
0.1601407379,0.3054480255,0.01487135794,0.003313611262,1,-0.3525577784,0.01523605268,-0.111400485,0,1.906479001,-0.6945854425,12.56135082
0.1601407379,0.3102915883,0.01860409603,0.004910673946,1,-0.6930920482,0.01924128644,-0.2775043845,0,2.049897909,-0.6148577332,14.78635406
0.1601407379,0.315135181,0.0214431528,0.004947608337,1,-2.195464849,0.0220065359,-0.4775179029,30.80741882,1.862941504,-0.1336864233,12.99255848
0.1601407379,0.3199787438,0.01699349284,0.003245299449,1,-4.958883286,0.01730060019,-0.7374278903,135.607132,1.522229791,0.4242704511,10.81176758
0.1601407379,0.3248223364,0.004797453992,-0.000679167686,1,-8.865008354,0.004845289979,-0.08525358886,255,1.320943356,-0.1302847713,-8.057724953
0.1601407379,0.3296658993,-0.01954677142,0.003463411471,1,-7.476301193,0.01985123381,-0.1047615111,217.4564972,-0.08637142181,-0.8305624723,169.9522705
0.1601407379,0.3345094621,-0.03183282539,0.002836294705,1,-4.015736103,0.03195893019,-1.167292833,108.6649628,0.9003688097,-0.588341713,174.9084167
0.1601407379,0.3393530548,-0.03463629633,0.0006592168356,1,-0.8996778131,0.03464256972,-0.9488232136,0,2.097898483,-0.06218212843,178.9096375
0.1601407379,0.3441966176,-0.02602915093,-0.001458220184,1,1.678315639,0.02606996521,0.1098994315,0,3.786853313,0.9080622196,-176.7934875
0.1601407379,0.3490402102,-0.008165325038,-0.003206746653,1,2.088124275,0.008772443049,-1.10346508,0,5.288146496,-0.3814693987,-158.5587006
0.1649843156,0.237637952,0.01243880671,0.005676397122,1,-0.2614861131,0.01367279794,0.04902406037,0,0.6600023508,0.2992607355,24.52938461
0.1649843156,0.2424815297,0.01340392884,0.005070376676,1,-0.03001248837,0.01433087699,-0.313693285,0,0.9470570087,0.0006329864264,20.72039795
0.1649843156,0.2473251075,0.01688058302,0.004153933376,1,-0.3835724592,0.01738416776,-0.2552505732,0,0.9669137597,-0.05456249416,13.82453156
0.1649843156,0.2521686852,0.01622938737,0.004098328296,1,-1.288781881,0.01673885621,0.02378612012,36.79914093,0.2454427481,-0.2150992155,14.17233276
0.1649843156,0.257012248,0.01182709634,0.005310991313,1,-1.49638176,0.01296483073,0.1311510354,43.23841476,-0.1131749749,-0.09820213914,24.18259811
0.1649843156,0.2618558407,0.008433373645,0.005209218245,1,-1.221124172,0.009912504815,0.1368069798,35.29971313,-0.004632055759,0.4434365034,31.70324898
0.1649843156,0.2666994035,0.005890050437,0.003825807478,1,-1.192475915,0.007023496088,0.05052646995,33.94284058,0.2409523726,0.3289630711,33.00522995
0.1649843156,0.2715429962,0.003824595129,0.003860588884,1,-1.335205913,0.005434305407,-0.003845237195,38.33588409,0.2148805261,-0.05610854551,45.26834106
0.1649843156,0.276386559,0.0004636674712,0.00407894887,1,-1.129972577,0.004105217755,-0.09552489221,31.70127869,0.2831926942,-0.0179419294,83.51483917
0.1649843156,0.2812301517,-0.0002768489649,0.003484809771,1,-0.4310082197,0.003495789366,-0.2319374084,0,0.8596981168,-0.1115936041,94.54228973
0.1649843156,0.2860737145,0.002540060785,0.003496054327,1,-0.1958627403,0.004321377724,-0.1333162189,0,1.114231825,-0.2823373377,53.99969101
0.1649843156,0.2909172773,0.004171329085,0.004206602927,1,-0.2002730966,0.005924145225,-0.0003666728735,0,0.8503365517,-0.3681691289,45.24123383
0.1649843156,0.29576087,0.00568869384,0.005277534015,1,-0.07342600822,0.007759742439,-0.1252474189,0,1.114331126,-0.5061819553,42.85279846
0.1649843156,0.3006044328,0.009213034064,0.006051688921,1,-0.1437217593,0.0110228369,-0.1392001808,0,1.527545691,-0.8776320219,33.29938126
0.1649843156,0.3054480255,0.01239135209,0.008854186162,1,-0.3389427066,0.01522964984,-0.1488545537,0,1.704277515,-1.188228369,35.54753494
0.1649843156,0.3102915883,0.0158261396,0.01108597685,1,-0.5859034061,0.019322671,-0.385006249,0,1.698642254,-1.20408988,35.01067734
0.1649843156,0.315135181,0.01778098941,0.01282148156,1,-1.685224056,0.02192154154,-0.2498886585,16.78374481,1.563545465,-1.719374061,35.79454803
0.1649843156,0.3199787438,0.01523678005,0.0182035435,1,-4.381860733,0.02373875491,0.001221656799,124.5568161,0.9318002462,-1.65234983,50.06990051
0.1649843156,0.3248223364,0.001070352737,0.02083068341,1,-6.912061691,0.02085816488,-0.5083850622,200.4631958,-0.1825549603,-0.9527426958,87.05853271
0.1649843156,0.3296658993,-0.01912655123,0.02035582438,1,-5.990343094,0.02793178335,-0.4835271835,172.3760071,-0.7346730232,0.6893109083,133.2167053
0.1649843156,0.3345094621,-0.03150268644,0.01514996868,1,-3.211104155,0.03495626897,-0.8429694772,89.6085968,0.3352165222,1.541078568,154.3166199
0.1649843156,0.3393530548,-0.03305613622,0.008808502927,1,-0.5816218853,0.03420961648,-0.4546024203,0,2.19977212,1.81993866,165.0790405
0.1649843156,0.3441966176,-0.02366505004,0.004133052658,1,0.5447076559,0.02402325347,-0.0512881875,0,2.805519581,0.7935677767,170.0933228
0.1649843156,0.3490402102,-0.01682904921,0.00471637724,1,0.04856169224,0.0174774453,-0.6566872597,0,2.77413702,-0.8975516558,164.3443451
0.1698278934,0.237637952,0.01324068569,0.008269961923,1,-0.5025733113,0.0156111503,-0.09064725786,0,0.406542182,0.1094949469,31.98836708
0.1698278934,0.2424815297,0.01300811861,0.007785259746,1,-0.3334142864,0.01515986212,-0.2674032748,0,0.583134532,-0.05844531208,30.90019989
0.1698278934,0.2473251075,0.01445022505,0.007257857826,1,-0.3546437621,0.01617051288,-0.4142732024,0,0.7494407296,-0.4169327021,26.66882515
0.1698278934,0.2521686852,0.0149203483,0.007798141334,1,-0.8998138309,0.01683531329,-0.2190871835,21.43270874,0.4678311944,-0.4413189292,27.59388351
0.1698278934,0.257012248,0.01235788688,0.008334252983,1,-1.173056483,0.01490560733,0.0119809974,33.75710297,0.171431303,-0.02666158788,33.9960289
0.1698278934,0.2618558407,0.01006889902,0.007985309698,1,-1.351048231,0.01285098772,0.08785777539,38.86207962,0.1817311645,0.2823807895,38.41676712
0.1698278934,0.2666994035,0.006694208365,0.0073920656,1,-1.63995862,0.00997271575,0.01091668755,46.92211151,0.2962167263,0.1083577871,47.83620834
0.1698278934,0.2715429962,0.003560381243,0.007513346151,1,-1.539443016,0.00831424538,-0.1307248175,43.49085617,0.343185246,-0.1185023561,64.64493561
0.1698278934,0.276386559,0.0009000404389,0.007332865149,1,-1.365568042,0.007387894671,-0.08642280847,37.28677368,0.4631063044,0.03305125982,83.00247955
0.1698278934,0.2812301517,-0.0008107621688,0.006934664212,1,-0.8120506406,0.006981898099,-0.09489549696,0,0.8436732888,-0.2014718205,96.66841888
0.1698278934,0.2860737145,0.001053207321,0.007849075831,1,-0.398509264,0.00791942142,-0.2870091498,0,1.158163071,-0.424670577,82.35756683
0.1698278934,0.2909172773,0.002868668875,0.007601436228,1,-0.4539271891,0.008124721237,-0.2049955875,0,1.035596728,-0.3605323434,69.32424164
0.1698278934,0.29576087,0.003870568704,0.008602430113,1,-0.3722461164,0.009433085099,-0.00077059865,0,1.050212502,-0.5333211422,65.77516174
0.1698278934,0.3006044328,0.00615245197,0.0101808859,1,-0.2731607854,0.01189550757,-0.04234686494,0,1.207289219,-0.9936431646,58.85484695
0.1698278934,0.3054480255,0.008395092562,0.01321010757,1,-0.2126922607,0.01565198041,-0.1734867692,0,1.194349527,-1.369950056,57.56383133
0.1698278934,0.3102915883,0.01090718526,0.01597604901,1,-0.310354054,0.01934427023,-0.2133429646,0,1.034980297,-1.756245375,55.67782593
0.1698278934,0.315135181,0.01190487575,0.02068327554,1,-1.37070179,0.02386470139,0.3578858972,25.98518944,0.9761464,-2.327398062,60.07613754
0.1698278934,0.3199787438,0.008996125311,0.0289824307,1,-2.679670334,0.03034652397,-0.009318351746,77.61669922,-0.2488483191,-2.32835722,72.75569916
0.1698278934,0.3248223364,-0.002279631793,0.03191572055,1,-3.808220863,0.03199702874,-0.4833379984,95.33007812,-1.878932118,-0.4703786671,94.085495
0.1698278934,0.3296658993,-0.01855004206,0.02891966142,1,-3.404816389,0.03435768932,-0.5241143703,78.72638702,-1.998612642,1.933280468,122.6774673
0.1698278934,0.3345094621,-0.02845147997,0.02001317404,1,-1.416979313,0.03478525206,-0.06090056896,38.08328629,-0.5388358831,2.992327213,144.8769073
0.1698278934,0.3393530548,-0.02802318521,0.01413111482,1,-0.06844723225,0.03138450906,0.3218107224,0,1.310838342,2.493960142,153.2397919
0.1698278934,0.3441966176,-0.02243386209,0.009492198937,1,0.4338669181,0.024359392,0.05782470107,0,2.111727238,0.9118062258,157.0658417
0.1698278934,0.3490402102,-0.01569340192,0.009994789027,1,0.9479099512,0.01860587858,0.9914895296,0,1.835338235,0.7839616537,147.5078278
0.1746714562,0.237637952,0.01253009681,0.01007976197,1,-0.447696507,0.01608119905,-0.3969349265,0,0.1568212509,-0.1615647525,38.8147316
0.1746714562,0.2424815297,0.01182565838,0.009509745054,1,-0.2982352674,0.01517502684,-0.353895992,0,0.3652274907,-0.2345384508,38.8049202
0.1746714562,0.2473251075,0.0128545789,0.00950164441,1,-0.3912094831,0.01598503813,-0.2234784216,0,0.6399936676,-0.4738858342,36.47048569
0.1746714562,0.2521686852,0.01303066406,0.01072261296,1,-0.8140945435,0.01687520742,-0.06444309652,16.29346275,0.5872806311,-0.5437316298,39.45012283
0.1746714562,0.257012248,0.01175598986,0.01182311215,1,-0.969209075,0.01667300984,0.2143854648,25.04310799,0.3902952671,-0.1801019162,45.1631012
0.1746714562,0.2618558407,0.01022665016,0.01263334323,1,-1.345511794,0.01625379175,0.2081713378,37.95998764,0.2537103891,-0.07688590139,51.00994492
0.1746714562,0.2666994035,0.006467764731,0.01320380904,1,-1.856882095,0.01470280811,-0.1072491258,53.28302383,0.2858936787,-0.1786609143,63.90249634
0.1746714562,0.2715429962,0.002617445774,0.01297923177,1,-1.726437926,0.01324052364,-0.2426626384,48.0995903,0.4334667921,-0.1874250472,78.59841919
0.1746714562,0.276386559,0.0002051586489,0.01293626148,1,-1.544698238,0.0129378885,-0.390787214,39.13636017,0.6507782936,-0.08630010486,89.09140778
0.1746714562,0.2812301517,-0.001712324913,0.01150442474,1,-1.157415628,0.01163115818,-0.4772284031,14.57608318,0.9277985096,-0.08488303423,98.46578217
0.1746714562,0.2860737145,-0.0009070100496,0.01103590615,1,-0.4724748433,0.01107311528,-0.3150508404,0,1.121682882,-0.2978717089,94.69841003
0.1746714562,0.2909172773,0.00143215491,0.01142121665,1,-0.3757965565,0.01151065808,-0.1044416204,0,1.203447819,-0.3380305469,82.85274506
0.1746714562,0.29576087,0.003101783106,0.0121673122,1,-0.3719297349,0.01255645417,0.05599461496,0,0.9423735738,-0.3158660531,75.698349
0.1746714562,0.3006044328,0.004195143934,0.0132223526,1,-0.3549448848,0.01387190819,0.01920515299,0,0.7294251323,-0.703809917,72.39698792
0.1746714562,0.3054480255,0.004915607162,0.01566929184,1,-0.159775883,0.0164222382,-0.1229720712,0,0.5915137529,-1.027230263,72.58285522
0.1746714562,0.3102915883,0.006286299787,0.01760219783,1,0.1441620141,0.01869103871,0.113630116,0,0.5425023437,-1.645258665,70.34675598
0.1746714562,0.315135181,0.008241519332,0.02418860607,1,-0.2813106179,0.02555408701,0.3285803199,0,-0.2084545195,-2.226390839,71.18504333
0.1746714562,0.3199787438,0.003914084285,0.02997739986,1,-0.6266290545,0.0302318465,-0.3436987996,0,-1.807637691,-1.579711199,82.56109619
0.1746714562,0.3248223364,-0.003549040994,0.03017532825,1,-0.8797092438,0.03038331866,-0.5648765564,0,-2.468072414,0.01538226008,96.70796204
0.1746714562,0.3296658993,-0.0123011563,0.02716687135,1,-0.8192730546,0.02982209437,-0.1283311844,0,-2.020593882,2.095653534,114.3610153
0.1746714562,0.3345094621,-0.017304115,0.01940331794,1,-0.6297489405,0.02599848434,0.5045105219,0,-0.8395358324,2.915476799,131.7269745
0.1746714562,0.3393530548,-0.01941775158,0.0154891694,1,-0.3966630697,0.02483874932,0.6512156725,0,0.05302046239,2.126040936,141.4213104
0.1746714562,0.3441966176,-0.0189685747,0.01225988753,1,0.7650786638,0.02258565277,-0.01245510578,0,1.544830441,1.324257374,147.1243591
0.1746714562,0.3490402102,-0.008229526691,0.009014698677,1,2.150163889,0.01220614184,-0.2167244852,0,2.284167528,1.123268008,132.3929901
0.179515034,0.237637952,0.0105355531,0.01119798608,1,-0.1864176691,0.01537506934,-0.5771592855,0,0.03051712364,-0.4949069321,46.74581909
0.179515034,0.2424815297,0.01015799493,0.01099878829,1,-0.2583802342,0.01497191377,-0.2425435781,0,0.3692361116,-0.4602703452,47.27579498
0.179515034,0.2473251075,0.01107249223,0.01225256268,1,-0.2354561538,0.01651440002,0.02436667681,0,0.6105128527,-0.7162041068,47.89625931
0.179515034,0.2521686852,0.01197461132,0.01458580047,1,-0.4040107727,0.01887158863,0.03573745489,0,0.7036759853,-0.5147954822,50.61478043
0.179515034,0.257012248,0.0125239417,0.01491910778,1,-0.8300481439,0.01947893575,0.03664672375,17.5788765,0.5678820014,-0.1998425424,49.98800278
0.179515034,0.2618558407,0.01070478931,0.01573125459,1,-1.436219096,0.0190280024,0.1918082088,41.37760925,-0.05329120159,-0.39693892,55.76553345
0.179515034,0.2666994035,0.005309382919,0.01777075045,1,-1.763499737,0.01854694448,-0.007794395089,51.13562393,-0.1416143179,-0.4710351229,73.36538696
0.179515034,0.2715429962,0.00147722126,0.01797499694,1,-1.66226542,0.01803559437,-0.1805983186,47.40102768,0.2748305798,-0.2210766971,85.30187988
0.179515034,0.276386559,-0.001410765457,0.01796681061,1,-1.410135508,0.01802211255,-0.3128249049,38.47825623,0.3756502867,-0.1186602935,94.48968506
0.179515034,0.2812301517,-0.003533388488,0.01703454554,1,-1.115176082,0.01739714295,-0.4573683143,3.237370253,1.010963798,0.03737339377,101.718399
0.179515034,0.2860737145,-0.001915526111,0.01557049062,1,-0.3407747149,0.01568787545,-0.2458266765,0,1.220067978,0.1224823445,97.01344299
0.179515034,0.2909172773,0.0007255238597,0.01525061764,1,-0.1809010506,0.01526786573,-0.150583297,0,1.11562109,-0.02626609057,87.27629852
0.179515034,0.29576087,0.002611863194,0.01496835053,1,-0.25676772,0.01519451756,-0.09907661378,0,0.6926019192,-0.1367534697,80.10198212
0.179515034,0.3006044328,0.002836520551,0.01543310843,1,-0.3007834554,0.01569161192,-0.01551987231,0,0.3445822597,-0.4038033485,79.58558655
0.179515034,0.3054480255,0.002824006137,0.01684903167,1,-0.08206616342,0.01708405279,-0.06827574968,0,0.2167010158,-0.5787103772,80.48529816
0.179515034,0.3102915883,0.003488634946,0.01790543832,1,-0.09260326624,0.01824213006,-0.04474106431,1.208694339,0.06962250173,-0.9092110395,78.97480774
0.179515034,0.315135181,0.002712697024,0.02103615925,1,0.1186179817,0.02121034451,-0.2511960864,0,-0.9049543142,-1.357133389,82.65203094
0.179515034,0.3199787438,-0.0003200464125,0.02326213196,1,0.3148582578,0.02326433361,-0.2597434223,0,-1.895062685,-0.9175655842,90.78823853
0.179515034,0.3248223364,-0.004941145889,0.0242223721,1,0.2285954952,0.02472121082,-0.07208065689,0,-2.02502203,-0.03880931437,101.5296402
0.179515034,0.3296658993,-0.009021177888,0.02310097963,1,0.1418108344,0.02479993738,0.09344881773,0,-1.575752258,1.172265291,111.3311768
0.179515034,0.3345094621,-0.01188653149,0.01899705641,1,-0.3890329599,0.0224093236,0.1875604391,0,-0.7568494081,1.58978653,122.0343628
0.179515034,0.3393530548,-0.01457134821,0.01630918868,1,-0.4353410602,0.02187038772,0.2388230562,0,-0.4304494858,1.421435475,131.779007
0.179515034,0.3441966176,-0.01608005539,0.01326898113,1,0.3619273901,0.02084787935,-0.0333045125,5.199082375,0.3129567504,1.136356592,140.4711456
0.179515034,0.3490402102,-0.01130249444,0.01064384449,1,1.058709979,0.01552539226,-1.282539487,0,0.9140245318,-0.1985769272,136.7190399
0.1843586117,0.237637952,0.00733746076,0.01113050245,1,0.393445611,0.01333140675,-0.5064415336,0,0.05418370664,-1.092434406,56.60629272
0.1843586117,0.2424815297,0.008421524428,0.01254965365,1,0.003706157207,0.01511343382,-0.1300218105,0,0.4435148537,-0.6396985054,56.13616562
0.1843586117,0.2473251075,0.009503610432,0.01359916106,1,-0.1190251857,0.01659083366,-0.01259946823,0,0.591565311,-0.7430772781,55.0526886
0.1843586117,0.2521686852,0.01071030926,0.01608777978,1,-0.1591757089,0.01932685636,0.1325901449,0,0.4610042572,-0.8986603022,56.3466301
0.1843586117,0.257012248,0.01096553821,0.01859409548,1,-0.6504364014,0.02158664912,-0.1162403226,15.67187595,0.3454499543,-0.7859688401,59.47077179
0.1843586117,0.2618558407,0.009233083576,0.01933166198,1,-1.310122252,0.0214234218,-0.1745454371,37.66665268,-0.09731274843,-0.6835579872,64.47018433
0.1843586117,0.2666994035,0.004148516804,0.02105953731,1,-1.358964205,0.02146425657,0.1193196774,37.54438019,-0.4085685313,-0.5062602162,78.85599518
0.1843586117,0.2715429962,0.0006719016237,0.02236170694,1,-1.213325143,0.02237179875,0.06062537804,35.2401123,-0.03230166435,-0.0480373688,88.27895355
0.1843586117,0.276386559,-0.001884773374,0.02158585377,1,-0.8528929353,0.02166798338,0.1389669478,24.41890717,-0.05934688449,0.2544102371,94.99013519
0.1843586117,0.2812301517,-0.003746602917,0.02180254832,1,-0.4338188171,0.02212211862,-0.05806744099,0,0.512342453,0.5592209697,99.75060272
0.1843586117,0.2860737145,-0.001504437882,0.0185959693,1,-0.03261855245,0.01865672693,-0.3510570824,0,0.9249727726,0.4957422912,94.62522888
0.1843586117,0.2909172773,0.0005755710881,0.01770102233,1,-0.002105414867,0.01771037839,-0.2328509092,0,0.7172709107,0.1450332999,88.13761139
0.1843586117,0.29576087,0.001959521789,0.01676565781,1,-0.08682197332,0.01687978022,-0.2570937872,0,0.4147920012,0.02220200002,83.3336792
0.1843586117,0.3006044328,0.002164119389,0.01634823158,1,-0.1382367164,0.01649084873,-0.10689345,0,0.1015609056,-0.1793060601,82.45923615
0.1843586117,0.3054480255,0.001781879691,0.01711639389,1,-0.0668123439,0.01720889471,0.05260072649,0.5784479976,-0.03607871383,-0.3685175776,84.05670929
0.1843586117,0.3102915883,0.001665758551,0.01838795096,1,-0.1423282623,0.01846324839,-0.1007376313,0,-0.132350862,-0.537286818,84.82372284
0.1843586117,0.315135181,0.0004514500033,0.01923085377,1,-0.04322367907,0.01923615299,-0.2639394104,0,-0.6698984504,-0.4467641413,88.6552124
0.1843586117,0.3199787438,-0.001788303838,0.01927347668,1,0.06133556366,0.0193562638,-0.1600463837,0,-0.9981627464,-0.1660135835,95.30104828
0.1843586117,0.3248223364,-0.0040861452,0.01925975643,1,0.3097003996,0.01968844235,0.08485224843,0,-1.214458823,0.1727533937,101.9782486
0.1843586117,0.3296658993,-0.006170571316,0.0188477207,1,0.1846058965,0.01983210817,0.1681141704,0,-1.136229992,0.5062920451,108.1279755
0.1843586117,0.3345094621,-0.008695396595,0.0176217705,1,-0.3152667284,0.01965036057,0.06316298246,0,-0.7594736814,0.7516743541,116.2638626
0.1843586117,0.3393530548,-0.0113761602,0.01551286224,1,-0.3476333618,0.01923709735,-0.09170433879,0,-0.6703041792,1.064275026,126.2539825
0.1843586117,0.3441966176,-0.01362585649,0.01202269457,1,-0.1352603436,0.01817165874,-0.26246503,0,-0.6962053776,1.223824501,138.5766144
0.1843586117,0.3490402102,-0.01540342905,0.008313903585,1,-0.0271743238,0.01750390232,-0.574724257,0,-0.7068150043,0.9566972852,151.642334
0.1892021894,0.237637952,0.002791272942,0.009554744698,1,1.122541308,0.009954111651,-0.08125942945,0,0.3798694611,-1.557148218,73.71508789
0.1892021894,0.2424815297,0.00642979471,0.01312903594,1,0.2913289368,0.01461895555,0.231641978,0,0.6627261639,-1.03593719,63.90722275
0.1892021894,0.2473251075,0.007412313018,0.01569436304,1,-0.4156031311,0.01735671051,0.3659620881,0,0.7943099737,-0.5549799204,64.71903992
0.1892021894,0.2521686852,0.008264090866,0.01758969016,1,-0.3026103973,0.0194343105,0.1658731103,0,0.4557430148,-0.6699561477,64.83464813
0.1892021894,0.257012248,0.008154021576,0.01974276081,1,-0.09019993246,0.02136035264,-0.1432709098,0,-0.2639994025,-0.9723898768,67.55873108
0.1892021894,0.2618558407,0.006548498757,0.02160559222,1,-0.2002548277,0.02257619239,-0.3858053386,0,-0.7739868164,-0.9290617704,73.13832092
0.1892021894,0.2666994035,0.003435206367,0.02237406559,1,-0.2211796939,0.02263624221,-0.1066047549,0,-0.8132429123,-0.5380593538,81.27124786
0.1892021894,0.2715429962,0.001538192271,0.02369537577,1,0.01185619831,0.02374524809,-0.0556002818,0,-0.6189733148,0.06077096239,86.2858429
0.1892021894,0.276386559,0.000494587468,0.02181041241,1,-0.2139849216,0.02181601897,0.07037575543,0,-0.3319347799,0.4994025826,88.70095062
0.1892021894,0.2812301517,-0.00110601238,0.0216173511,1,-0.05824906379,0.02164562605,0.3164893985,0,-0.2946552634,0.6471858025,92.92887115
0.1892021894,0.2860737145,-0.001214732067,0.02020865865,1,0.1610811353,0.02024513483,0.02037635446,2.733487606,0.1292392015,0.6154709458,93.43987274
0.1892021894,0.2909172773,0.0003001724253,0.01873497292,1,0.5811015368,0.0187373776,-0.2431358993,15.33535576,-0.02595850825,0.3371586502,89.08208466
0.1892021894,0.29576087,0.001474146615,0.01739795692,1,0.3038346469,0.01746029779,-0.4055093229,0,-0.06638236344,0.03639253974,85.15683746
0.1892021894,0.3006044328,0.00145029102,0.01659458689,1,-0.07481078058,0.01665784046,-0.3050296903,0,0.03758450598,-0.2224327922,85.00530243
0.1892021894,0.3054480255,0.001293838257,0.01699789241,1,-0.1674440354,0.01704706252,0.02207634598,4.606613636,-0.04974605516,-0.2585380673,85.64717865
0.1892021894,0.3102915883,0.0003983139759,0.01795376465,1,-0.08759337664,0.01795818284,0.08081836998,0,-0.3301740885,-0.1262432188,88.72906494
0.1892021894,0.315135181,-0.0007296508411,0.01800081134,1,-0.2046458572,0.01801559329,0.1713808179,0,-0.269726038,0.1349191666,92.32117462
0.1892021894,0.3199787438,-0.001899343217,0.01813036948,1,-0.628359437,0.018229587,0.09405097365,18.06727791,0.0164642036,0.3337132335,95.9805069
0.1892021894,0.3248223364,-0.003693412989,0.01683998853,1,-0.662570715,0.01724025793,-0.05422452837,18.81412506,-0.1333895624,0.2403843999,102.3704681
0.1892021894,0.3296658993,-0.005754638929,0.01670340821,1,-0.4096323848,0.01766690984,-0.1474788189,0,-0.4670756459,-0.1486178935,109.0097961
0.1892021894,0.3345094621,-0.007939803414,0.01684550568,1,-0.2937440872,0.01862287708,-0.4255462289,0,-0.553973794,-0.02148525417,115.2359467
0.1892021894,0.3393530548,-0.009860626422,0.0147463074,1,-0.08303692937,0.01773937792,-0.4802265763,0,-0.6362315416,0.8191239238,123.7700348
0.1892021894,0.3441966176,-0.01142363623,0.01055200025,1,0.008492138237,0.01555133983,-0.04133212566,0,0.07579432428,1.485298753,137.2713776
0.1892021894,0.3490402102,-0.009452378377,0.007351952139,1,0.005698859692,0.01197491772,1.722934723,0,0.8082662821,3.044287443,142.1246338
0.1940457672,0.237637952,-0.0005982943694,0.007533313707,1,1.475269675,0.007557034492,0.7072589993,0,0.6405845881,-2.106872082,94.54088593
0.1940457672,0.2424815297,0.004525857978,0.01434854511,1,0.6965268254,0.01504540257,0.8380460739,0,1.200083971,-1.624215603,72.4935379
0.1940457672,0.2473251075,0.008588087745,0.01945946924,1,-0.3909637332,0.02127031237,0.8014662266,0,1.163716078,-0.3159677982,66.18659973
0.1940457672,0.2521686852,0.008268743753,0.01976092346,1,-0.7606784701,0.02142116241,-0.1752714664,0,0.1358626485,0.1771927327,67.29366302
0.1940457672,0.257012248,0.00556174852,0.01775228418,1,-0.1469335556,0.0186031349,-0.8663764,0,-0.9688370228,-0.2040195167,72.60435486
0.1940457672,0.2618558407,0.002864422277,0.0165527463,1,0.5749861002,0.01679876074,-0.715236187,0,-1.511424541,-0.8059849739,80.18229675
0.1940457672,0.2666994035,0.001026036334,0.01819183305,1,0.6397119164,0.01822074503,-0.2131535411,0,-1.087206841,-0.7816358805,86.7718811
0.1940457672,0.2715429962,0.0006969462265,0.01930623502,1,0.8905851841,0.0193188116,0.1177052855,0,-0.921769619,-0.4650708437,87.93254089
0.1940457672,0.276386559,0.0008749922854,0.02101455443,1,0.1874443591,0.02103276365,0.2180280089,0,-0.141179651,-0.06095204502,87.61572266
0.1940457672,0.2812301517,0.0009210329154,0.02065749653,1,0.2704668939,0.02067801915,0.1529113948,0,-0.1258742511,0.6840919256,87.44710541
0.1940457672,0.2860737145,0.001575337956,0.01844174042,1,0.3761456609,0.01850890182,-0.03269225359,0,-0.3534465432,1.184762239,85.11750793
0.1940457672,0.2909172773,0.001030977583,0.01476067957,1,0.6756291389,0.01479664072,-0.2072483748,0,-0.9654277563,0.509010911,86.0045929
0.1940457672,0.29576087,0.0001716759289,0.01497248281,1,0.3540032506,0.01497346628,-0.04882693291,0,-0.647518456,-0.4889865518,89.34306335
0.1940457672,0.3006044328,-0.000390686153,0.01689262688,1,-0.01354338974,0.0168971438,-0.09992238879,0,0.1095226556,-0.6602500677,91.32487488
0.1940457672,0.3054480255,0.0006365589797,0.01768647321,1,0.04740960896,0.01769792475,-0.1026300192,0,0.3317369819,-0.1687723696,87.93873596
0.1940457672,0.3102915883,0.001445739763,0.01721299253,1,0.2869803309,0.01727360114,0.3431359529,0,-0.01889774203,0.08936493099,85.19892883
0.1940457672,0.315135181,0.001935037784,0.01891563274,1,-0.3088395894,0.01901435107,1.085263371,0,0.06890654564,0.01503425837,84.15905762
0.1940457672,0.3199787438,0.0002836054191,0.02239673026,1,-1.40931201,0.02239852585,0.7508035898,0,0.3523446918,0.1505749822,89.27451324
0.1940457672,0.3248223364,-0.003184465459,0.02182288654,1,-1.843073606,0.02205400728,-0.2900072336,0,0.2144542336,0.5001608133,98.30218506
0.1940457672,0.3296658993,-0.007604738697,0.01856948994,1,-1.177677989,0.02006633952,-0.9457652569,0,-0.4071394205,0.181825906,112.2705078
0.1940457672,0.3345094621,-0.01086062845,0.01636132784,1,-0.1199103519,0.01963787898,-1.195161819,0,-0.3198360503,-0.01089912653,123.5761566
0.1940457672,0.3393530548,-0.009734684601,0.01283342112,1,0.8314628005,0.01610778645,-0.3882219493,0,0.04159778357,0.4402255714,127.181839
0.1940457672,0.3441966176,-0.006631891709,0.01234867796,1,1.4274894,0.01401684154,0.9240348339,0,2.169369698,1.05456233,118.2381439
0.1940457672,0.3490402102,0.007686982863,0.01220120117,1,1.955080032,0.01442078408,3.508126974,0,3.957421541,3.569022179,57.788311
