PIVlab, ASCII chart output - 13-Mar-2024
FRAME: 1, filenames: A:[1]2 vortices tapados mismo sentido clase 4.mp4 & B:[2]2 vortices tapados mismo sentido clase 4.mp4, conversion factor xy (px -> m): 0.00030272, conversion factor uv (px/frame -> m/s): 0.0090842
x [m],y [m],u [m/s],v [m/s],Vector type [-],vorticity [1/s],magnitude [m/s],divergence [1/s],dcev [1],simple shear [1/s],simple strain [1/s],vector direction [degrees]
0.1262357086,0.237637952,0.0008757680771,-0.01371131558,1,-1.569901586,0.01373925619,2.959979057,0,4.008461475,-0.01064431667,-86.34537506
0.1262357086,0.2424815297,0.006781446282,-0.006517092697,1,0.2219075561,0.009405344725,1.230709434,0,1.820489645,-0.6580306292,-43.86119843
0.1262357086,0.2473251075,0.0107682785,-0.004563056398,1,0.676091373,0.01169518288,-0.4283906221,0,0.30989784,-0.5024634004,-22.96479416
0.1262357086,0.2521686852,0.01155716181,-0.006158315577,1,0.1751484573,0.01309552696,-0.9901269674,0,-0.01509058475,-0.2039670646,-28.05123711
0.1262357086,0.257012248,0.01154353004,-0.008370877244,1,-0.2003115714,0.01425919589,-0.7876338363,0,0.08792705089,-0.1095872521,-35.94802856
0.1262357086,0.2618558407,0.01101281866,-0.0094424868,1,-0.5204050541,0.01450664457,-0.4691625237,0,0.1159291267,-0.3334546685,-40.61007309
0.1262357086,0.2666994035,0.009584419429,-0.009028188884,1,-0.615596652,0.01316697709,0.01523032784,0,-0.003378480673,-0.4284383953,-43.28824615
0.1262357086,0.2715429962,0.008014764637,-0.007293542847,1,-0.2479984909,0.01083661523,0.1760406345,0,-0.358343631,-0.2821752429,-42.3026123
0.1262357086,0.276386559,0.006647554226,-0.00680878479,1,-0.008398607373,0.009515751153,0.09340105951,0,-0.4067277908,0.1590105146,-45.68647003
0.1262357086,0.2812301517,0.006004067603,-0.007611327339,1,-0.02802891284,0.009694386274,0.2028261125,0,-0.2263979614,0.2400577366,-51.73245621
0.1262357086,0.2860737145,0.005415217951,-0.006989119109,1,0.138140738,0.008841514587,0.3731340766,0,-0.2322939336,0.06818039715,-52.23122787
0.1262357086,0.2909172773,0.005548030604,-0.006134265102,1,0.3088521957,0.008271024562,0.08934667706,0,-0.3174364567,0.2425757647,-47.87277222
0.1262357086,0.29576087,0.00537363952,-0.007731296122,1,-0.05988676101,0.009415356442,0.09238345921,0,-0.0679750368,0.4093093872,-55.19875717
0.1262357086,0.3006044328,0.004928722046,-0.00766932033,1,0.2088216096,0.009116510861,0.3098329306,0,-0.4332283139,0.7486958504,-57.27299881
0.1262357086,0.3054480255,0.00428670831,-0.009856962599,1,-0.08969053626,0.01074874774,0.07189628482,0,-0.0002366565168,0.8161790371,-66.49620056
0.1262357086,0.3102915883,0.004493152723,-0.01127431169,1,-0.17201069,0.01213666052,-0.03354622424,0,0.08625659347,0.4003281593,-68.2712326
0.1262357086,0.315135181,0.003871351713,-0.01195846684,1,0.08071608096,0.01256949827,0.04598259926,0,-0.1820005774,0.4321375191,-72.06151581
0.1262357086,0.3199787438,0.004002573434,-0.01314468309,1,0.24171561,0.01374057122,-0.214269042,0,-0.445097208,0.4338527918,-73.06443787
0.1262357086,0.3248223364,0.002886257134,-0.0150976954,1,-0.34735623,0.01537110563,-0.6243773699,0,-0.4156465828,0.3304203153,-79.17723083
0.1262357086,0.3296658993,0.000306909933,-0.01776931994,1,-1.179558516,0.01777197048,-0.7736335397,0,0.02816027403,0.3808605075,-89.01049042
0.1262357086,0.3345094621,-0.002690612338,-0.0206895601,1,-1.838715792,0.02086377889,-0.1520391852,0,0.533874929,-0.01584887505,-97.4095459
0.1262357086,0.3393530548,-0.006013188511,-0.01842896827,1,-0.9756726027,0.01938518137,1.448982,0,-0.01935255527,-1.517888069,-108.0709915
0.1262357086,0.3441966176,-0.007510093972,-0.006319294684,1,1.898233652,0.009815039113,3.293247223,0,-1.935624361,-4.084890842,-139.921402
0.1262357086,0.3490402102,-0.006194293033,0.01730761677,1,6.722752571,0.01838267781,3.665221691,0,-6.179436684,-6.090723515,109.6919861
0.1310792714,0.237637952,0.008018412627,-0.0002017390652,1,-1.363714814,0.008020950481,0.4498121142,0,1.425626159,1.458957434,-1.441227674
0.1310792714,0.2424815297,0.008168349043,-0.002645676024,1,-0.2222291827,0.008586124517,-0.1512456238,0,0.3245380521,0.9322836399,-17.94680786
0.1310792714,0.2473251075,0.008513953537,-0.005449897144,1,0.2075474858,0.01010884717,-0.4315393865,0,-0.1049419343,0.3887957036,-32.62385941
0.1310792714,0.2521686852,0.008665326983,-0.006619032938,1,0.1353856325,0.01090410445,-0.4491054416,0,0.04148868099,0.00983889401,-37.37449646
0.1310792714,0.257012248,0.009370656684,-0.007672826294,1,-0.0231163241,0.01211121306,-0.281920284,0,0.106469661,-0.01715904474,-39.31110382
0.1310792714,0.2618558407,0.009069055319,-0.007901424542,1,-0.2176695019,0.01202831138,-0.1091072932,5.731557846,0.05519933999,-0.1353886873,-41.06404495
0.1310792714,0.2666994035,0.008583719842,-0.00754553033,1,-0.2221669406,0.01142870355,-0.087318331,6.315642357,-0.04856793582,-0.1576485485,-41.31712723
0.1310792714,0.2715429962,0.007757729851,-0.007560774684,1,-0.07598438859,0.01083271392,-0.1400241554,0,-0.1975489259,-0.0929678902,-44.2633667
0.1310792714,0.276386559,0.007258839905,-0.007773451041,1,0.02804104984,0.01063566189,-0.04001842067,0,-0.1686590761,0.06960283965,-46.9606781
0.1310792714,0.2812301517,0.007076635491,-0.008091733791,1,-0.1051355526,0.01074964739,0.07621387392,1.505527258,-0.05484015495,0.09949829429,-48.82863998
0.1310792714,0.2860737145,0.006483985111,-0.007886230946,1,-0.0732152611,0.01020953991,0.1679213345,0,-0.07641865313,0.07692748308,-50.57327652
0.1310792714,0.2909172773,0.00635187421,-0.007650999352,1,0.07505813241,0.009944047779,0.1604141444,0,-0.0534532778,0.1324705929,-50.30047607
0.1310792714,0.29576087,0.006588629913,-0.007750884164,1,-0.00232642889,0.01017281879,0.04070270061,0,0.2377667129,0.3655091822,-49.63383865
0.1310792714,0.3006044328,0.007492247503,-0.009224224836,1,-0.08102530241,0.0118836062,0.1003961265,0,0.04980924353,0.4904880822,-50.91525269
0.1310792714,0.3054480255,0.006437432487,-0.009640324861,1,-0.3281655312,0.01159208361,0.2088685781,7.291405201,-0.1076340228,0.5029941201,-56.26654816
0.1310792714,0.3102915883,0.005381418392,-0.01064884476,1,-0.1896910071,0.01193136908,-0.0158534348,5.084729195,-0.1010400355,0.5941057205,-63.19014359
0.1310792714,0.315135181,0.005029254127,-0.01259470917,1,0.07391321659,0.01356171444,-0.009581565857,0,-0.2487965822,0.8491120338,-68.23244476
0.1310792714,0.3199787438,0.004534357227,-0.01480799355,1,0.04743462801,0.01548667438,-0.0586232096,0,-0.6368536353,0.4922857881,-72.97488403
0.1310792714,0.3248223364,0.002174357418,-0.01526307967,1,-0.1964124441,0.01541718002,-0.0101911081,0,-0.8727678061,-0.002656236291,-81.89227295
0.1310792714,0.3296658993,-0.0006443004822,-0.01484448928,1,-0.4964970946,0.01485846564,-0.01192183048,0,-0.5918665528,-0.07786826789,-92.48526764
0.1310792714,0.3345094621,-0.003097200533,-0.01494366396,1,-0.9249966145,0.01526124962,-0.1492380351,28.21507835,-0.2179112434,0.1126512066,-101.7092514
0.1310792714,0.3393530548,-0.006180063821,-0.01611297019,1,-0.7934969664,0.01725749113,-0.1058786884,18.9594593,-0.513405025,0.03046620637,-110.9841156
0.1310792714,0.3441966176,-0.009427282028,-0.01560406107,1,0.4861488938,0.01823075302,-0.07553935051,0,-1.701833963,-0.5244440436,-121.1385117
0.1310792714,0.3490402102,-0.01206832845,-0.01393866539,1,3.276564598,0.01843721606,-0.4758472145,0,-4.367096424,-1.16351676,-130.8865662
0.1359228492,0.237637952,0.01012102794,-0.0002009469026,1,0.1467194259,0.01012302283,-0.5127984285,0,0.03638102487,1.001718521,-1.137423754
0.1359228492,0.2424815297,0.01056445856,-0.003868787084,1,0.04627650231,0.01125056855,-0.1665832996,0,0.04461054504,1.046502233,-20.11312485
0.1359228492,0.2473251075,0.01056124642,-0.006076620892,1,-0.2133518904,0.01218463108,0.1102109253,5.775973797,-0.02096153796,0.6768014431,-29.91481781
0.1359228492,0.2521686852,0.009429543279,-0.006613112055,1,-0.1209384501,0.01151735801,0.1242127866,0,0.02466068789,0.4682973027,-35.04268646
0.1359228492,0.257012248,0.01009491831,-0.007743218448,1,0.03592134267,0.0127226105,0.03544718027,0,0.04646443576,0.3467285037,-37.48969269
0.1359228492,0.2618558407,0.0098285852,-0.008120827377,1,-0.0193118155,0.01274946798,0.08103774488,0,-0.3310517371,0.1727326661,-39.56507492
0.1359228492,0.2666994035,0.008397905156,-0.008187349886,1,-0.09319156408,0.01172849163,-0.02990394458,0,-0.514279604,-0.07913990319,-44.27265167
0.1359228492,0.2715429962,0.006886251271,-0.007882349193,1,-0.1023028046,0.01046670415,-0.1309145391,0,-0.2294884473,-0.2188318074,-48.85858154
0.1359228492,0.276386559,0.006790848449,-0.007761515677,1,-0.02809680253,0.01031294093,-0.103911601,0,0.0216739811,-0.2101618052,-48.81607056
0.1359228492,0.2812301517,0.006855141837,-0.007367718033,1,-0.1753779948,0.01006360911,-0.07466371357,2.5912292,0.13621521,-0.2309285253,-47.0639801
0.1359228492,0.2860737145,0.006601160392,-0.007004634943,1,-0.2219635397,0.009624979459,0.03578458726,0,0.2449830621,-0.09036198258,-46.6985817
0.1359228492,0.2909172773,0.006966638379,-0.006756719202,1,-0.1896156669,0.009705014527,0.1017118841,0,0.3423942327,0.01164480671,-44.12364197
0.1359228492,0.29576087,0.007341155317,-0.006568388082,1,-0.2249545753,0.009850699455,0.06795974076,0,0.3950918019,0.1255400628,-41.82010651
0.1359228492,0.3006044328,0.007790711243,-0.007035613991,1,-0.32940045,0.01049738284,-0.07255676389,0,0.4106440842,0.3858677149,-42.08447266
0.1359228492,0.3054480255,0.007734665181,-0.008788802661,1,-0.2746318579,0.01170760859,0.04878407717,6.633182049,0.1720727533,0.8352503181,-48.65031433
0.1359228492,0.3102915883,0.007293958217,-0.01084492449,1,-0.07726858556,0.01306959055,0.1412101686,0,0.1191820502,1.118324995,-56.07645416
0.1359228492,0.315135181,0.007937676273,-0.01352153439,1,-0.01628538221,0.01567924023,0.09967297316,0,-0.2295885682,1.258765936,-59.58538055
0.1359228492,0.3199787438,0.006103048567,-0.01645908132,1,-0.1731026173,0.01755416021,0.0007023215294,0,-0.8826554418,1.002469063,-69.655159
0.1359228492,0.3248223364,0.002824030118,-0.01837367006,1,0.1067339182,0.01858942956,0.1571407914,0,-1.393188596,0.5230205655,-81.26202393
0.1359228492,0.3296658993,-0.0001279947028,-0.01823124848,1,0.15714854,0.01823169738,0.314098537,0,-1.332286358,0.08514980972,-90.40224457
0.1359228492,0.3345094621,-0.002867823234,-0.0172647424,1,-0.1097614765,0.01750130765,0.09307488799,0,-1.180701852,-0.146195516,-99.43120575
0.1359228492,0.3393530548,-0.006378454156,-0.01707232371,1,-0.4755948782,0.01822495274,-0.1390415281,0,-1.082825899,-0.2108476907,-110.4863815
0.1359228492,0.3441966176,-0.01041615568,-0.01691694371,1,-0.7750685215,0.01986653544,-0.4820656776,0,-0.8262712955,0.06353695691,-121.6215744
0.1359228492,0.3490402102,-0.01413466781,-0.01971499249,1,-0.9158651829,0.02425839566,-0.6698237062,0,-0.6195703745,0.4855372608,-125.6386414
0.1407664269,0.237637952,0.01038653497,-0.0007361716707,1,0.7453247309,0.01041259151,-0.6066704392,0,0.09858435392,0.1851300597,-4.054202557
0.1407664269,0.2424815297,0.01243030466,-0.002653745236,1,-0.05431436002,0.01271042228,-0.06417989731,0,0.4547154903,0.7166205645,-12.05115795
0.1407664269,0.2473251075,0.01232590899,-0.004518039525,1,-0.3653570414,0.01312786061,0.09475579858,9.649029732,0.180553779,0.7678258419,-20.1303196
0.1407664269,0.2521686852,0.01153519563,-0.005913812201,1,-0.2240008563,0.01296278927,0.2192692757,1.452159166,-0.003962099552,0.8600611687,-27.14310455
0.1407664269,0.257012248,0.01122175436,-0.007621760014,1,-0.1119035706,0.01356536057,-0.06734097004,0,-0.1434827447,0.6547592878,-34.18415451
0.1407664269,0.2618558407,0.01029821206,-0.009411361068,1,-0.0128801465,0.0139508741,-0.1792935431,0,-0.640809536,0.2260561883,-42.42366028
0.1407664269,0.2666994035,0.008055557497,-0.00958510302,1,-0.0355219841,0.01252063178,0.03494326025,0,-0.8387296796,-0.2199412286,-49.95547104
0.1407664269,0.2715429962,0.006063706242,-0.008176808245,1,-0.07910481095,0.01017981954,0.04782024026,0,-0.3994581103,-0.3759823143,-53.44034195
0.1407664269,0.276386559,0.005737600848,-0.007532382384,1,-0.1357824802,0.009468730539,-0.1211431026,1.498037815,0.03931854665,-0.4503006935,-52.70258331
0.1407664269,0.2812301517,0.005596475676,-0.006582507864,1,-0.1812778711,0.008640020154,-0.06855994463,0,0.2807981968,-0.4624513388,-49.62867355
0.1407664269,0.2860737145,0.006219635252,-0.005624538753,1,-0.1835077405,0.008385660127,0.05261685699,0,0.4528240561,-0.2587943375,-42.12366104
0.1407664269,0.2909172773,0.006900926121,-0.00507416809,1,-0.2413743138,0.008565627038,0.06098579615,0,0.5110563636,-0.1200575456,-36.32659912
0.1407664269,0.29576087,0.007525861263,-0.004747641273,1,-0.1786972284,0.008898240514,-0.03406127542,0,0.614091754,0.08271058649,-32.24551773
0.1407664269,0.3006044328,0.009009793401,-0.005639761686,1,-0.02181303501,0.01062935963,-0.07405385375,0,0.6811315417,0.489379853,-32.04488373
0.1407664269,0.3054480255,0.01071932167,-0.007476676255,1,-0.07174557447,0.01306922175,0.08093440533,0,0.582170248,0.9186538458,-34.89559174
0.1407664269,0.3102915883,0.01148207486,-0.009697320871,1,-0.06149928272,0.01502917428,0.2175263166,0,0.2451727241,1.487493277,-40.18315887
0.1407664269,0.315135181,0.01160895824,-0.01362785976,1,-0.2141051888,0.01790213585,0.05727052689,0,-0.2171418667,1.821967483,-49.57382202
0.1407664269,0.3199787438,0.009393296205,-0.01824476756,1,-0.440392375,0.0205208566,-0.1035244465,0,-0.8273041248,1.734004021,-62.75838089
0.1407664269,0.3248223364,0.005468771793,-0.02252807096,1,0.09169256687,0.02318235114,0.312928766,0,-1.764796019,1.100345612,-76.35517883
0.1407664269,0.3296658993,0.001289490028,-0.02205868252,1,0.338111043,0.02209634148,0.4218843877,0,-2.159759045,-0.07304555178,-86.65444946
0.1407664269,0.3345094621,-0.00335449446,-0.02013084665,1,0.06313610077,0.02040841989,-0.145344466,0,-1.955181599,-0.7656589746,-99.46052551
0.1407664269,0.3393530548,-0.007874779403,-0.0190541409,1,-0.3474030495,0.02061728388,0.031688869,0,-1.324907064,-0.851703763,-112.4545441
0.1407664269,0.3441966176,-0.01145445835,-0.01585206576,1,-0.797114253,0.0195574183,0.109905839,23.80335045,-0.2529679537,-1.242524743,-125.8512878
0.1407664269,0.3490402102,-0.01296093408,-0.01250353828,1,-1.721604824,0.01800900511,0.5178527832,0,1.099555969,-0.8648099899,-136.0290375
0.1456100047,0.237637952,0.008079264313,-0.003333484055,1,1.575853467,0.008739944547,0.1342473924,0,0.7552090883,-0.6627761126,-22.42091942
0.1456100047,0.2424815297,0.01372460555,-0.001403261325,1,0.4493075609,0.01379615627,0.2683030069,0,0.925701499,0.2887373865,-5.837874413
0.1456100047,0.2473251075,0.01473922748,-0.003432459431,1,-0.1571124345,0.0151336249,0.1234331429,0,0.349688828,0.9790147543,-13.10934258
0.1456100047,0.2521686852,0.01465736423,-0.005547337234,1,-0.2897456884,0.01567199081,0.242959559,4.299600124,-0.08169578761,1.164535046,-20.73003006
0.1456100047,0.257012248,0.01294012461,-0.007896174677,1,-0.3539953828,0.01515903696,-0.0779916048,0,-0.5961866379,1.08125782,-31.39190102
0.1456100047,0.2618558407,0.01005508378,-0.01116225217,1,-0.3230673671,0.01502333488,-0.2844711542,0,-0.7997124791,0.5788522363,-47.98711014
0.1456100047,0.2666994035,0.007501853164,-0.01207774878,1,-0.1411737502,0.01421794016,0.03827129304,0,-0.841222167,-0.3185407519,-58.15434265
0.1456100047,0.2715429962,0.005296772812,-0.009434005246,1,-0.1762488484,0.01081925351,0.1968907714,0,-0.5419882536,-0.8693352342,-60.6877327
0.1456100047,0.276386559,0.004023015965,-0.006913400255,1,-0.2024842799,0.007998735644,-0.02772504091,6.380298138,-0.006787769496,-0.9164046049,-59.80419922
0.1456100047,0.2812301517,0.004283147398,-0.005129616708,1,-0.1355851591,0.00668268837,-0.03875085711,0,0.4616886675,-0.6562464237,-50.13866043
0.1456100047,0.2860737145,0.005602523685,-0.003922512289,1,-0.1731871814,0.006839179434,0.02543595433,0,0.6681476831,-0.3910661638,-34.99713898
0.1456100047,0.2909172773,0.006680519786,-0.003112262581,1,-0.2590478659,0.007369906642,0.03123370558,0,0.6666532755,-0.2152905464,-24.97946167
0.1456100047,0.29576087,0.007576792035,-0.002728452906,1,-0.1473988891,0.008053088561,-0.01847136766,0,0.7919338346,0.08859506994,-19.80428314
0.1456100047,0.3006044328,0.009802374989,-0.003630847204,1,-0.01413691044,0.01045321021,-0.0901748538,0,1.046319485,0.5071228147,-20.32487488
0.1456100047,0.3054480255,0.0125762485,-0.005621510558,1,0.06324976683,0.01377546415,-0.168278724,0,1.123884797,1.014460206,-24.08436775
0.1456100047,0.3102915883,0.01555235311,-0.00935953483,1,0.2052868903,0.01815149002,-0.1294718981,0,0.7162764072,1.504595399,-31.03987694
0.1456100047,0.315135181,0.01703991182,-0.01353624277,1,-0.3368639648,0.02176208794,0.3684099317,0,0.01644992828,2.22108674,-38.46308899
0.1456100047,0.3199787438,0.01400040276,-0.01833311841,1,-0.8728717566,0.02306760848,0.08498966694,18.38529396,-0.6488499641,2.940208435,-52.63221359
0.1456100047,0.3248223364,0.009669334628,-0.02736571617,1,-0.6836526394,0.0290237572,-0.5046004653,0,-1.884442806,1.972237349,-70.53977966
0.1456100047,0.3296658993,0.001561633311,-0.03032987565,1,-0.3158247471,0.0303700529,-0.3772845268,0,-3.183598042,-0.4444034696,-87.05254364
0.1456100047,0.3345094621,-0.007280339487,-0.02704062127,1,-0.06470775604,0.02800354548,0.04758030176,0,-2.394609213,-1.712055922,-105.0688324
0.1456100047,0.3393530548,-0.01035025995,-0.02180694044,1,-0.7447631359,0.02413856983,0.7193139791,0,-1.035273075,-1.914956212,-115.3904877
0.1456100047,0.3441966176,-0.01590208337,-0.01428132877,1,-0.8928041458,0.02137364261,0.7383827567,14.10664082,-0.2354778945,-2.514679432,-138.0736542
0.1456100047,0.3490402102,-0.01581518166,-0.006050480995,1,-1.216876626,0.01693305373,1.21096921,0,1.252759814,-2.187684774,-159.0644379
0.1504535824,0.237637952,0.007826564834,-0.004711026326,1,1.318549752,0.009135036729,0.9856455326,0,1.696497798,-0.8166306019,-31.04490089
0.1504535824,0.2424815297,0.01512837317,-0.0003462941386,1,0.8971877694,0.01513233595,0.3913124204,0,1.134190083,-0.1553326845,-1.311292887
0.1504535824,0.2473251075,0.01766570099,-0.002063308144,1,-0.0179977417,0.01778578758,0.04576089978,0,0.6836485863,0.9871749878,-6.661815166
0.1504535824,0.2521686852,0.01835250482,-0.004906106275,1,-0.4261309505,0.01899695583,-0.09828317165,12.81561947,0.09898620844,1.291502357,-14.96669292
0.1504535824,0.257012248,0.01608115248,-0.008794832043,1,-0.5510914326,0.01832900755,0.02851700783,0,-0.8174083233,1.435312271,-28.67438507
0.1504535824,0.2618558407,0.01172406971,-0.01172002871,1,-0.7590407133,0.01657748222,0.1654288471,0,-1.178184748,1.02863574,-44.99012375
0.1504535824,0.2666994035,0.006698050536,-0.01297584176,1,-0.6768070459,0.01460261457,0.07280115783,0,-1.164270163,-0.2929890156,-62.69749069
0.1504535824,0.2715429962,0.002806669334,-0.009948295541,1,-0.5660222769,0.01033663284,-0.06557756662,0,-0.5764007568,-1.385124922,-74.24488068
0.1504535824,0.276386559,0.001164635643,-0.006584511138,1,-0.294033885,0.006686715409,-0.02698326111,7.470878601,0.1750170439,-1.319154143,-79.96955109
0.1504535824,0.2812301517,0.002230202081,-0.003689565696,1,-0.03975853324,0.004311229102,0.0596190691,0,0.7177782655,-0.9799107313,-58.84863663
0.1504535824,0.2860737145,0.004448676948,-0.001549467794,1,-0.08305513859,0.004710793495,-0.01851707697,0,0.8633134961,-0.658356607,-19.20315361
0.1504535824,0.2909172773,0.006009432487,-0.0005904625868,1,-0.09933623672,0.006038371008,-0.113332212,0,0.8047722578,-0.392373383,-5.6116395
0.1504535824,0.29576087,0.007865510881,-0.0001979101216,1,0.04886990786,0.007868000306,-0.01986257359,0,0.9875294566,-0.0378459096,-1.441358685
0.1504535824,0.3006044328,0.01102931332,-0.0005033588968,1,0.09975069761,0.01104079373,-0.04604554176,0,1.335625648,0.3960859179,-2.613067627
0.1504535824,0.3054480255,0.01481786743,-0.002339408034,1,-0.04496145248,0.01500140037,-0.4460999966,0,1.513561606,0.9410862923,-8.971663475
0.1504535824,0.3102915883,0.01814259216,-0.007222303655,1,-0.1436327696,0.0195272956,-0.6146819592,0,2.07062149,1.362606168,-21.70678711
0.1504535824,0.315135181,0.02415138669,-0.0119165564,1,-0.3471295238,0.02693127841,1.3907758,0,1.565957069,3.442440271,-26.26223183
0.1504535824,0.3199787438,0.02404607832,-0.01715970039,1,-2.08836174,0.02954097465,0.5528231859,63.37613297,-0.3011943102,3.944455624,-35.51231766
0.1504535824,0.3248223364,0.01257738564,-0.02834419161,1,-3.575660944,0.03100941516,-1.486818552,82.96232605,-1.944328547,2.392393589,-66.07134247
0.1504535824,0.3296658993,-0.002690419788,-0.0359489657,1,-2.989195824,0.03604950011,-0.9599839449,64.87097931,-1.964574337,-0.3257991076,-94.2800293
0.1504535824,0.3345094621,-0.01141651161,-0.0314159058,1,-1.393265486,0.03342597559,0.7133300304,26.06557083,-0.8727343082,-2.484247923,-109.9710922
0.1504535824,0.3393530548,-0.01366596576,-0.02046124823,1,-1.639146566,0.02460531145,0.8651149273,44.07170105,-0.1449846029,-3.005505562,-123.7387695
0.1504535824,0.3441966176,-0.02005808987,-0.01266825479,1,-0.6157715917,0.02372365072,1.336580515,0,-0.2153837532,-2.775996447,-147.7243805
0.1504535824,0.3490402102,-0.01769173145,-0.000541662157,1,0.7236112356,0.01770002022,1.927483439,0,0.2534975708,-3.079788208,-178.2463379
0.1552971601,0.237637952,0.008897901513,-0.001502863714,1,0.8451241255,0.009023926221,0.3202135563,0,1.619867921,-0.1949186176,-9.586830139
0.1552971601,0.2424815297,0.01486759167,-0.0002553223458,1,1.057291269,0.014869784,0.1569324732,0,1.181638718,-0.1463315189,-0.9838482738
0.1552971601,0.2473251075,0.0197423324,-3.398099216e-05,1,0.01194089651,0.0197423622,0.04303652048,0,1.137874961,0.6105031967,-0.09861881286
0.1552971601,0.2521686852,0.02043681405,-0.003003891325,1,-0.546733737,0.0206563957,-0.5834919214,0,0.6061863899,1.306048155,-8.361708641
0.1552971601,0.257012248,0.02003029548,-0.009186101146,1,-1.011277914,0.02203627117,-0.1469722986,31.7840538,0.06194132566,1.95653832,-24.6366787
0.1552971601,0.2618558407,0.01583862863,-0.01319240872,1,-1.857529521,0.02061314695,-0.03739899397,50.80426788,-0.9492675066,1.047070742,-39.79180145
0.1552971601,0.2666994035,0.006435356103,-0.01443881448,1,-2.152321577,0.01580801047,-0.1836047769,49.54964828,-1.474841595,-0.949182272,-65.97754669
0.1552971601,0.2715429962,-0.001729817712,-0.009484274313,1,-1.316678643,0.00964073278,0.1338660717,38.15978241,-0.5275080204,-1.888874054,-100.336441
0.1552971601,0.276386559,-0.002497105394,-0.004641515668,1,-0.5538567901,0.005270597991,0.1708248854,0,0.8749956489,-1.485769987,-118.2799683
0.1552971601,0.2812301517,-0.0001743566972,-0.001460428233,1,-0.1788493097,0.001470799441,0.1132069528,0,1.174216509,-0.9816063643,-96.80815887
0.1552971601,0.2860737145,0.002324033296,0.0006612977013,1,-0.1420761943,0.002416287549,-0.1163992584,0,1.05162406,-0.6794735193,15.8835659
0.1552971601,0.2909172773,0.004231095314,0.001266857143,1,0.043751508,0.004416683689,-0.2146437615,0,0.9830191135,-0.4534589052,16.66853523
0.1552971601,0.29576087,0.007297276519,0.001818017452,1,0.1885275841,0.007520334795,-0.1234006137,0,1.311753392,-0.3481006026,13.98966599
0.1552971601,0.3006044328,0.01149782259,0.002355209086,1,0.1099566817,0.01173656434,-0.1727886945,0,1.47492075,-0.1953545958,11.57630444
0.1552971601,0.3054480255,0.01497375313,0.00192731712,1,-0.2105149627,0.0150972791,-0.2438932359,0,1.795533419,-0.03953366727,7.334387779
0.1552971601,0.3102915883,0.01917498186,0.001365377568,1,1.118282557,0.01922353171,-1.030966043,0,4.141510487,0.2485377192,4.07294035
0.1552971601,0.315135181,0.04044996947,-0.004270059057,1,-0.7502720356,0.04067472741,0.4871685505,0,4.17921257,2.766932011,-6.026051044
0.1552971601,0.3199787438,0.03578332067,-0.009676833637,1,-5.054642677,0.03706868365,-0.3297854662,160.0436707,-0.3947198391,2.80718708,-15.13246155
0.1552971601,0.3248223364,0.01405555755,-0.01946423016,1,-7.172415733,0.02400864474,-2.829393387,206.3879242,-1.178741455,0.4099904299,-54.16610718
0.1552971601,0.3296658993,-0.004666156601,-0.02536704205,1,-6.326447964,0.02579263225,-0.7860924006,199.7397766,0.150523901,0.2575933933,-100.4227905
0.1552971601,0.3345094621,-0.01585791819,-0.02451938763,1,-3.518332481,0.02920058183,-0.9249860048,107.8458557,0.2044079304,-3.154162884,-122.8927765
0.1552971601,0.3393530548,-0.02071740851,-0.01456985064,1,-1.950284958,0.02532768436,-0.2344614267,59.51809311,0.501750648,-2.748588085,-144.8825836
0.1552971601,0.3441966176,-0.022874007,-0.01234201901,1,-0.1875795126,0.02599126101,-0.4683430791,0,0.04738324136,-1.757129669,-151.650238
0.1552971601,0.3490402102,-0.02139646001,-0.008327513002,1,1.436902523,0.02295987681,0.2359150648,0,-0.8267988563,-1.421741247,-158.7339935
0.1601407379,0.237637952,0.0084334407,-0.00095849426,1,1.30813241,0.008487734012,0.09754644334,0,1.477527142,-0.4039366245,-6.484071732
0.1601407379,0.2424815297,0.01517971978,0.0002559918503,1,0.6655946374,0.01518187765,0.6434096098,0,1.894027948,-0.2544257045,0.9661483765
0.1601407379,0.2473251075,0.02083117142,0.003390240949,1,-0.1525434256,0.02110524662,0.1178859174,0,1.530149579,0.03072721139,9.243755341
0.1601407379,0.2521686852,0.02185226232,0.0006781517877,1,-0.6231199503,0.02186278254,-0.6095125675,0,1.45200336,0.8329879045,1.77751708
0.1601407379,0.257012248,0.02484592609,-0.003596611321,1,-2.269330263,0.02510489337,-0.02697986364,61.53512573,1.187945843,1.624473453,-8.236727715
0.1601407379,0.2618558407,0.01661449298,-0.007320791017,1,-3.79458952,0.01815586165,-1.501318932,105.4064026,-1.084989309,-0.2423729897,-23.77957535
0.1601407379,0.2666994035,0.001211308292,-0.009694414213,1,-3.786241531,0.009769797325,-0.8175882697,114.737648,-0.8195155859,-1.064287066,-82.87785339
0.1601407379,0.2715429962,-0.005693848245,-0.006125885993,1,-2.179871559,0.008363395929,0.5380621552,61.47657776,0.8552902937,-1.532857656,-132.9066467
0.1601407379,0.276386559,-0.005204403307,0.0003362464486,1,-1.038177967,0.005215254147,0.6352430582,0,1.805769682,-1.22082293,176.30336
0.1601407379,0.2812301517,-0.001975958003,0.002864113776,1,-0.4999274015,0.003479591571,0.1523291916,0,1.697019458,-0.6520483494,124.6018677
0.1601407379,0.2860737145,0.0005938052782,0.004232311621,1,-0.3389307559,0.004273764789,-0.1241943762,0,1.31948638,-0.3502344489,82.01337433
0.1601407379,0.2909172773,0.002773425076,0.003958953079,1,-0.2748579979,0.004833756015,-0.04928005487,0,1.304665565,-0.2578469217,54.98702621
0.1601407379,0.29576087,0.005581757985,0.005242521409,1,-0.1922993064,0.007657679264,-0.04396522045,0,1.528658152,-0.4876449108,43.20491791
0.1601407379,0.3006044328,0.009246182628,0.006107950117,1,-0.1707028747,0.01108146831,-0.2412097305,0,1.794153452,-0.6819007993,33.44841385
0.1601407379,0.3054480255,0.01344506722,0.007377042901,1,-0.5959020257,0.01533592492,-0.05488888919,0,1.650217056,-0.325966239,28.75270653
0.1601407379,0.3102915883,0.01435283944,0.007420934271,1,0.6582250595,0.01615779288,0.621104002,0,4.806290627,-0.3250440955,27.34058952
0.1601407379,0.315135181,0.03991287574,0.01195978466,1,-0.9707129002,0.04166622087,-2.778882027,0,5.449370384,-2.363913059,16.68070221
0.1601407379,0.3199787438,0.0360455662,0.005410999991,1,-7.47710228,0.03644944355,-4.132382393,197.4540558,-0.5859575272,-1.804939866,8.537240982
0.1601407379,0.3248223364,0.0008588182391,0.0006866358453,1,-7.808580399,0.001099562505,-2.715209961,231.9009247,-0.7173101902,-0.6530467272,38.64277267
0.1601407379,0.3296658993,-0.005250245798,-0.004577248357,1,-8.327453613,0.006965362933,-4.265171051,221.0087433,1.713932991,-1.360044956,-138.917572
0.1601407379,0.3345094621,-0.03117418475,-0.01338452287,1,-5.941668034,0.03392602503,-2.542067289,166.451767,1.221117496,-1.714708924,-156.7639008
0.1601407379,0.3393530548,-0.02811459824,-0.008584623225,1,-1.628186107,0.02939602733,-1.266272426,0,1.69773066,-1.649115205,-163.0202637
0.1601407379,0.3441966176,-0.03083734028,-0.01153019443,1,-0.4531199038,0.03292243928,-0.9658554792,0,1.419187784,-0.3626954257,-159.4990387
0.1601407379,0.3490402102,-0.02343537286,-0.01150607597,1,0.8774845004,0.02610759437,0.986392498,0,2.178910971,0.9764336348,-153.8503265
0.1649843156,0.237637952,0.007413876709,-0.00068238721,1,1.844277501,0.007445214782,1.317514777,0,2.011462688,-1.315694451,-5.258794785
0.1649843156,0.2424815297,0.01675166562,0.005694689695,1,0.7516189218,0.01769315638,0.9737972617,0,1.942314148,-0.8427650332,18.77534485
0.1649843156,0.2473251075,0.02046215162,0.008116273209,1,-0.3080455065,0.02201303095,-0.05907894671,0,1.292352796,-0.3383024335,21.63565636
0.1649843156,0.2521686852,0.0215192344,0.007047130261,1,-0.4590170383,0.02264375053,-0.3098458052,0,1.96735239,-0.194891572,18.13261414
0.1649843156,0.257012248,0.02776787989,0.007559484337,1,-3.42948103,0.02877848037,-1.01787889,102.9480438,0.5129772425,0.4511550665,15.22904587
0.1649843156,0.2618558407,0.007392921019,-6.824977027e-05,1,-6.977398872,0.007393235806,0.3885031343,220.6374054,0.6912329197,1.963522911,-0.5289266109
0.1649843156,0.2666994035,-0.002679653466,-6.92463218e-05,1,-3.51890564,0.002680548001,0.8200322986,106.9902267,0.6406390667,-0.2711069882,-178.5197296
0.1649843156,0.2715429962,-0.006548186764,0.005216768477,1,-2.230679989,0.008372182027,1.289353848,22.09053612,1.682788968,-0.6106078625,141.4565887
0.1649843156,0.276386559,-0.005333406851,0.009133365937,1,-1.148810863,0.01057655923,0.6281090379,0,1.965025902,-0.1902707964,120.282692
0.1649843156,0.2812301517,-0.002594785299,0.009180654772,1,-0.5750379562,0.009540300816,-0.009381309152,0,1.681556225,0.08133576065,105.7822113
0.1649843156,0.2860737145,2.610029878e-05,0.00869397074,1,-0.3106358051,0.008694009855,-0.02984052896,0,1.412776351,0.02451062575,89.82798767
0.1649843156,0.2909172773,0.002743501915,0.008917401545,1,-0.4950958192,0.009329889901,0.1577815861,0,1.464685082,-0.1435736865,72.89911652
0.1649843156,0.29576087,0.004722381476,0.0101536084,1,-0.5183723569,0.01119806431,0.2410724461,0,1.402669787,-0.36896047,65.05715179
0.1649843156,0.3006044328,0.007026664913,0.01187214348,1,-0.1863150597,0.01379571669,0.05309280753,0,1.921947479,-0.4946347177,59.38034058
0.1649843156,0.3054480255,0.01312905177,0.01280656923,1,0.1253916025,0.01834067143,0.5786053538,0,2.678797007,-1.400244713,44.28762054
0.1649843156,0.3102915883,0.0206089709,0.02145685814,1,-1.509209871,0.02975107357,1.047236681,0,2.007062674,-1.847223759,46.15470886
0.1649843156,0.315135181,0.0155404415,0.02682611346,1,-3.942882776,0.03100235015,-2.633281708,86.08911896,1.138441563,-3.096597195,59.91616821
0.1649843156,0.3199787438,0.007025440224,0.02370096184,1,-5.196075439,0.02472028323,-4.549813271,63.52994919,1.521250963,-2.084027052,73.48912048
0.1649843156,0.3248223364,-0.002258855151,0.01488288771,1,-8.144978523,0.01505333092,-1.462866306,255,0.1059279442,-1.373723745,98.63021851
0.1649843156,0.3296658993,-0.03191232681,0.02326919325,1,-7.00255394,0.0394949615,-2.87798667,203.1736755,-0.06189250946,-1.905816317,143.9019623
0.1649843156,0.3345094621,-0.03647594526,0.01017411985,1,-3.825775623,0.03786828741,-2.771422386,0,3.221679211,1.714870334,164.4147797
0.1649843156,0.3393530548,-0.0348383151,0.001539486344,1,-1.045137644,0.0348723121,-1.585451841,0,2.524828672,1.190898895,177.4697723
0.1649843156,0.3441966176,-0.0293089468,-0.003273350885,1,0.660546422,0.02949117124,-0.2125224769,0,4.077471256,0.5231814384,-173.6273651
0.1649843156,0.3490402102,-0.01188935898,-0.002023952547,1,1.920949817,0.01206039917,0.9197329879,0,5.271887779,0.4038355947,-170.3390198
0.1698278934,0.237637952,0.008442257531,-0.0001487191767,1,2.128666878,0.008443567902,0.9269683361,0,0.9154165387,-1.621534824,-1.0092206
0.1698278934,0.2424815297,0.01581438445,0.006023217458,1,0.9974710941,0.01692258567,0.7478099465,0,1.1629498,-1.583238363,20.85031319
0.1698278934,0.2473251075,0.01890642382,0.01114189439,1,-0.07743796706,0.02194526605,0.05030220747,0,0.8192745447,-1.272530556,30.51160622
0.1698278934,0.2521686852,0.01940752752,0.01243046112,1,-0.3954427838,0.0230470933,-0.2287171781,0,1.054983377,-1.128280163,32.63943863
0.1698278934,0.257012248,0.02210095525,0.01549899112,1,-0.1278045774,0.02699390426,0.4254677296,0,1.903183699,-3.165341377,35.0412674
0.1698278934,0.2618558407,0.02800671384,0.02982282452,1,-4.556818962,0.04091181979,-0.189006269,142.694931,0.7928897142,0.852853477,46.79875946
0.1698278934,0.2666994035,0.003870070679,0.01045266259,1,-5.492150307,0.01114610303,-0.9228110313,170.4887848,-0.7868864536,2.585653067,69.68306732
0.1698278934,0.2715429962,-0.00240628887,0.0128293056,1,-2.016598701,0.0130530186,1.280953407,45.99490738,0.5809306502,0.2557412982,100.6230774
0.1698278934,0.276386559,-0.003083699849,0.01541835722,1,-0.9695953727,0.01572370715,0.6277856231,0,1.130395532,0.4285944104,101.3100281
0.1698278934,0.2812301517,-0.00162744103,0.01379410364,1,-0.518633008,0.01388977561,-0.05345380306,0,1.27255702,0.5325933695,96.72869873
0.1698278934,0.2860737145,0.0005679894821,0.01257979218,1,-0.2933825552,0.01259260904,0.05773325264,0,1.21619153,0.1285074651,87.41479492
0.1698278934,0.2909172773,0.002842242131,0.01345130429,1,-0.2329863012,0.01374830585,0.2327590734,0,1.140235662,-0.1734377593,78.06897736
0.1698278934,0.29576087,0.004962322302,0.01454723813,1,-0.2100711167,0.01537032146,0.2767951787,0,1.090680122,-0.3153661191,71.16457367
0.1698278934,0.3006044328,0.007107540034,0.01631948352,1,-0.1877786517,0.01780007407,0.4185637236,0,1.117477894,-0.6544907093,66.46568298
0.1698278934,0.3054480255,0.009465392679,0.01974466071,1,-0.5733960867,0.02189623937,0.1961255074,0,1.26926589,-1.482962012,64.38741302
0.1698278934,0.3102915883,0.01047803927,0.02445227467,1,-0.1266911626,0.02660268918,0.2692258358,0,0.6829680204,-3.204840899,66.80439758
0.1698278934,0.315135181,0.0121597629,0.03657157347,1,-1.055949092,0.03854010627,0.2057318687,31.5587101,-0.2992458344,-2.580352545,71.60843658
0.1698278934,0.3199787438,0.003914047033,0.03794689104,1,-3.883669853,0.03814821318,-0.4400836825,115.7904968,-1.286101222,-1.282222629,84.11102295
0.1698278934,0.3248223364,-0.0128804259,0.0406505391,1,-5.148604393,0.04264236987,-1.840704203,145.1138611,-1.52724874,-0.001876235008,107.581192
0.1698278934,0.3296658993,-0.02842096798,0.02904038504,1,-3.176710367,0.04063367471,-1.211355209,77.17355347,-1.65676713,2.89722538,134.3823853
0.1698278934,0.3345094621,-0.0362916775,0.02075037174,1,-1.735073447,0.04180506989,-1.491710186,0,1.403773189,2.706343412,150.2405243
0.1698278934,0.3393530548,-0.03002564609,0.00870678667,1,-0.4593105316,0.03126255795,-0.8125753999,0,1.896066189,2.435111761,163.8289795
0.1698278934,0.3441966176,-0.02933263965,0.005019946489,1,0.02728402615,0.02975909226,-0.2376957238,0,2.656905651,0.5844926834,170.2885742
0.1698278934,0.3490402102,-0.01702456549,0.004724453203,1,1.632166386,0.01766794547,-0.7110386491,0,3.450042248,-0.5890246034,164.4902496
0.1746714562,0.237637952,0.004049695097,-0.006558849942,1,0.5891596079,0.00770834228,3.005187988,0,2.984857559,-2.38547492,-58.30716705
0.1746714562,0.2424815297,0.01270520967,0.006496197544,1,0.7812366486,0.01426965091,1.527756095,0,1.385035515,-2.398765564,27.0807457
0.1746714562,0.2473251075,0.01454220247,0.01245956309,1,0.3180039525,0.01914983988,-0.04805022478,8.881612778,0.1447350979,-1.612219095,40.58952332
0.1746714562,0.2521686852,0.01494652219,0.01407237165,1,-0.02975026332,0.02052876353,-0.3526243567,0,0.02044024877,-1.371945858,43.27457047
0.1746714562,0.257012248,0.01449710876,0.01739671826,1,-0.5848818421,0.02264535241,0.08002686501,15.56310463,-0.3107805252,-2.350215912,50.19472885
0.1746714562,0.2618558407,0.01060831174,0.02584344149,1,0.06195181608,0.02793599479,-1.530282497,0,-1.945408583,-2.629534483,67.68265533
0.1746714562,0.2666994035,0.005374439061,0.02272102982,1,-2.052391291,0.0233480148,-0.6384345293,62.06448746,0.04697084427,1.022601366,76.69184113
0.1746714562,0.2715429962,0.0008949023904,0.01779808477,1,-1.325896502,0.01782056876,0.2560634017,41.04451752,0.1715441942,0.961370647,87.12154388
0.1746714562,0.276386559,-0.000216756016,0.01930481941,1,-0.6416813135,0.01930603571,0.5561510921,0,0.4003428519,0.5441094041,90.64328766
0.1746714562,0.2812301517,-0.0002740390773,0.01785640977,1,-0.5228506327,0.0178585127,-0.02157449722,0,0.7592309713,0.6595585346,90.87923431
0.1746714562,0.2860737145,0.0009281702805,0.01600569859,1,-0.2559350133,0.01603258774,-0.1212717295,0,0.938256681,0.3510481417,86.68113708
0.1746714562,0.2909172773,0.003030828899,0.01556869876,1,0.07433417439,0.01586096734,0.1102183163,0,0.6704438925,0.01768554747,78.98376465
0.1746714562,0.29576087,0.004535560496,0.01645388827,1,0.06409750879,0.01706756465,0.1907020211,0,0.5249519348,-0.3513655663,74.58898163
0.1746714562,0.3006044328,0.005883935839,0.01819424517,1,0.02475589514,0.0191220101,0.230433017,0,0.4626128674,-0.8592044115,72.07902527
0.1746714562,0.3054480255,0.006896168925,0.02173163183,1,-0.01276411489,0.02279958315,0.148856461,0,0.1172688156,-1.334397078,72.39403534
0.1746714562,0.3102915883,0.006390112452,0.02537849918,1,-0.04829889536,0.02617062815,0.1507270932,0,-0.5416306257,-1.657776356,75.86714935
0.1746714562,0.315135181,0.004038799554,0.03049125895,1,0.34765625,0.03075757995,-0.03432917595,0,-1.938790798,-2.28555131,82.45465851
0.1746714562,0.3199787438,-0.001316671493,0.03628246859,1,-0.534850955,0.03630635142,-0.5922740102,0,-2.607933998,-0.9911363721,92.07831573
0.1746714562,0.3248223364,-0.01118352264,0.0324231796,1,-0.790142417,0.03429772332,-0.2132820487,0,-3.840736866,0.9534842372,109.0305252
0.1746714562,0.3296658993,-0.02374669537,0.03063114546,1,-1.412976027,0.03875787184,0.7160820961,0,-2.594252348,2.1707623,127.7845154
0.1746714562,0.3345094621,-0.03059278429,0.02537734434,1,-0.06622615457,0.03974831104,0.00511932373,0,-0.6012042761,3.655979872,140.3236084
0.1746714562,0.3393530548,-0.02697944641,0.01294791885,1,-0.2448098063,0.02992556058,-0.5816324949,0,0.8566659093,2.703942776,154.3628235
0.1746714562,0.3441966176,-0.02762921154,0.009463405237,1,0.2231969833,0.02920495532,0.3267139792,0,1.592225432,1.59991765,161.092926
0.1746714562,0.3490402102,-0.01818630658,0.006781057455,1,1.97065711,0.01940939203,-0.301474005,0,1.92847538,0.806112051,159.5512238
0.179515034,0.237637952,0.01144388039,0.01145501155,1,-2.735345364,0.01619196311,0.5785041451,0,2.797988415,1.613793373,45.0278511
0.179515034,0.2424815297,0.01159558818,0.008947759867,1,-0.4265561998,0.01464650314,-0.4276566207,0,0.3069982827,-0.1897421777,37.65565109
0.179515034,0.2473251075,0.01086479239,0.01030265447,1,0.3064370155,0.01497292239,-0.3581301272,0,-0.4181597233,-1.127355456,43.47877121
0.179515034,0.2521686852,0.01105445065,0.01267356239,1,0.2541862428,0.01681725495,-0.07532691956,4.160769463,-0.2045652717,-1.422260165,48.90359879
0.179515034,0.257012248,0.01110513508,0.01682662033,1,-0.2788091898,0.02016083337,0.1490348577,0,-0.3810548186,-1.384226441,56.57622147
0.179515034,0.2618558407,0.007858348079,0.02010003291,1,0.02269399166,0.02158158831,0.1625819802,0,-1.132271647,-0.6208162904,68.64639282
0.179515034,0.2666994035,0.005730809644,0.02062107064,1,-0.3389051259,0.02140258811,0.1842652261,0,-0.5628888607,0.1879335344,74.46883392
0.179515034,0.2715429962,0.003490438685,0.02008226514,1,-0.609534204,0.02038333938,0.4112510681,13.88424873,-0.1100414395,0.4433753192,80.14009094
0.179515034,0.276386559,0.002245489042,0.02046547458,1,-0.2050051391,0.02058829367,0.3834265172,0,-0.2136438787,0.3995941579,83.7385025
0.179515034,0.2812301517,0.001462679589,0.02000395581,1,-0.2097520828,0.02005735971,0.1007528156,5.048495293,0.09319334477,0.5346327424,85.81800079
0.179515034,0.2860737145,0.0016809277,0.01836394332,1,-0.05066730082,0.01844071411,-0.2093659639,0,0.4633952975,0.5473811626,84.77005005
0.179515034,0.2909172773,0.003461753484,0.01633860357,1,0.120723471,0.01670130901,-0.1151581109,0,0.396086514,0.2119811177,78.03733063
0.179515034,0.29576087,0.004184137098,0.01677941903,1,0.01713122427,0.01729323342,0.1682851911,0,0.1068036407,-0.2656235993,75.99820709
0.179515034,0.3006044328,0.00406204164,0.01844027452,1,-0.03832700476,0.01888236962,0.09902995825,0,-0.05684932694,-0.6432034969,77.57722473
0.179515034,0.3054480255,0.003723143134,0.02037448436,1,0.1858636141,0.02071186714,-0.09575253725,0,-0.3682704568,-0.8436528444,79.64427948
0.179515034,0.3102915883,0.003178539919,0.02206278779,1,0.2983720005,0.02229057439,-0.006285727024,0,-0.8764331937,-1.063876152,81.80192566
0.179515034,0.315135181,0.0009232588345,0.02549700625,1,0.2482679486,0.02551371604,0.08003914356,0,-1.679823875,-1.126296401,87.92620087
0.179515034,0.3199787438,-0.003755312646,0.02790576778,1,0.4630998373,0.02815731242,-0.2482933998,0,-2.572793007,-0.3262859583,97.66431427
0.179515034,0.3248223364,-0.009295204654,0.02587476932,1,0.0844990015,0.02749371715,-0.09584820271,0,-2.290104389,0.8511744738,109.7602234
0.179515034,0.3296658993,-0.01443833392,0.0233187899,1,0.1363871694,0.02742683887,0.5921291113,0,-2.04896307,2.185089111,121.7646255
0.179515034,0.3345094621,-0.0185588859,0.01815916784,1,0.2999566793,0.02596512251,0.8570718765,0,-1.395789981,2.772376776,135.6237183
0.179515034,0.3393530548,-0.01974608749,0.01404186152,1,-0.242769897,0.02422977239,0.5392761827,0,-0.05493936688,1.882959843,144.5825653
0.179515034,0.3441966176,-0.02000086382,0.01165093202,1,0.3797129095,0.02314689569,0.01932817698,0,0.6868069172,1.985172272,149.7782898
0.179515034,0.3490402102,-0.01458031591,0.004520143382,1,1.584254146,0.01526490506,-1.704960585,0,0.6539803743,1.239460707,162.7756958
0.1843586117,0.237637952,0.01466825791,0.02024228126,1,-1.659596443,0.02499815449,-2.246805429,0,-0.385778904,1.962089777,54.07161331
0.1843586117,0.2424815297,0.00971479062,0.01004922576,1,-0.9358753562,0.01397727057,-1.551704526,0,-0.5756354928,0.7797039747,45.96943283
0.1843586117,0.2473251075,0.007347137667,0.008949922398,1,-0.2993294001,0.01157935895,-0.2367988229,4.452738285,-0.1181198359,-0.6086617708,50.61686325
0.1843586117,0.2521686852,0.007692842744,0.01185037289,1,0.09211666882,0.01412838139,0.4002353847,0,0.1488676965,-1.24143815,57.00979233
0.1843586117,0.257012248,0.008514362387,0.01690148376,1,0.2134180814,0.01892497204,0.4887965024,0,-0.06972770393,-1.245232224,63.26267242
0.1843586117,0.2618558407,0.008388818242,0.02024927549,1,0.1103983223,0.02191815339,0.4210407734,0,-0.3864648342,-0.5564728379,67.49687195
0.1843586117,0.2666994035,0.007177212741,0.02163614705,1,-0.1449604779,0.02279550955,0.08278562874,0,-0.5475991964,0.0893631354,71.64811707
0.1843586117,0.2715429962,0.005034351721,0.02021741681,1,-0.144232139,0.02083479427,-0.05233383179,0,-0.5992982388,0.4376283884,76.01712036
0.1843586117,0.276386559,0.003575865412,0.01926297694,1,0.1044869572,0.01959206723,0.1078682914,0,-0.5650662184,0.2923739254,79.48365784
0.1843586117,0.2812301517,0.002803500276,0.01932374947,1,0.1347880363,0.01952605695,0.1478561908,0,-0.343413204,0.3062878847,81.74508667
0.1843586117,0.2860737145,0.002565373201,0.01849560067,1,0.2065877318,0.01867266372,-0.06125696003,5.952624321,-0.06283023953,0.4386453629,82.10335541
0.1843586117,0.2909172773,0.00349979871,0.01690244116,1,0.08755018562,0.01726097055,-0.1747779399,0,0.2218742073,0.1570794433,78.30171967
0.1843586117,0.29576087,0.004064094275,0.01688822359,1,-0.06819321215,0.01737034693,0.05502072722,1.173366547,0.01624611393,-0.1931614578,76.46923828
0.1843586117,0.3006044328,0.003248188877,0.01810453087,1,-0.07544038445,0.01839360595,0.08789210021,0,-0.279257834,-0.3579388261,79.82860565
0.1843586117,0.3054480255,0.00234608585,0.01904764026,1,-0.08404769003,0.01919157989,-0.04757130146,0,-0.3374360502,-0.3745420873,82.97827911
0.1843586117,0.3102915883,0.001206699642,0.01968823932,1,-0.133623302,0.01972518303,-0.03973953426,0,-0.5631580353,-0.4742851257,86.4927063
0.1843586117,0.315135181,-0.001028828905,0.02115239576,1,0.09660178423,0.02117740177,-0.01817390323,0,-1.192153692,-0.4083082676,92.78460693
0.1843586117,0.3199787438,-0.004099691287,0.02157788537,1,0.2969312072,0.0219638925,-0.01716756634,0,-1.638132334,0.03048169799,100.7576904
0.1843586117,0.3248223364,-0.007525041234,0.02092160285,1,0.1603214145,0.02223375253,0.19566378,0,-1.439403296,0.5118873119,109.782547
0.1843586117,0.3296658993,-0.01029502414,0.02004623227,1,0.00641477108,0.02253528312,0.2189124227,0,-1.139511824,0.9947337508,117.1833954
0.1843586117,0.3345094621,-0.01301326789,0.01716386341,1,-0.3188081384,0.02153934352,0.1217803955,0,-0.7036044002,1.399460196,127.1686172
0.1843586117,0.3393530548,-0.01524715871,0.01385769062,1,-0.4100473225,0.0206036754,0.09550261497,0,-0.6030446291,1.378237128,137.7332458
0.1843586117,0.3441966176,-0.01792025752,0.01095083915,1,-0.2026946545,0.02100134455,-0.6226741076,0,-0.8696187735,1.768633962,148.5714417
0.1843586117,0.3490402102,-0.02044099197,0.002275204519,1,-0.2026651204,0.02056722343,-2.031237364,0,-0.8381880522,1.551076651,173.6487732
0.1892021894,0.237637952,0.01006483752,0.01762484573,1,4.637349129,0.02029621042,-3.168237686,0,-5.549275875,-0.3057932854,60.27105713
0.1892021894,0.2424815297,0.007856343873,0.01069260947,1,0.158614397,0.01326853503,-0.9087426662,0,-0.8389171958,0.4217797518,53.69359207
0.1892021894,0.2473251075,0.00676973816,0.01118035708,1,-0.9870484471,0.01307018474,0.4868021011,9.412316322,0.8061234355,0.02106559277,58.80497742
0.1892021894,0.2521686852,0.006980019622,0.01294844039,1,-0.3303594887,0.01470995508,0.6764897704,0,0.4690054953,-0.2060874104,61.67255783
0.1892021894,0.257012248,0.007441279944,0.01545518171,1,0.3757690787,0.01715328917,0.5786103606,0,-0.3298623562,-0.401036799,64.2903595
0.1892021894,0.2618558407,0.007202372421,0.01769343764,1,1.206612229,0.01910319179,0.07132232189,0,-1.387605309,-0.5925830007,67.85050201
0.1892021894,0.2666994035,0.006564625539,0.01867085882,1,1.032549143,0.01979129203,-0.254021138,0,-1.413616419,-0.2921498716,70.62846375
0.1892021894,0.2715429962,0.005356642883,0.01787811704,1,0.3223189414,0.01866335049,-0.2048787773,0,-0.8138011694,0.09415989369,73.32073212
0.1892021894,0.276386559,0.004184093326,0.01722244173,1,-0.004639953375,0.01772340573,0.07632528245,0,-0.3451595604,0.1156280637,76.34487152
0.1892021894,0.2812301517,0.003662361763,0.01768775098,1,0.1749677509,0.01806293055,0.1401554048,0,-0.3143803477,0.1739001274,78.30184937
0.1892021894,0.2860737145,0.003508837661,0.01705899648,1,0.2995624542,0.01741612144,0.09298056364,0,-0.3586785197,0.2372005284,78.37702942
0.1892021894,0.2909172773,0.003376029432,0.01698921248,1,0.01406099554,0.01732140034,0.05026397854,0,-0.01278012339,0.02354592085,78.76081848
0.1892021894,0.29576087,0.003515041666,0.01718840748,1,-0.1655727923,0.01754414104,0.004999998957,5.132938862,0.03715943545,-0.09076730907,78.44232941
0.1892021894,0.3006044328,0.002754049376,0.01745306887,1,-0.4358513951,0.01766902395,0.128786236,13.12936974,0.05670239031,-0.2756195068,81.03281403
0.1892021894,0.3054480255,0.001678604051,0.01914717816,1,-0.8480471373,0.01922061853,0.1827201992,22.68503189,0.4216623306,-0.3394627571,84.98977661
0.1892021894,0.3102915883,0.0006888213684,0.01998230256,1,-1.019976139,0.01999417134,0.0003434726968,29.32497787,0.4375461638,-0.02187985182,88.02571106
0.1892021894,0.315135181,-0.001142440713,0.01925481856,1,-0.9055745602,0.01928868145,-0.09137114882,28.67543221,0.001357406378,0.2078221142,93.39552307
0.1892021894,0.3199787438,-0.003690824611,0.0185331367,1,-0.7629215717,0.01889707148,0.1415601373,22.87965965,-0.2127384841,0.3745368123,101.2629471
0.1892021894,0.3248223364,-0.005868126173,0.01812637784,1,-0.4453122616,0.01905257069,0.1320132315,0,-0.5599610209,0.2898988426,107.9385376
0.1892021894,0.3296658993,-0.008559944108,0.01776840538,1,-0.5441222787,0.0197228007,-0.4337202609,0,-0.5547614694,-0.05569261312,115.7224731
0.1892021894,0.3345094621,-0.01119063888,0.01629537717,1,-0.3644318283,0.01976789534,-0.8437379003,0,-0.4713079035,0.1186377406,124.4788284
0.1892021894,0.3393530548,-0.0126079144,0.01310706418,1,-0.2017833143,0.01818666048,-0.8458275795,0,-0.471206665,0.7799838781,133.8879852
0.1892021894,0.3441966176,-0.01445031818,0.008420633152,1,-0.3789038658,0.0167247951,-0.2778081894,0,-0.5084768534,2.130561352,149.7693787
0.1892021894,0.3490402102,-0.01690601185,0.001441938803,1,-1.84032774,0.01696739346,1.148186207,0,0.826331079,4.029805183,175.1249542
0.1940457672,0.237637952,-0.002158481162,-0.02909742855,1,11.61061192,0.02917737886,4.561032295,0,-7.681851387,-9.608259201,-94.24249268
0.1940457672,0.2424815297,0.007356147747,0.005217603873,1,2.365557909,0.009018664248,4.720923901,0,0.1048299074,-4.927464008,35.34749985
0.1940457672,0.2473251075,0.009807034396,0.01763528958,1,-1.062720656,0.02017873526,1.711456776,0,1.602636695,-0.4573026896,60.92144012
0.1940457672,0.2521686852,0.009971273132,0.0157221593,1,-0.6173142791,0.01861753315,0.189004302,0,0.5280039907,1.04613781,57.61640167
0.1940457672,0.257012248,0.009374453686,0.01348370314,1,-0.01695689559,0.01642226055,-0.4306559265,0,-0.8310157061,1.228897929,55.19130325
0.1940457672,0.2618558407,0.005864051636,0.00768398121,1,1.566636324,0.009665953927,-0.6578184962,0,-2.566447496,0.1052019,52.65084076
0.1940457672,0.2666994035,0.004531790968,0.00978795439,1,1.692946196,0.0107861571,0.3060630262,0,-1.974964142,-1.145456791,65.15602112
0.1940457672,0.2715429962,0.00449807616,0.01471453067,1,0.6504477262,0.01538668573,0.6305830479,0,-0.6558537483,-0.9851006269,73.00216675
0.1940457672,0.276386559,0.004505606368,0.01761364378,1,-0.09866958112,0.01818078384,0.2975124717,0,0.06286475807,-0.1647539586,75.65130615
0.1940457672,0.2812301517,0.00432465272,0.016953554,1,0.1163828373,0.01749644615,-0.1013406366,0,-0.1867802441,0.3748124242,75.68969727
0.1940457672,0.2860737145,0.004164631013,0.0153073594,1,0.3133967221,0.01586377621,0.1166974381,0,-0.4098856151,0.1540913731,74.78009033
0.1940457672,0.2909172773,0.003857302712,0.01677243412,1,-0.008506175131,0.01721026748,0.3639210761,0,-0.09801784158,-0.16519472,77.04839325
0.1940457672,0.29576087,0.00364867365,0.01787017286,1,-0.2770516872,0.01823885739,0.4113780558,0,0.004461422563,-0.3561989963,78.46014404
0.1940457672,0.3006044328,0.002536990447,0.02049025334,1,-0.8398906589,0.02064671367,0.7115903497,0,0.4142171741,-0.801217854,82.94187164
0.1940457672,0.3054480255,0.001586891129,0.02519757673,1,-1.39725244,0.02524749748,0.6270347238,0,1.101065516,-0.664904654,86.39638519
0.1940457672,0.3102915883,0.001102386508,0.02674786188,1,-1.608604193,0.02677056938,0.1212682724,0,1.185016394,0.049500186,87.63994598
0.1940457672,0.315135181,-0.0004647896276,0.02554519102,1,-1.577662945,0.02554941922,-0.118695274,0,1.019744396,0.398509562,91.04236603
0.1940457672,0.3199787438,-0.001599935582,0.02424274012,1,-1.696668863,0.02429547906,-0.1029322147,0,0.6609287262,0.9662977457,93.77584076
0.1940457672,0.3248223364,-0.005481477361,0.02036629245,1,-1.604746342,0.0210910514,-0.3586958349,0,-0.6798453927,0.5183500648,105.0638885
0.1940457672,0.3296658993,-0.01266553346,0.01999470033,1,-1.599694967,0.02366862446,-1.231660008,0,-0.6804178357,-0.4636113942,122.3519897
0.1940457672,0.3345094621,-0.01652534679,0.01664620079,1,-0.3718523681,0.02345598303,-1.869630218,0,-0.2269910276,-0.3331662416,134.7912598
0.1940457672,0.3393530548,-0.01556607801,0.0125527177,1,0.8968304992,0.01999683864,-1.263455033,0,0.6679309011,0.04197633266,141.1167755
0.1940457672,0.3441966176,-0.008946303278,0.01032324228,1,1.69295013,0.01366036851,1.408740163,0,2.478571415,0.8639661074,130.912796
0.1940457672,0.3490402102,0.004639010876,0.01519137342,1,-0.03389263153,0.01588389836,5.453228951,0,5.643495083,3.443096876,73.01882935
