PIVlab, ASCII chart output - 13-Mar-2024
FRAME: 52, filenames: A:[52]2 vortices tapados mismo sentido clase 4.mp4 & B:[53]2 vortices tapados mismo sentido clase 4.mp4, conversion factor xy (px -> m): 0.00030272, conversion factor uv (px/frame -> m/s): 0.0090842
x [m],y [m],u [m/s],v [m/s],Vector type [-],vorticity [1/s],magnitude [m/s],divergence [1/s],dcev [1],simple shear [1/s],simple strain [1/s],vector direction [degrees]
0.1262357086,0.237637952,0.005383351818,-0.004692721646,1,0.4378260076,0.007141576149,1.077724934,0,0.77579844,0.908655107,-41.07898712
0.1262357086,0.2424815297,0.008322494105,-0.004283270333,1,0.4537321925,0.009360037744,0.2519991994,0,0.2527323961,0.294377327,-27.23315239
0.1262357086,0.2473251075,0.008805167861,-0.004897983279,1,0.2181450129,0.01007577404,0.06341232359,0,0.07465916872,0.4099326134,-29.08553696
0.1262357086,0.2521686852,0.009740713984,-0.005961668212,1,0.08902521431,0.01142028905,-0.241652444,0,0.1258690357,0.4275265336,-31.46813583
0.1262357086,0.257012248,0.009846023284,-0.008139198646,1,-0.2641411424,0.01277461275,-0.3756096363,0,0.1178228855,0.335647583,-39.57878113
0.1262357086,0.2618558407,0.009032010101,-0.009406697936,1,-0.4125368595,0.01304082666,-0.1161529571,0,0.1358932257,0.2106030434,-46.16413116
0.1262357086,0.2666994035,0.008506078273,-0.009721866809,1,-0.4787932336,0.01291774213,0.08185854554,0,0.1926236451,0.1058164239,-48.8159256
0.1262357086,0.2715429962,0.007645925507,-0.009522739798,1,-0.4447030425,0.01221240126,0.08854940534,0,0.0806837678,0.09764000773,-51.23859024
0.1262357086,0.276386559,0.006742922589,-0.009765897878,1,-0.2599188387,0.01186759304,0.06621411443,0,0.2034051865,0.1450021416,-55.37662888
0.1262357086,0.2812301517,0.007372197229,-0.009904355742,1,-0.1307300478,0.01234688424,0.04593479261,0,0.1929406673,0.01235926524,-53.33825684
0.1262357086,0.2860737145,0.007044244558,-0.009603272192,1,-0.2625488639,0.0119098369,0.1510166973,0,-0.08780781925,-0.06227868423,-53.73900604
0.1262357086,0.2909172773,0.005675222725,-0.008871246129,1,-0.1076288223,0.01053124666,0.1416248679,0,-0.2260974348,0.2155080438,-57.39164352
0.1262357086,0.29576087,0.005427815486,-0.009961131029,1,-0.1008799672,0.01134395506,-0.09459620714,0,0.07689256966,0.4718258977,-61.41405487
0.1262357086,0.3006044328,0.005559037905,-0.01161475573,1,-0.373259604,0.01287654694,-0.1472442299,0,0.04155014455,0.3640364408,-64.4233551
0.1262357086,0.3054480255,0.003821154824,-0.01243755873,1,-0.4723490775,0.01301130652,0.2604693174,0,-0.2675357759,0.500850141,-72.92163086
0.1262357086,0.3102915883,0.001975348219,-0.01277905889,1,-0.2540082633,0.01293082908,0.6086530685,0,-0.2644283473,0.7595398426,-81.2129364
0.1262357086,0.315135181,0.001310066786,-0.01316839084,1,-0.07382638752,0.01323339716,0.03267088532,0,0.06520585716,0.8399356604,-84.31858063
0.1262357086,0.3199787438,0.001933594001,-0.01668910868,1,-0.8232287765,0.01680074818,-0.5817703009,0,0.6724388003,-0.01596519351,-83.3911972
0.1262357086,0.3248223364,0.0005797037738,-0.01590891182,1,-1.037851572,0.01591947116,-0.4074632227,0,-0.1486184597,-0.6784988642,-87.91312408
0.1262357086,0.3296658993,-0.003813165706,-0.01537632663,1,-1.290188313,0.0158420857,0.1784214675,0,-0.4497030675,-0.3423359692,-103.9277725
0.1262357086,0.3345094621,-0.007847569883,-0.01338659041,1,-0.865708828,0.01551725343,0.6970728636,0,-0.2239915431,-0.1336399019,-120.3799515
0.1262357086,0.3393530548,-0.009091214277,-0.01135270484,1,-0.08314749599,0.01454421133,0.5179178715,0,0.1708250046,-0.3471608758,-128.6876526
0.1262357086,0.3441966176,-0.007422897033,-0.009196514264,1,0.7997047305,0.01181842946,-1.588111758,0,1.176597595,-1.33380115,-128.9084778
0.1262357086,0.3490402102,0.0004811595718,-0.01258447766,1,0.3097057343,0.01259367261,-4.988116741,0,2.954010725,-3.589170218,-87.81040192
0.1310792714,0.237637952,0.01019393001,-0.00387422624,1,-0.1884766519,0.01090531237,0.4124395847,0,-0.03789791465,0.7823404074,-20.80940819
0.1310792714,0.2424815297,0.009645698592,-0.004770047963,1,0.01842985302,0.01076070964,0.1100836396,0,-0.06848049909,0.3931901455,-26.3135891
0.1310792714,0.2473251075,0.00995150581,-0.005245474633,1,0.1154686362,0.01124933176,0.11631459,0,-0.002915102988,0.3439134061,-27.79387665
0.1310792714,0.2521686852,0.01019086037,-0.005872440524,1,0.009186137468,0.01176176872,-0.07843796164,0,-0.05094496906,0.3280164897,-29.95251656
0.1310792714,0.257012248,0.009749243967,-0.007214165293,1,-0.2064573765,0.01212814637,-0.2168035358,0,0.01442726701,0.2386613637,-36.50039673
0.1310792714,0.2618558407,0.009260747582,-0.008078520186,1,-0.2537920773,0.01228917949,-0.04141845182,7.357284546,0.0909665823,0.1406115741,-41.09949112
0.1310792714,0.2666994035,0.008960586041,-0.008095841855,1,-0.3302849233,0.01207620651,0.04834849387,9.905901909,0.089984864,0.08382797986,-42.09764481
0.1310792714,0.2715429962,0.008096835576,-0.008250367828,1,-0.3480191827,0.0115597276,0.017453935,10.96130753,-0.00422950089,0.1305906475,-45.53810501
0.1310792714,0.276386559,0.0072544422,-0.008643828332,1,-0.1980791092,0.01128462236,-0.005793601274,5.744579315,0.07761797309,0.1738521457,-49.99451828
0.1310792714,0.2812301517,0.007513372693,-0.00912049599,1,-0.1310821623,0.01181669254,-0.01646145433,0,0.1320538372,0.09425407648,-50.51864624
0.1310792714,0.2860737145,0.007259148639,-0.009180087596,1,-0.2054122537,0.01170338597,0.0640020892,6.154243946,0.004475027323,0.07177636772,-51.66483688
0.1310792714,0.2909172773,0.006540120579,-0.009158151224,1,-0.1093374789,0.01125366241,0.1296849549,0,-0.08014339209,0.2020523846,-54.46819305
0.1310792714,0.29576087,0.006341383327,-0.009530604817,1,-0.1533492357,0.01144751348,0.03469468653,4.325303555,0.05919170007,0.3344784379,-56.36138153
0.1310792714,0.3006044328,0.006084061228,-0.01061017718,1,-0.2290728837,0.01223076694,-0.07278363407,6.242925167,0.08940769732,0.4249767065,-60.16928864
0.1310792714,0.3054480255,0.005664904136,-0.01194154564,1,-0.08747784048,0.01321709715,0.1280610859,0,-0.07670841366,0.581056118,-64.62097931
0.1310792714,0.3102915883,0.005288812332,-0.01280429401,1,-0.1388196647,0.01385357231,0.4571898878,0,-0.3239735663,0.6409671307,-67.55693054
0.1310792714,0.315135181,0.00342332921,-0.01283168513,1,-0.364438951,0.01328048669,0.3661901057,0,-0.6271427274,0.4204134047,-75.06214142
0.1310792714,0.3199787438,0.000486009405,-0.01306692883,1,-0.6916683912,0.01307596453,-0.2087735832,15.53470516,-0.4384028912,-0.0180676952,-87.86993408
0.1310792714,0.3248223364,-0.002050258918,-0.0137553839,1,-0.5764559507,0.01390734129,-0.3625413179,6.788741112,-0.3931042552,-0.3059868217,-98.47759247
0.1310792714,0.3296658993,-0.004210130777,-0.01334085502,1,-0.514565587,0.01398941036,0.07646411657,9.894576073,-0.4006283879,-0.3205354512,-107.5147476
0.1310792714,0.3345094621,-0.006483058445,-0.01183249149,1,-0.4548751414,0.01349214278,0.314314425,0,-0.4674900472,-0.2231428623,-118.7184677
0.1310792714,0.3393530548,-0.008677678183,-0.01073763892,1,-0.8083723187,0.01380575914,0.2390212864,0,-0.8466177583,-0.4936456084,-128.9436035
0.1310792714,0.3441966176,-0.01449913159,-0.008283762261,1,-1.124930859,0.01669866964,-0.1241254508,0,-1.272775173,-1.064977407,-150.2594604
0.1310792714,0.3490402102,-0.02029115334,-0.00618054904,1,-2.064158916,0.02121155523,-1.406869888,0,-0.32746315,-2.275321722,-163.0596161
0.1359228492,0.237637952,0.01117035281,-0.003963382915,1,-0.0974996984,0.01185264438,-0.1101886854,0,-0.07188619673,0.1957190037,-19.53532982
0.1359228492,0.2424815297,0.01076013595,-0.00470422674,1,-0.03698594868,0.01174352039,-0.03546697646,0.175174281,0.008899625391,0.2758731842,-23.61448097
0.1359228492,0.2473251075,0.01103431452,-0.005471383221,1,0.04196556658,0.01231633592,0.0288951546,0.9555743933,-0.00285622105,0.34863621,-26.37459183
0.1359228492,0.2521686852,0.0109495651,-0.006252917461,1,-0.05293876305,0.01260920148,-0.008115082979,0,-0.1705371439,0.3217954934,-29.72919083
0.1359228492,0.257012248,0.00995189324,-0.007069328334,1,-0.1610121429,0.01220719423,-0.04961211234,2.241533041,-0.1356912851,0.2567560077,-35.38808441
0.1359228492,0.2618558407,0.009512458928,-0.007736835163,1,-0.08638452739,0.01226154529,0.007703982294,1.003506541,-0.07994065434,0.1350751817,-39.12273788
0.1359228492,0.2666994035,0.009146284312,-0.007686260622,1,-0.1211207509,0.01194709633,0.05018730834,0,-0.1161974221,0.07511418313,-40.04267883
0.1359228492,0.2715429962,0.008362989873,-0.007857570425,1,-0.2226887494,0.01147523429,-6.302446127e-05,6.185920715,-0.1054484993,0.1536000371,-43.21529007
0.1359228492,0.276386559,0.007556925993,-0.00843053963,1,-0.1233998537,0.01132171042,-0.02913824096,3.780277252,-0.003365669399,0.1303033233,-48.12774277
0.1359228492,0.2812301517,0.007748991251,-0.008629838005,1,-0.03436286747,0.01159831788,-0.02335854433,0,0.06429344416,0.008875640109,-48.07837677
0.1359228492,0.2860737145,0.007701897062,-0.008586668409,1,-0.1949422956,0.01153473463,0.03022545204,5.218669891,0.09853073955,0.05087233707,-48.10916519
0.1359228492,0.2909172773,0.007282015868,-0.008729842491,1,-0.2086139619,0.01136828493,0.09901067615,4.677000046,0.1082820296,0.1702401936,-50.16675568
0.1359228492,0.29576087,0.007215931546,-0.008931674063,1,-0.1166678816,0.01148235518,0.07901236415,0,0.1131361872,0.3561484516,-51.06513214
0.1359228492,0.3006044328,0.0072649098,-0.01007217262,1,-0.08721108735,0.01241883915,-0.01421505213,0,0.0954451859,0.6988368034,-54.19764328
0.1359228492,0.3054480255,0.007255814038,-0.01238539629,1,-0.02315809391,0.01435426343,-0.0129442215,0,0.0292360615,0.7310702801,-59.63668442
0.1359228492,0.3102915883,0.007294348907,-0.01367586479,1,-0.09096290171,0.01549957413,0.1952107996,0,-0.3499875665,0.6195703745,-61.92570496
0.1359228492,0.315135181,0.005120036192,-0.01444081496,1,-0.3687248528,0.01532161515,0.2137118131,0,-0.9648919106,0.5825579166,-70.47788239
0.1359228492,0.3199787438,0.0008348723641,-0.01546239946,1,-0.09212362766,0.01548492163,0.2017176747,0,-1.513795733,0.3214680851,-86.90938568
0.1359228492,0.3248223364,-0.002658359241,-0.01502083521,1,0.0938603878,0.01525425725,0.1091069281,0,-1.297560453,-0.02260056511,-100.0361786
0.1359228492,0.3296658993,-0.004995342344,-0.01482446399,1,0.08058777452,0.01564346999,-0.09201566875,0,-1.060778379,-0.416806221,-108.6220703
0.1359228492,0.3345094621,-0.007405973971,-0.01344769169,1,-0.2072837651,0.0153521616,-0.1394810677,0,-0.8929696083,-0.8180114031,-118.842659
0.1359228492,0.3393530548,-0.01032450516,-0.01153794955,1,-0.4338434935,0.0154828839,-0.1995424926,0,-0.7587515116,-0.9293920994,-131.8231506
0.1359228492,0.3441966176,-0.01318240073,-0.009912608191,1,-0.6090124846,0.01649349742,0.6449680328,0,-0.8422470093,-0.8756600618,-143.0583801
0.1359228492,0.3490402102,-0.01735379361,-0.004172669258,1,-0.8696809411,0.01784839854,1.738741159,0,-0.8527565598,-0.631375134,-166.4800415
0.1407664269,0.237637952,0.01060820278,-0.003750165226,1,-0.07911303639,0.01125156414,-0.3004954457,0,0.162490204,0.02886125445,-19.4692955
0.1407664269,0.2424815297,0.01081012469,-0.004547797609,1,0.1341264248,0.01172779873,0.03381596506,2.278708458,0.1078239754,0.3873577714,-22.81639099
0.1407664269,0.2473251075,0.01178010833,-0.005462572444,1,0.0974040404,0.01298501622,0.04625989497,0,0.08842370659,0.4373426437,-24.8776989
0.1407664269,0.2521686852,0.0117101958,-0.006442037411,1,-0.1068853736,0.01336519886,0.04759997129,0,-0.1052611917,0.3839116693,-28.81616592
0.1407664269,0.257012248,0.0107525615,-0.007091521751,1,-0.1248661727,0.01288049947,0.03896377981,0,-0.2380651981,0.3703864217,-33.40562439
0.1407664269,0.2618558407,0.009952309541,-0.008047308773,1,0.0005635246634,0.01279873587,-0.02213963121,0,-0.2452314198,0.1802879274,-38.95855713
0.1407664269,0.2666994035,0.009567493573,-0.00807199534,1,-0.004862233996,0.0125177484,0.03486029804,0,-0.2246799618,-0.04045660049,-40.15398026
0.1407664269,0.2715429962,0.008840504102,-0.007682505529,1,-0.1951934546,0.0117121907,0.05090956017,1.632177234,-0.1811916381,0.04893542454,-40.99103928
0.1407664269,0.276386559,0.007744443137,-0.008062433451,1,-0.24620381,0.01117941085,-0.01034215838,7.642555714,-0.04227724671,0.1878875494,-46.15247345
0.1407664269,0.2812301517,0.007443223614,-0.008642646484,1,-0.1144022048,0.0114060035,0.02804748155,1.789045811,0.0953066051,-0.03467585146,-49.26429367
0.1407664269,0.2860737145,0.007651952095,-0.007758628111,1,-0.1082249433,0.01089718658,0.05583816022,0,0.1910223514,-0.1546279192,-45.39661026
0.1407664269,0.2909172773,0.0078442581,-0.007623240817,1,-0.1726744622,0.01093828958,-0.001654997468,0,0.3372566104,0.1343813837,-44.18134689
0.1407664269,0.29576087,0.008449118584,-0.008417530917,1,-0.0605340302,0.0119265439,0.0891751796,0,0.3817473948,0.5231986642,-44.89269638
0.1407664269,0.3006044328,0.009400079958,-0.009725467302,1,-0.1601673067,0.01352576073,0.06430277228,0,0.3034673631,0.7394729853,-45.9746933
0.1407664269,0.3054480255,0.009143203497,-0.01168777049,1,-0.2453552783,0.01483920962,-0.005104094744,3.928188086,0.2113284767,0.8895719051,-51.96435547
0.1407664269,0.3102915883,0.009235268459,-0.01405890007,1,-0.1869010478,0.01682090573,0.0232115984,0,-0.1977485269,0.8555500507,-56.6991539
0.1407664269,0.315135181,0.00728012342,-0.01571926661,1,-0.3792321682,0.01732326485,-0.0947009325,0,-0.9039449692,1.122169852,-65.14955902
0.1407664269,0.3199787438,0.003020100296,-0.01995290816,1,-0.201698184,0.02018017694,0.1721381247,0,-1.638136387,1.158097863,-81.39295959
0.1407664269,0.3248223364,-0.001631258638,-0.02049483918,1,-0.1209349036,0.0205596555,0.3043136597,0,-1.880632877,0.08056217432,-94.55078125
0.1407664269,0.3296658993,-0.006674649194,-0.01886915043,1,-0.4902029634,0.02001488954,0.1549167037,0,-1.468993068,-0.947820127,-109.4803848
0.1407664269,0.3345094621,-0.01112074777,-0.01515366416,1,-0.4779368341,0.01879639737,-0.1279354692,0,-1.064540982,-1.481850863,-126.2736511
0.1407664269,0.3393530548,-0.0141457608,-0.01231135614,1,-0.3505939245,0.01875292137,-0.3240755796,0,-0.5775957108,-1.509193778,-138.9662628
0.1407664269,0.3441966176,-0.01561650634,-0.009413451888,1,-0.2258554995,0.01823426224,0.03510075808,6.736569881,0.06445019692,-1.247583628,-148.9189148
0.1407664269,0.3490402102,-0.01492753997,-0.006098574493,1,0.2900784314,0.01612526178,1.245907545,0,-0.005592763424,-0.1228604913,-157.777771
0.1456100047,0.237637952,0.009854671545,-0.00279315887,1,0.3712500632,0.01024286449,-0.5373676419,0,0.8449798226,0.3043513596,-15.82458687
0.1456100047,0.2424815297,0.01280012354,-0.004831624683,1,0.3171007037,0.01368165761,-0.07237108052,0,0.4100497365,0.4895526767,-20.6798687
0.1456100047,0.2473251075,0.01337668113,-0.005514880177,1,-0.03612419963,0.01446891483,0.1021139324,0,0.08557146788,0.3939283788,-22.40516281
0.1456100047,0.2521686852,0.01303962525,-0.006245050579,1,-0.2215782404,0.01445795596,0.00366307795,6.561531067,-0.07615012676,0.43779248,-25.59109688
0.1456100047,0.257012248,0.01193461288,-0.00761761656,1,-0.2017542422,0.0141584985,-0.1108623445,0,-0.3683125675,0.4429248869,-32.54924774
0.1456100047,0.2618558407,0.01027846243,-0.00892736204,1,-0.1273654252,0.01361413114,-0.05122744292,0,-0.4539062977,0.1827624738,-40.97595596
0.1456100047,0.2666994035,0.009119178168,-0.008750964887,1,0.03863824904,0.01263878122,0.02713415027,0,-0.3342597485,-0.2077357322,-43.81959152
0.1456100047,0.2715429962,0.008846596815,-0.007789751515,1,-0.04610876739,0.01178738754,0.09407038242,0,-0.09888680279,-0.1760108471,-41.36509705
0.1456100047,0.276386559,0.008416880853,-0.00744280545,1,-0.2540709376,0.01123562362,0.02460033633,7.948207378,0.02083208412,-0.01166509278,-41.48540497
0.1456100047,0.2812301517,0.007716886234,-0.007614097092,1,-0.3223466575,0.01084088534,0.001201892272,9.880033493,0.07594209909,-0.06188465655,-44.61585617
0.1456100047,0.2860737145,0.007223401219,-0.007137240842,1,-0.1230119616,0.01015468966,0.09034568071,0,0.1659555882,-0.1892306209,-44.65624237
0.1456100047,0.2909172773,0.00792488642,-0.006259951741,1,0.09540130198,0.01009905059,0.03022192605,0,0.5154303908,-0.04158268869,-38.30558395
0.1456100047,0.29576087,0.01018201187,-0.006789449602,1,-0.005874365568,0.01223805547,0.03073978424,0,0.6733920574,0.3541722298,-33.69568253
0.1456100047,0.3006044328,0.01115806028,-0.007826521993,1,-0.3066850305,0.0136292614,-0.05947974324,0,0.5870131254,0.6391698122,-35.04671097
0.1456100047,0.3054480255,0.01153980289,-0.01017341297,1,-0.4234073758,0.01538393274,-0.1063973308,0,0.5044712424,1.112099409,-41.39918518
0.1456100047,0.3102915883,0.01155069936,-0.01372840535,1,-0.4934850931,0.01794123091,-0.03732854128,14.24120522,0.1955356747,1.368427515,-49.92367172
0.1456100047,0.315135181,0.01009666175,-0.01698230207,1,-0.4942466915,0.01975705288,-0.178022027,7.860875607,-0.3878957331,1.616414785,-59.26681519
0.1456100047,0.3199787438,0.007277973928,-0.0224198997,1,-0.9608213902,0.02357161045,0.3689044714,0,-1.287691116,1.723640084,-72.01547241
0.1456100047,0.3248223364,-0.00079418323,-0.02354406938,1,-1.125160694,0.02355745994,0.8798555136,0,-2.201678991,0.290500015,-91.93195343
0.1456100047,0.3296658993,-0.008835831657,-0.01956531033,1,-0.9007211328,0.02146795951,-0.05614960194,0,-2.074137688,-1.554037571,-114.3042679
0.1456100047,0.3345094621,-0.01520309877,-0.01628895476,1,-0.7356435061,0.02228147723,-0.6346581578,0,-1.404975772,-2.064976931,-133.0252075
0.1456100047,0.3393530548,-0.01920408756,-0.01263745036,1,-0.5029730201,0.02298917435,-0.269235611,9.722997665,-0.2923187017,-1.875995159,-146.6526794
0.1456100047,0.3441966176,-0.01905515604,-0.008506489918,1,0.5081923008,0.0208676625,-0.02984601259,0,0.9968644381,-1.481804609,-155.9433441
0.1456100047,0.3490402102,-0.01191422809,-0.005604775622,1,1.200737715,0.01316671353,1.105783701,0,1.747870207,-0.09238237143,-154.806427
0.1504535824,0.237637952,0.009479570203,-0.001455618185,1,0.3599648774,0.009590676986,-0.5084796548,0,1.023808122,0.5824385285,-8.729763985
0.1504535824,0.2424815297,0.01283077616,-0.00409759162,1,0.2070976496,0.01346919034,-0.2380850315,0,0.7639113665,0.4674909115,-17.71121979
0.1504535824,0.2473251075,0.01418272778,-0.004873130005,1,-0.1082443669,0.0149965724,0.04663401842,0,0.318346113,0.3852377534,-18.9625206
0.1504535824,0.2521686852,0.01384842023,-0.005737645086,1,-0.3379203677,0.01498997398,-0.04881596565,10.47657585,-0.03820620477,0.5757501721,-22.50509071
0.1504535824,0.257012248,0.01236093231,-0.007898259908,1,-0.2734374404,0.01466885023,-0.1663560122,0,-0.3994144797,0.6370356083,-32.57734299
0.1504535824,0.2618558407,0.01058940962,-0.009628934786,1,-0.4017484486,0.01431265101,-0.2885208726,0,-0.3555835783,0.1202463582,-42.28020096
0.1504535824,0.2666994035,0.008692735806,-0.009878155775,1,-0.3027236164,0.01315832883,0.03243035078,8.398159981,-0.1402940452,-0.3166493475,-48.65235519
0.1504535824,0.2715429962,0.008443619125,-0.007938140072,1,-0.05552077293,0.01158916578,0.2254707962,0,-0.1273275018,-0.4243043661,-43.23262787
0.1504535824,0.276386559,0.007807096001,-0.006730919238,1,-0.2498160005,0.01030805614,-0.1071002334,7.096786022,-0.01740739495,-0.3599373102,-40.76639938
0.1504535824,0.2812301517,0.007149301935,-0.006713503972,1,-0.2891557217,0.0098073259,-0.1946831048,4.534242153,0.1582399607,-0.2714709342,-43.1994133
0.1504535824,0.2860737145,0.007172995247,-0.006358991377,1,-0.2301124781,0.00958585646,0.01960381866,0,0.3622320294,-0.2126026452,-41.55757523
0.1504535824,0.2909172773,0.007789231371,-0.005588797387,1,0.0395886898,0.009586802684,0.06368887424,0,0.6087904572,-0.1905736923,-35.65955734
0.1504535824,0.29576087,0.01031346992,-0.005127450917,1,0.07692885399,0.01151774358,-0.09533650428,0,0.8353352547,-0.1349821091,-26.43475533
0.1504535824,0.3006044328,0.01220785361,-0.005396770779,1,-0.1768780351,0.01334754005,-0.04682177305,0,0.9409680367,0.3797363341,-23.84895897
0.1504535824,0.3054480255,0.01401439961,-0.007193518337,1,-0.4826177955,0.01575278118,-0.09922233224,0,1.200000048,1.00013113,-27.17119408
0.1504535824,0.3102915883,0.01568255015,-0.01072157454,1,-1.0916152,0.01899722405,-0.200555861,0,1.139656305,1.453310251,-34.3589592
0.1504535824,0.315135181,0.01424709056,-0.01520414744,1,-1.374642849,0.02083616331,-0.1092945337,33.82458878,0.8529112339,2.123466492,-46.86124802
0.1504535824,0.3199787438,0.01315550227,-0.02153612673,1,-2.240704298,0.02523632348,0.163936615,70.35398865,0.1328325272,2.332765579,-58.58101654
0.1504535824,0.3248223364,0.004037449602,-0.0257090386,1,-3.618376255,0.02602413669,0.9188021421,88.62975311,-2.085923195,1.541597486,-81.07493591
0.1504535824,0.3296658993,-0.0144737158,-0.02455268428,1,-3.505270958,0.02850127593,-0.5996899605,80.57190704,-2.323927402,-2.109613895,-120.5191803
0.1504535824,0.3345094621,-0.02419663966,-0.01839562692,1,-1.89217782,0.03039533645,0.1239827871,59.26021957,-0.185343802,-2.614003181,-142.7559052
0.1504535824,0.3393530548,-0.0245363526,-0.01129103545,1,-0.6653482914,0.02700962871,-0.04040825367,0,0.9251430035,-2.383530855,-155.2892609
0.1504535824,0.3441966176,-0.02293830365,-0.007046530489,1,0.8380602002,0.0239962358,-0.1383404136,0,2.159166574,-1.757503033,-162.9233093
0.1504535824,0.3490402102,-0.01001905184,-0.003448495409,1,2.031555653,0.0105959205,0.2679332495,0,3.30301857,-1.217755318,-161.0068665
0.1552971601,0.237637952,0.01021289732,0.0004222174757,1,0.4521251619,0.01022162102,-0.1180847883,0,1.074998617,0.9376933575,2.367350817
0.1552971601,0.2424815297,0.01391126867,-0.002134654205,1,0.2157533765,0.01407409459,-0.1182819307,0,0.8693098426,0.6808946133,-8.72386837
0.1552971601,0.2473251075,0.01546848565,-0.003448656062,1,-0.09679163992,0.01584825851,0.04783141613,0,0.4437672496,0.5967453718,-12.56838608
0.1552971601,0.2521686852,0.01559187192,-0.004793361761,1,-0.3523239195,0.01631204411,-0.112218231,10.11268425,0.0934034586,0.8744795918,-17.08884048
0.1552971601,0.257012248,0.01421438623,-0.008227796294,1,-1.009269118,0.01642392762,-0.2077165991,30.08460236,-0.2560063899,0.599619925,-30.06379509
0.1552971601,0.2618558407,0.009463411756,-0.00870375894,1,-1.225440145,0.01285735518,-0.08355358988,38.39988327,-0.1107301712,-0.1379703283,-42.60559464
0.1552971601,0.2666994035,0.007742541377,-0.007964224555,1,-0.7177966833,0.01110746711,-0.0527337715,18.89899445,0.3916161954,-0.1696320474,-45.80860901
0.1552971601,0.2715429962,0.007883531041,-0.008137552999,1,-0.5248721838,0.0113300411,0.05688840151,15.23736,0.1970580369,-0.2831718326,-45.90837479
0.1552971601,0.276386559,0.006154748145,-0.00631711632,1,-0.6596310735,0.00881968718,-0.07357680798,20.05587006,0.1590717137,-0.629044652,-45.74587631
0.1552971601,0.2812301517,0.005459032953,-0.005447101314,1,-0.4705800414,0.007711805869,-0.1671610028,0,0.4982142746,-0.5901834965,-44.93731689
0.1552971601,0.2860737145,0.006288596429,-0.00426817406,1,-0.3487761915,0.007600246929,-0.05188778043,0,0.7309901714,-0.4532705247,-34.1653862
0.1552971601,0.2909172773,0.007310309913,-0.00350297871,1,-0.2514547408,0.008106262423,-0.06579203904,0,0.8249666691,-0.303658545,-25.6029644
0.1552971601,0.29576087,0.009066445753,-0.003116049105,1,-0.07948851585,0.009586980566,-0.1168678105,0,1.206805587,-0.3420796692,-18.96734619
0.1552971601,0.3006044328,0.01277055778,-0.002412147587,1,-0.04944950342,0.01299636811,0.0685698241,0,1.461004972,-0.1569920331,-10.69621277
0.1552971601,0.3054480255,0.01590342447,-0.002023522742,1,-0.6475808024,0.01603164338,0.1467010677,0,1.648484468,0.2517722547,-7.251247406
0.1552971601,0.3102915883,0.01761851273,-0.00292106811,1,-1.411592722,0.0178590212,-0.08696898818,0,2.226906776,0.7738507986,-9.413743973
0.1552971601,0.315135181,0.01985246129,-0.006192970555,1,-2.067466497,0.02079598792,-0.08316922188,0,2.429271936,1.569002271,-17.32530022
0.1552971601,0.3199787438,0.01937094517,-0.010923489,1,-3.733405113,0.02223861776,-0.2674854398,100.4163742,1.931119919,1.782351255,-29.41913033
0.1552971601,0.3248223364,0.01112295315,-0.01612151414,1,-7.397438049,0.0195863042,0.5058413148,229.9854736,-1.135408401,1.108679056,-55.39647293
0.1552971601,0.3296658993,-0.02195855603,-0.01384338085,1,-7.186817169,0.0259579923,0.02130776644,225.459198,-0.7384765148,-1.650961637,-147.771347
0.1552971601,0.3345094621,-0.02726370655,-0.008021771908,1,-3.260694027,0.02841933258,0.4626948237,91.63912201,1.405439496,-1.37677145,-163.6045837
0.1552971601,0.3393530548,-0.03094462492,-0.004933782388,1,-1.747363687,0.03133547679,-0.08146226406,25.53936195,1.546248913,-1.302494168,-170.9410553
0.1552971601,0.3441966176,-0.02823782153,-0.002107609063,1,0.2839214802,0.02831636555,-0.2306471467,0,2.695252419,-1.363577724,-175.7314758
0.1552971601,0.3490402102,-0.0165147651,0.0005536549143,1,1.689129233,0.01652404293,-0.8320271373,0,3.151515484,-1.930907249,178.0798798
0.1601407379,0.237637952,0.01344940811,0.001561317942,1,0.5620625019,0.01353972964,-0.2751070559,0,0.3077186644,0.754445076,6.621726036
0.1601407379,0.2424815297,0.0155558344,-0.0009320399258,1,0.1080207825,0.01558373123,-0.2337995619,0,0.6879563928,0.5540909171,-3.428822041
0.1601407379,0.2473251075,0.01730478555,-0.002254890976,1,-0.06560133398,0.0174510777,-0.1048965305,0,0.4753516912,0.4415363073,-7.424066544
0.1601407379,0.2521686852,0.01754049212,-0.003578729928,1,-0.7112978101,0.017901849,-0.04506261647,22.23635674,0.08249741793,0.3667993546,-11.53160286
0.1601407379,0.257012248,0.01425914653,-0.004249773454,1,-1.689600825,0.01487897243,-0.04477631301,53.25827408,0.03296369314,0.0896327123,-16.59607887
0.1601407379,0.2618558407,0.009516441263,-0.004229750484,1,-1.491240025,0.01041409839,0.1488201022,46.6440239,0.1196388602,0.2014371157,-23.96359825
0.1601407379,0.2666994035,0.007615689654,-0.004504628014,1,-0.8411929607,0.008848186582,0.05367141962,23.3883419,0.3934158087,0.09737144411,-30.60402107
0.1601407379,0.2715429962,0.007347597741,-0.00444141496,1,-1.047507524,0.008585648611,0.02892386913,30.71819115,0.3844035268,-0.3301411867,-31.15177155
0.1601407379,0.276386559,0.004403894302,-0.002765468555,1,-1.086277843,0.005200202111,0.03497928381,33.01497269,0.2879934311,-0.4647218585,-32.12717056
0.1601407379,0.2812301517,0.003481045133,-0.002021073597,1,-0.5730686784,0.004025222268,-0.09596893191,0,0.6396160722,-0.4338202775,-30.13919067
0.1601407379,0.2860737145,0.004726221785,-0.001129059237,1,-0.2987099886,0.004859212786,-0.09167185426,0,0.8187246323,-0.4315057695,-13.4357233
0.1601407379,0.2909172773,0.005999768618,-0.0003750667092,1,-0.3202309906,0.006011480466,0.03489930928,0,1.014820933,-0.4258910418,-3.577106714
0.1601407379,0.29576087,0.00809052214,0.001102814567,1,-0.2310268283,0.008165338077,0.07088366151,0,1.424319267,-0.4027950764,7.762117863
0.1601407379,0.3006044328,0.01177957375,0.001919233124,1,-0.04238337278,0.01193489879,0.05854162574,0,1.663894296,-0.5246715546,9.253827095
0.1601407379,0.3054480255,0.01594443619,0.003927652724,1,-0.3491414785,0.01642106846,0.2418364286,0,1.84182775,-0.7868551016,13.83837032
0.1601407379,0.3102915883,0.01900951564,0.006901780609,1,-1.008526206,0.02022365481,-0.005726963282,0,2.143927097,-0.5525339842,19.95442772
0.1601407379,0.315135181,0.02144383825,0.006576155312,1,-2.034114838,0.02242953517,-0.6690909266,0,2.34036684,-0.4623553157,17.04914093
0.1601407379,0.3199787438,0.02049287222,0.005900440738,1,-4.302937508,0.02132540755,-0.5661412477,112.8124695,2.32375288,-0.1626037359,16.06251144
0.1601407379,0.3248223364,0.01185750496,0.004621590022,1,-8.147893906,0.01272633206,-0.7232155204,255,-0.7009255886,-0.8842359185,21.29388428
0.1601407379,0.3296658993,-0.02236707136,0.006680355407,1,-7.834988594,0.02334337309,0.4716450274,246.1023407,-0.5228145123,0.5576226711,163.3707275
0.1601407379,0.3345094621,-0.02862404101,0.004205151927,1,-3.565335274,0.02893128246,0.1177030355,98.18849945,1.733511448,0.5344449878,171.6424713
0.1601407379,0.3393530548,-0.03123965301,0.004661833402,1,-2.214986086,0.03158557415,0.6283559203,35.82930756,1.794632673,0.5400355458,171.5124969
0.1601407379,0.3441966176,-0.03066005558,0.004632938653,1,-0.5345572233,0.03100811318,0.2381228209,0,2.152805805,0.450186491,171.4072266
0.1601407379,0.3490402102,-0.02340153977,0.003634686582,1,1.094571352,0.02368212305,-0.6022772789,0,1.902590513,-0.1900823861,171.171463
0.1649843156,0.237637952,0.01253460813,-0.0008097165846,1,0.9598938227,0.01256073359,-0.02580803633,0,0.2491366863,-0.6385887861,-3.696084738
0.1649843156,0.2424815297,0.01546262484,0.0006743090344,1,0.1268745065,0.01547732111,-0.1608945429,0,0.8154905438,-0.1570148766,2.497027636
0.1649843156,0.2473251075,0.01709902659,-0.0008285080548,1,-0.3608891964,0.01711908542,-0.3582651019,0,0.7093101144,-0.02321071923,-2.774012804
0.1649843156,0.2521686852,0.01715022884,-0.0009485527989,1,-1.019100308,0.01717643999,-0.04519703239,28.50908279,0.4683960378,-0.2401124835,-3.165716171
0.1649843156,0.257012248,0.01443165168,0.0001155786595,1,-1.424394846,0.01443211455,0.05126421154,44.50213242,0.1876397729,0.04151698947,0.4588544667
0.1649843156,0.2618558407,0.01115990989,-0.0009013413801,1,-1.248963356,0.01119624916,0.0909306407,39.28108215,0.0189794898,0.524469614,-4.617528439
0.1649843156,0.2666994035,0.008474129252,-0.001984301023,1,-1.070510626,0.008703351021,0.1290313751,33.38774872,0.0928555131,0.1911010891,-13.17892647
0.1649843156,0.2715429962,0.006424561609,-0.001201980864,1,-1.144832611,0.006536034402,0.07841958106,35.24234772,0.2362330258,-0.4013031721,-10.59704304
0.1649843156,0.276386559,0.004073256627,0.0003392734507,1,-0.9989215732,0.004087361507,0.1593017727,29.91454315,0.2697903514,-0.1769398004,4.761342525
0.1649843156,0.2812301517,0.002892957767,0.0004266313044,1,-0.6584506631,0.002924246714,0.03411114216,8.984812737,0.5926497579,-0.1320747137,8.389077187
0.1649843156,0.2860737145,0.003754545003,0.001144207548,1,-0.4162147343,0.003925024997,0.05416440964,0,0.9372265339,-0.4695858657,16.94874001
0.1649843156,0.2909172773,0.005416511092,0.002963448642,1,-0.3148732483,0.00617418997,0.3056829572,0,1.079651356,-0.4700950384,28.6836834
0.1649843156,0.29576087,0.007458806969,0.004901748616,1,-0.2124053836,0.008925297298,0.1485043168,0,1.264584303,-0.4479333162,33.31195831
0.1649843156,0.3006044328,0.01051282138,0.005852340721,1,-0.2093638778,0.01203201152,0.02413010597,0,1.407812119,-0.7370547056,29.10407829
0.1649843156,0.3054480255,0.01326358411,0.008588606492,1,-0.4316844344,0.0158014819,0.06478023529,0,1.340456963,-1.276324034,32.92438507
0.1649843156,0.3102915883,0.01491453219,0.01234808378,1,-0.8100540042,0.019362811,-0.1780696511,0,1.038940549,-1.500762224,39.62213898
0.1649843156,0.315135181,0.01437221374,0.01499517076,1,-1.218060017,0.02077054791,-0.2483050227,0,1.40938139,-2.070370674,46.21520233
0.1649843156,0.3199787438,0.01584121212,0.0211734008,1,-2.904040337,0.02644346654,-0.6068751812,87.36500549,0.6257500648,-1.629524946,53.19742584
0.1649843156,0.3248223364,0.003337137168,0.01994845457,1,-5.837051392,0.02022566088,-1.258992553,177.3076935,-0.9377815723,-1.341638684,80.50304413
0.1649843156,0.3296658993,-0.01697321795,0.02157370374,1,-5.212875366,0.02745022438,0.6327906251,162.5633392,-0.4528121948,1.108649015,128.1940765
0.1649843156,0.3345094621,-0.02410497703,0.01764360443,1,-3.005239725,0.02987217344,0.07599544525,85.58384705,1.289108992,1.539084435,143.7977905
0.1649843156,0.3393530548,-0.02528543025,0.01448711846,1,-1.554388523,0.0291415453,0.1595056653,21.3938427,1.389435053,1.549957514,150.189743
0.1649843156,0.3441966176,-0.0249039419,0.01090884302,1,-0.4233573079,0.02718839981,0.06293392181,0,1.44178009,2.131603241,156.3448029
0.1649843156,0.3490402102,-0.02035262063,0.004467357881,1,0.9828054905,0.0208371412,-0.4366716146,0,0.8965108395,2.223124981,167.6200256
0.1698278934,0.237637952,0.01023135055,-0.001881289645,1,0.6526133418,0.01040287409,0.859869957,0,0.9101426601,-0.9093242884,-10.41888142
0.1698278934,0.2424815297,0.01401601546,0.002403325401,1,0.04248464108,0.01422057208,0.2419584394,0,1.03641355,-0.7511075735,9.729881287
0.1698278934,0.2473251075,0.01545707788,0.002928702626,1,-0.5920966268,0.01573208719,-0.0417136699,0,1.034446955,-0.2941611409,10.72883415
0.1698278934,0.2521686852,0.01615857333,0.003626074409,1,-0.9232946634,0.01656043157,0.0462314412,16.0615139,0.7687519193,-0.08374261111,12.64796352
0.1698278934,0.257012248,0.01470853947,0.003558241064,1,-1.080445886,0.0151328193,-0.02068212628,32.49551773,0.324518472,0.3332804739,13.59952545
0.1698278934,0.2618558407,0.01249718014,0.001911629108,1,-1.35472393,0.01264254004,-0.06858049333,42.15142822,0.2104739547,0.4327049255,8.696826935
0.1698278934,0.2666994035,0.009166276082,0.001130226185,1,-1.561737537,0.009235693142,0.06791687757,48.89503098,0.1756765842,-0.001505993307,7.029242039
0.1698278934,0.2715429962,0.005783685949,0.002247884171,1,-1.329826593,0.006205159239,0.0873721838,40.54352188,0.3289521933,-0.3770387173,21.23908615
0.1698278934,0.276386559,0.00431846315,0.003379636444,1,-1.077332973,0.005483709276,0.1170672178,29.80256081,0.5039686561,-0.2526686788,38.04679489
0.1698278934,0.2812301517,0.003006550949,0.004038728774,1,-1.002922297,0.005034945905,0.1468078792,23.02810097,0.6716863513,-0.2757727504,53.3348999
0.1698278934,0.2860737145,0.00271409587,0.005426438525,1,-0.6336853504,0.006067334674,0.02540783584,0,1.087251186,-0.4578505754,63.42753983
0.1698278934,0.2909172773,0.005203425884,0.006379421335,1,-0.2245739996,0.008232414722,0.1368101835,0,1.035156369,-0.4475286007,50.79732513
0.1698278934,0.29576087,0.006640214473,0.008256728761,1,-0.315045774,0.01059556566,0.09693801403,0,0.9598258138,-0.5993921757,51.19311523
0.1698278934,0.3006044328,0.008326468058,0.009752150625,1,-0.4302609861,0.01282320265,0.01201963425,0,1.139657021,-0.8663452864,49.50902176
0.1698278934,0.3054480255,0.01007622946,0.01251115743,1,-0.4668179452,0.01606423035,0.01845222712,0,0.9935969114,-1.2420578,51.15274811
0.1698278934,0.3102915883,0.01087796316,0.0158575289,1,-0.5619867444,0.0192299597,-0.1252410412,0,0.5902556777,-1.527348042,55.55062103
0.1698278934,0.315135181,0.01021315251,0.01930237189,1,-0.6307919621,0.02183781192,-0.1272771358,15.37624168,0.3794757724,-1.601337433,62.11606216
0.1698278934,0.3199787438,0.009660693817,0.02299725451,1,-1.496356368,0.02494399063,-0.160101831,40.24755478,-0.7647836208,-2.028392315,67.21369171
0.1698278934,0.3248223364,-0.0007388548693,0.02835158259,1,-3.367416382,0.02836120874,0.07206332684,95.0009613,-1.503562927,-1.319229722,91.49281311
0.1698278934,0.3296658993,-0.01393227279,0.02973609045,1,-2.609958649,0.03283813596,0.4522918761,65.09372711,-1.532120705,1.143192172,115.104538
0.1698278934,0.3345094621,-0.02080127597,0.02500516362,1,-1.554771423,0.03252616152,-0.1792573929,47.72279358,-0.3090289235,2.053723812,129.7563782
0.1698278934,0.3393530548,-0.02295973524,0.01892047189,1,-0.4040866196,0.02975119464,-0.3275875449,0,0.5631905198,2.01330328,140.5090332
0.1698278934,0.3441966176,-0.02003064379,0.01366687659,1,0.4597039819,0.02424892038,-0.8499519825,0,1.235534668,2.392230034,145.6943512
0.1698278934,0.3490402102,-0.01474871486,0.003216712037,1,0.6792029142,0.01509542391,-1.71457231,0,1.501793504,2.600474358,167.6963806
0.1746714562,0.237637952,0.0122950729,0.0004376446886,1,-0.4986618161,0.01230285969,0.9670157433,0,0.7883041501,-1.118561983,2.038589954
0.1746714562,0.2424815297,0.0129965255,0.005488473456,1,-0.3381207585,0.01410790533,0.5857093334,0,0.994065702,-0.7794231176,22.89448547
0.1746714562,0.2473251075,0.01547219325,0.007049770094,1,-0.308552593,0.01700258814,0.2176543474,0,1.12861073,-0.1454079449,24.49596977
0.1746714562,0.2521686852,0.01696854085,0.007246993948,1,-0.6285076737,0.01845129579,-0.02907829359,0,0.7262765765,-0.002414510585,23.1265564
0.1746714562,0.257012248,0.01594574377,0.006920622196,1,-1.166696548,0.01738280058,-0.05319263786,35.23843002,0.331576556,0.06390879303,23.46135521
0.1746714562,0.2618558407,0.01292357221,0.006679804064,1,-1.724764824,0.01454780065,-0.04803300276,53.8068428,0.248593986,0.05305670574,27.33307648
0.1746714562,0.2666994035,0.008795795031,0.006430986337,1,-1.842381716,0.01089603547,0.002733816393,57.72343063,0.2109367251,-0.02877739817,36.17215729
0.1746714562,0.2715429962,0.005021541379,0.006832431071,1,-1.506948829,0.00847926829,0.06710712612,45.80450821,0.3963372707,-0.2565034032,53.68572617
0.1746714562,0.276386559,0.003416461404,0.007998418994,1,-1.239519954,0.008697523735,0.007497578859,32.86634827,0.671090126,-0.3445738256,66.87063599
0.1746714562,0.2812301517,0.002268307377,0.008537716232,1,-1.164544821,0.008833901025,-0.02335758507,26.62270164,0.801903069,-0.3291781545,75.12133026
0.1746714562,0.2860737145,0.001659978181,0.009479684755,1,-0.6415174603,0.009623926133,-0.2280851454,0,0.9807754159,-0.3369564712,80.06769562
0.1746714562,0.2909172773,0.003911524545,0.009065041319,1,-0.2838500738,0.009872942232,-0.1987565607,0,0.9786168337,-0.5284702182,66.66002655
0.1746714562,0.29576087,0.005025134888,0.01107667852,1,-0.2586582601,0.0121632563,0.1280824542,0,0.7672307491,-0.7785423994,65.59772491
0.1746714562,0.3006044328,0.006374835037,0.01345634926,1,-0.3832404613,0.01488999184,0.1255301535,0,0.8605384827,-0.8211977482,64.65113068
0.1746714562,0.3054480255,0.007336964831,0.01566222869,1,-0.4767388105,0.01729556173,-0.02659702301,0,0.5872491598,-0.9500263929,64.89927673
0.1746714562,0.3102915883,0.006910100579,0.01792905107,1,-0.3710798621,0.01921458729,-0.2325318754,8.614756584,0.09495806694,-1.105077982,68.92266083
0.1746714562,0.315135181,0.005999547429,0.01988847367,1,-0.1450895071,0.02077368461,-0.01554256678,0,-0.1994932592,-1.41693902,73.21356201
0.1746714562,0.3199787438,0.005241087172,0.02471682429,1,-0.7204002142,0.02526638843,0.04654377699,0,-1.076442719,-1.829690218,78.0280304
0.1746714562,0.3248223364,-0.002703601029,0.02897615917,1,-0.9219024181,0.02910201438,0.03667968512,0,-2.068958282,-0.392231375,95.33050537
0.1746714562,0.3296658993,-0.009245378897,0.02679428831,1,-0.5179765224,0.02834450454,0.1768921614,0,-2.026073456,1.270862341,109.0370102
0.1746714562,0.3345094621,-0.01502586715,0.02367744595,1,-0.3192642033,0.02804279141,0.2424227595,0,-1.306634903,1.816072464,122.3994904
0.1746714562,0.3393530548,-0.01712054759,0.01917219348,1,-0.07474584877,0.02570381574,0.1324655414,0,-0.4223957062,1.992828369,131.7644958
0.1746714562,0.3441966176,-0.01743381098,0.01466663368,1,-0.01133777946,0.02278262191,-0.4816764593,0,0.2299480736,1.73167932,139.9269409
0.1746714562,0.3490402102,-0.01606169157,0.008451633155,1,-0.7092039585,0.0181496013,-1.154230833,0,1.275774956,1.412046194,152.2467346
0.179515034,0.237637952,0.009497325867,0.004352220334,1,0.009935975075,0.0104470579,0.7801115513,0,1.468484879,-1.079523802,24.61997032
0.179515034,0.2424815297,0.01307774894,0.008855864406,1,0.1827491224,0.01579410769,0.4707710445,0,1.119941354,-0.6724920869,34.10469818
0.179515034,0.2473251075,0.01580700837,0.009889704175,1,-0.09251958132,0.01864585094,0.02922423184,0,0.6970906258,-0.2458209842,32.0322876
0.179515034,0.2521686852,0.01600603573,0.01018806733,1,-0.6252920032,0.01897340082,-0.2017952949,13.48454857,0.4092190862,-0.3928791285,32.47732925
0.179515034,0.257012248,0.01476044394,0.01081523206,1,-1.100100517,0.01829863153,-0.09498894215,32.41353989,0.3806895912,-0.3595999181,36.23087692
0.179515034,0.2618558407,0.01252151281,0.01146973111,1,-1.402881145,0.0169806648,-0.02190471441,43.6821785,0.2218715549,-0.07566386461,42.48974609
0.179515034,0.2666994035,0.009040132165,0.01107561868,1,-1.615876436,0.01429661922,0.08516604453,50.87891388,0.03539580107,0.08581576496,50.77802277
0.179515034,0.2715429962,0.004866331816,0.01146658417,1,-1.544858217,0.01245647389,0.1522134691,47.92525482,0.2329516411,-0.1694892496,67.0039978
0.179515034,0.276386559,0.002685810672,0.01263381075,1,-1.275096774,0.01291614305,0.1028942317,36.30607224,0.5385930538,-0.3300033808,77.99822235
0.179515034,0.2812301517,0.001299019204,0.01356335729,1,-1.192308664,0.01362542156,-0.04745589942,31.82904243,0.6331076026,-0.1817197502,84.52923584
0.179515034,0.2860737145,-2.27229848e-05,0.01328412816,1,-0.7157138586,0.01328414772,-0.3269476295,0,0.794588089,-0.1062240601,90.09799957
0.179515034,0.2909172773,0.001681051683,0.01249426883,1,-0.1921161711,0.01260685083,-0.2749979496,0,0.9172803164,-0.2629337609,82.33711243
0.179515034,0.29576087,0.00348966592,0.01322569419,1,0.02459669113,0.01367833186,0.1038943827,0,0.6517425179,-0.5737477541,75.21908569
0.179515034,0.3006044328,0.004956953228,0.01577648148,1,-0.1194247156,0.0165368896,0.1916787922,0,0.5026578307,-0.7247849703,72.55734253
0.179515034,0.3054480255,0.005345885176,0.01766465791,1,-0.2779977322,0.01845585555,-0.1174639016,6.064018726,0.162835449,-0.6002340913,73.16252136
0.179515034,0.3102915883,0.004399155732,0.0181148164,1,-0.1903015226,0.01864132844,-0.2953125536,0,-0.2372870296,-0.5790295601,76.35005188
0.179515034,0.315135181,0.003274826799,0.01903886348,1,-0.2180900872,0.01931845769,-0.1430211663,0,-0.4787620008,-0.7950022221,80.24020386
0.179515034,0.3199787438,0.001023898367,0.02127273753,1,-0.03874778748,0.02129736356,-0.1746346951,0,-1.145463943,-0.9502748251,87.24436951
0.179515034,0.3248223364,-0.002460994525,0.02279573679,1,0.1844112277,0.02292819507,0.112680003,0,-1.824494362,-0.1265604049,96.16169739
0.179515034,0.3296658993,-0.006919972133,0.02243151702,1,0.04829359055,0.02347464487,0.1088408828,0,-1.776322126,0.640055716,107.1446381
0.179515034,0.3345094621,-0.01083080936,0.02022276446,1,0.1770489812,0.02294050157,0.1599960327,0,-1.363311052,1.232532024,118.1723938
0.179515034,0.3393530548,-0.01266572438,0.01723660529,1,0.06671699882,0.02138974331,0.1285799742,0,-0.716104269,1.240816236,126.309021
0.179515034,0.3441966176,-0.01397616696,0.01483556163,1,-0.1303207576,0.02038202994,0.06441152096,3.319422007,-0.04191643745,0.9739682674,133.2915039
0.179515034,0.3490402102,-0.01349996869,0.01283109654,1,-0.7842695713,0.01862488128,-0.2285885662,0,0.9808998108,0.5990884304,136.4551392
0.1843586117,0.237637952,0.01084484626,0.007502239663,1,0.02102543414,0.01318689808,0.9481418133,0,0.4639994502,-0.09472250938,34.67468262
0.1843586117,0.2424815297,0.01201947406,0.01002783701,1,0.4932918251,0.0156532824,0.0751953125,13.2846117,0.2454686463,-0.6209985018,39.83821106
0.1843586117,0.2473251075,0.01442309003,0.01087430865,1,0.2331267595,0.01806311496,-0.2154541165,0,0.1939780116,-0.6758352518,37.01451874
0.1843586117,0.2521686852,0.01408818923,0.01225772873,1,-0.3429011703,0.01867428608,-0.09520572424,8.190179825,0.2026775926,-0.7597229481,41.0255928
0.1843586117,0.257012248,0.01374390721,0.01409294456,1,-0.5538977385,0.01968517527,-0.05745476484,15.98515511,0.2158835828,-0.5305950046,45.71837234
0.1843586117,0.2618558407,0.0124509912,0.01454942022,1,-0.9459713697,0.01914974675,-0.1155274212,29.45784187,0.09537112713,-0.1849198937,49.44400406
0.1843586117,0.2666994035,0.009623958729,0.01442905236,1,-1.464091778,0.01734410971,0.06555802375,46.04685593,-0.0870603919,-0.119010292,56.2973175
0.1843586117,0.2715429962,0.00493786484,0.01544339117,1,-1.43871212,0.01621360146,0.2155794948,44.80791473,-0.0699903965,-0.2704484761,72.26885986
0.1843586117,0.276386559,0.002316440688,0.01678316668,1,-1.112321496,0.01694227196,0.166865319,33.06555939,0.3319917917,-0.2328124642,82.1415863
0.1843586117,0.2812301517,0.001158277271,0.01737926155,1,-0.7682235241,0.01741781645,0.09230592847,23.21525002,0.1995192468,0.0898732096,86.18704224
0.1843586117,0.2860737145,-0.0004381225444,0.01679494977,1,-0.2790336907,0.0168006625,-0.1006656885,0,0.3095346391,0.5064849257,91.49430847
0.1843586117,0.2909172773,0.001306010527,0.01443848945,1,0.03365340829,0.01449743565,-0.2419217825,0,0.6244316101,0.3115206957,84.83146667
0.1843586117,0.29576087,0.002749363426,0.01411430817,1,0.04691067338,0.01437959261,0.1369374543,0,0.4664873183,-0.2823734283,78.97724152
0.1843586117,0.3006044328,0.003792693606,0.01646945439,1,0.1367348582,0.01690051518,0.1821279228,0,0.09271853417,-0.5782872438,77.03164673
0.1843586117,0.3054480255,0.003860738827,0.01779743843,1,0.02445182204,0.0182113722,-0.1467896849,0,-0.2551773489,-0.4011510015,77.76065063
0.1843586117,0.3102915883,0.002675156575,0.01770147309,1,-0.1244332492,0.01790247485,-0.1601459682,0,-0.3720139861,-0.33118698,81.40613556
0.1843586117,0.315135181,0.001456158003,0.01862588897,1,-0.1524185836,0.018682722,-0.1263175011,0,-0.4427315891,-0.4679834843,85.52975464
0.1843586117,0.3199787438,-0.0002074996446,0.0193563588,1,-0.07122659683,0.0193574708,-0.1333989203,0,-0.8014733791,-0.2613992691,90.61418152
0.1843586117,0.3248223364,-0.002770831808,0.01924586855,1,-0.01578342915,0.01944430359,-0.1894432306,0,-1.101271033,0.09954535961,98.19258881
0.1843586117,0.3296658993,-0.005618039984,0.01795662008,1,0.03346002102,0.01881495677,-0.06203714013,0,-1.171097279,0.5633858442,107.3731995
0.1843586117,0.3345094621,-0.008281049319,0.01621659286,1,-0.04282718897,0.01820861548,0.1460520327,0,-0.9625722766,0.6779072285,117.0512466
0.1843586117,0.3393530548,-0.01048777066,0.01538053807,1,-0.1903472692,0.01861596853,0.1915107667,0,-0.6609424949,0.4231093824,124.2895279
0.1843586117,0.3441966176,-0.01240433753,0.01509482693,1,-0.3099147975,0.01953769103,0.4932329655,0,-0.4703712165,0.1585981101,129.4120331
0.1843586117,0.3490402102,-0.01426714659,0.01700136811,1,-0.4794586301,0.02219454944,0.5504146814,0,-0.2897262573,-0.2368279099,130.002594
0.1892021894,0.237637952,0.01363092847,0.006497799419,1,-0.875,0.01510045025,0.1068222523,0,-0.4450241625,-0.3712186217,25.4869175
0.1892021894,0.2424815297,0.01043410879,0.007655513473,1,-0.03744457662,0.01294131018,-0.02122241259,0,-0.4045736194,-0.6823627353,36.26752853
0.1892021894,0.2473251075,0.01148997899,0.009700084105,1,0.7105469704,0.01503699552,-0.2871873975,15.77202415,-0.415101409,-1.355634689,40.17176819
0.1892021894,0.2521686852,0.01186512224,0.01283062063,1,0.2994072437,0.01747586764,-0.3083064556,0,-0.2122400999,-1.308321714,47.23888016
0.1892021894,0.257012248,0.01191217918,0.01454372797,1,0.09389776736,0.01879946887,-0.2710400224,0,-0.2588273883,-1.031414747,50.68048096
0.1892021894,0.2618558407,0.01106627285,0.01651355438,1,-0.4049236476,0.01987862773,-0.09254711866,9.826673508,-0.2414884269,-0.7535563111,56.17266846
0.1892021894,0.2666994035,0.00878123194,0.0177453775,1,-0.7977906466,0.01979920268,-0.1409770995,18.06531906,-0.53711164,-0.4677067995,63.67167282
0.1892021894,0.2715429962,0.004600569606,0.01809609495,1,-0.6397265196,0.01867173985,0.08452666551,0,-0.6846749783,-0.3044578433,75.73588562
0.1892021894,0.276386559,0.002366390545,0.01962945424,1,-0.06440888345,0.01977157779,0.02347175032,0,-0.4350466132,-0.008446712047,83.12599182
0.1892021894,0.2812301517,0.002181418007,0.0182506945,1,0.2538128197,0.0183805991,-0.2474085838,0,-0.3412474692,0.4740724564,83.18404388
0.1892021894,0.2860737145,0.001942894072,0.0161349047,1,0.1613375396,0.01625146158,0.04303818941,0,-0.1950438172,0.6407274604,83.13375854
0.1892021894,0.2909172773,0.002018159488,0.01535574906,1,-0.1750638038,0.01548780128,0.1450652033,0,0.3489727378,0.3261211514,82.51270294
0.1892021894,0.29576087,0.002785235411,0.01525794622,1,-0.06482174993,0.01551007573,0.09534580261,0,0.2754026949,0.05249815434,79.65494537
0.1892021894,0.3006044328,0.003038124647,0.01556328498,1,0.3619273901,0.0158570502,-0.06988559663,0,-0.3811990023,-0.2871435881,78.95414734
0.1892021894,0.3054480255,0.002691891976,0.01631025225,1,0.4590758681,0.01653089747,-0.032243222,0,-0.6694117188,-0.3114489913,80.6282196
0.1892021894,0.3102915883,0.002019346459,0.01691563986,1,0.09907726943,0.01703574695,0.1940517724,0,-0.5730261207,-0.07898143679,83.19239044
0.1892021894,0.315135181,0.0003962837509,0.01763270982,1,-0.06220905483,0.0176371634,0.1201337129,0,-0.5381082892,-0.04918142036,88.71253204
0.1892021894,0.3199787438,-0.000888337323,0.01773573086,1,-0.09911121428,0.01775796525,-0.06308638304,0,-0.5806973577,-0.04355189949,92.86739349
0.1892021894,0.3248223364,-0.002896421822,0.01753809303,1,-0.1703265458,0.01777565666,-0.1797974408,0,-0.5736097097,0.05527279526,99.37776947
0.1892021894,0.3296658993,-0.004491650499,0.01659714989,1,-0.5826198459,0.01719419472,-0.2316339761,15.19664383,-0.2315487415,0.1338377446,105.1430969
0.1892021894,0.3345094621,-0.006839898415,0.01576790772,1,-1.083937526,0.01718752831,-0.1932358146,33.6361618,0.01094686985,0.1453381181,113.4505234
0.1892021894,0.3393530548,-0.009688763879,0.01495724078,1,-0.641273737,0.01782108843,-0.120396629,19.03433609,-0.1802417338,0.2325509936,122.9337158
0.1892021894,0.3441966176,-0.01081897225,0.01405837853,1,0.5933607817,0.01773945242,0.3863171041,0,-1.066631436,0.635546267,127.5809631
0.1892021894,0.3490402102,-0.01198108681,0.01375008002,1,1.901676178,0.01823762991,0.898745656,0,-2.381532669,1.02604723,131.0671692
0.1940457672,0.237637952,0.009564221837,0.009584860876,1,-0.8340278268,0.01354045328,-1.115280628,0,0.4406750798,-0.5639353991,45.06175232
0.1940457672,0.2424815297,0.008611604571,0.008249619044,1,-0.4424909949,0.01192543283,-0.8059874773,0,-0.1971741766,0.05344283581,43.77013397
0.1940457672,0.2473251075,0.006465953775,0.005422143266,1,0.6402501464,0.008438494988,-0.8793236613,0,-1.126188278,-1.195186377,39.98212814
0.1940457672,0.2521686852,0.006257925648,0.009779524989,1,0.7299981713,0.01161037199,-0.4389351606,0,-0.5298538804,-1.876376748,57.38479233
0.1940457672,0.257012248,0.007435366511,0.0123844929,1,0.6620486379,0.01444507949,-0.3501666784,0,-0.2295382023,-1.498389482,59.02035522
0.1940457672,0.2618558407,0.008352823555,0.01534103137,1,0.1636631489,0.01746759564,-0.2188175619,0,-0.3204925954,-0.9016141891,61.43276978
0.1940457672,0.2666994035,0.006675750948,0.01569167152,1,-0.03848400712,0.01705268957,-0.4466030896,0,-0.8864959478,-0.4227876961,66.9535141
0.1940457672,0.2715429962,0.003872611094,0.01522567961,1,0.1501261294,0.0157104563,-0.2229379565,0,-1.035119772,-0.07764916122,75.72956848
0.1940457672,0.276386559,0.002389215631,0.01498795394,1,0.7914119959,0.0151771903,-0.07050456852,0,-1.125146627,0.07992944866,80.94274139
0.1940457672,0.2812301517,0.002256141277,0.01449704077,1,0.8249936104,0.0146715492,0.02377185225,0,-0.7249572277,0.007082725875,81.15415192
0.1940457672,0.2860737145,0.002873749472,0.01506878901,1,0.3576212525,0.0153403664,0.4481582642,0,-0.08259703219,-0.06379139423,79.20285034
0.1940457672,0.2909172773,0.003588238265,0.0169767011,1,-0.2735783756,0.01735176705,0.3957384825,0,0.3957417309,0.2525751591,78.06546783
0.1940457672,0.29576087,0.003465457121,0.01576221175,1,-0.2615188956,0.01613867097,-0.2834881544,0,-0.05329863727,0.5643638372,77.60031128
0.1940457672,0.3006044328,0.00206339499,0.01287006401,1,0.4249981642,0.01303442102,-0.5553900599,0,-0.6870809793,0.1529067159,80.89155579
0.1940457672,0.3054480255,0.00219603884,0.01233152114,1,0.9421316981,0.01252553426,0.06031882763,0,-0.7007576823,-0.2650654614,79.90242767
0.1940457672,0.3102915883,0.003232508665,0.01444608811,1,0.4689596891,0.01480332948,0.6622828841,0,-0.5507624149,-0.1613464952,77.38706207
0.1940457672,0.315135181,0.001799820922,0.01632083394,1,-0.1375809014,0.01641977392,0.5558644533,0,-0.6792778969,0.02368119359,83.7069931
0.1940457672,0.3199787438,-0.0007240104605,0.01702375896,1,-0.3870954514,0.01703914814,0.134234935,0,-0.6810814142,-0.06638143957,92.43528748
0.1940457672,0.3248223364,-0.003373976564,0.01729253493,1,-0.5034085512,0.01761861145,0.1732388884,0,-0.6048039198,-0.3704298139,101.0403748
0.1940457672,0.3296658993,-0.006091723684,0.0196570605,1,-1.162250996,0.02057933807,0.1060251296,0,0.1012409329,-0.7667239904,107.2182159
0.1940457672,0.3345094621,-0.008513045497,0.02151975036,1,-1.58524394,0.02314241976,-0.5563833714,0,0.7897949815,-0.1344889998,111.5833664
0.1940457672,0.3393530548,-0.009944542311,0.01761358231,1,-0.4391898513,0.02022701688,-1.546045303,0,0.65766114,1.440429688,119.4488602
0.1940457672,0.3441966176,-0.007454862818,0.007054525893,1,1.962184429,0.010263592,-1.510252476,0,-0.9298318028,2.899353504,136.5804901
0.1940457672,0.3490402102,-0.00494426256,-0.003744686255,1,4.130285263,0.0062022903,-0.776771903,0,-3.093616724,3.682402611,-142.8604431
