PIVlab, ASCII chart output - 13-Mar-2024
FRAME: 53, filenames: A:[53]2 vortices tapados mismo sentido clase 4.mp4 & B:[54]2 vortices tapados mismo sentido clase 4.mp4, conversion factor xy (px -> m): 0.00030272, conversion factor uv (px/frame -> m/s): 0.0090842
x [m],y [m],u [m/s],v [m/s],Vector type [-],vorticity [1/s],magnitude [m/s],divergence [1/s],dcev [1],simple shear [1/s],simple strain [1/s],vector direction [degrees]
0.1262357086,0.237637952,0.004838900175,-0.006912909448,1,0.1664265692,0.008438203484,0.7355579138,0,0.6799565554,0.4893883467,-55.00873947
0.1262357086,0.2424815297,0.006888661534,-0.006316738669,1,0.4050302505,0.00934638083,0.4554566145,0,0.2598775625,0.462813437,-42.52008057
0.1262357086,0.2473251075,0.00805943273,-0.006948542781,1,0.1777915657,0.01064127311,0.1417642534,0,0.1423575282,0.4816509783,-40.7666893
0.1262357086,0.2521686852,0.008439328521,-0.007963006385,1,-0.1505618244,0.01160309091,0.05109708011,0,0.09584541619,0.4023371935,-43.33660507
0.1262357086,0.257012248,0.00779440999,-0.008649799041,1,-0.3710877895,0.01164353173,0.120687522,0,0.08647723496,0.3603571057,-47.97770691
0.1262357086,0.2618558407,0.007060795091,-0.009123864584,1,-0.2995987535,0.01153688598,0.1165359393,0,0.1114638448,0.3258275986,-52.26435471
0.1262357086,0.2666994035,0.006883163936,-0.00966351945,1,-0.2435409725,0.01186429709,0.124440968,0,0.1875837743,0.1343383789,-54.53836441
0.1262357086,0.2715429962,0.006789762061,-0.009171803482,1,-0.09513611346,0.01141152252,0.08223535866,0,0.07054466754,-0.05571276695,-53.487957
0.1262357086,0.276386559,0.006764053367,-0.00899535697,1,-0.02876714431,0.01125472598,-0.01359641925,0,0.03725928068,-0.06142200157,-53.0586853
0.1262357086,0.2812301517,0.006830894388,-0.008940156549,1,-0.05541770905,0.01125111151,-0.04044189677,0,-0.05444823205,-0.1169071794,-52.61768723
0.1262357086,0.2860737145,0.006231909152,-0.008624991402,1,-0.1245395839,0.01064082608,0.04665984213,0,-0.2683973014,-0.08018009365,-54.15034866
0.1262357086,0.2909172773,0.004927679896,-0.008325799368,1,-0.02527040243,0.009674759582,0.052510079,0,-0.3873072267,0.1238272637,-59.38054657
0.1262357086,0.29576087,0.004233557265,-0.008970421739,1,0.1329133511,0.00991924759,-0.1303327382,0,-0.3101004958,0.3505035043,-64.73521423
0.1262357086,0.3006044328,0.00406946009,-0.01065476704,1,-0.04123104364,0.01140546147,-0.2029038668,0,-0.1723943949,0.4943181872,-69.09624481
0.1262357086,0.3054480255,0.003198845778,-0.01234747097,1,-0.2978550792,0.01275510341,-0.03152826428,0,-0.1658099145,0.7518610954,-75.47576141
0.1262357086,0.3102915883,0.001823662664,-0.01444917452,1,-0.5529718399,0.01456380356,0.2906022072,0,-0.06061576307,0.7688452005,-82.80660248
0.1262357086,0.315135181,0.0002268865646,-0.0146638779,1,-0.3818596005,0.01466563344,0.2249050736,0,0.03483949602,0.4834159613,-89.11355591
0.1262357086,0.3199787438,0.0001428436663,-0.01570129208,1,-0.4444043338,0.01570194215,-0.3159836829,0,0.2667208016,-0.02085153759,-89.47875977
0.1262357086,0.3248223364,-0.0006337374216,-0.0160933733,1,-0.6608176827,0.01610584743,-0.6578707695,0,-0.08128660917,-0.4713358581,-92.25506592
0.1262357086,0.3296658993,-0.003451596247,-0.0166047886,1,-1.318410873,0.0169597324,-0.5351644158,0,0.2170606852,-0.7160164714,-101.7427139
0.1262357086,0.3345094621,-0.005968196318,-0.01521740481,1,-1.522821665,0.01634591073,-0.1546083689,0,0.5143452883,-1.194239616,-111.4148788
0.1262357086,0.3393530548,-0.008336230181,-0.0115692541,1,-0.7932082415,0.0142597463,0.7343432307,0,0.05125108361,-1.793620586,-125.7746506
0.1262357086,0.3441966176,-0.009561923333,-0.002973015653,1,0.6470527649,0.01001345087,1.116260052,0,-2.174223661,-2.552476645,-162.7283478
0.1262357086,0.3490402102,-0.01573320106,0.00620055804,1,1.488593221,0.01691095904,1.931539536,0,-4.036816597,-1.856381774,158.4902802
0.1310792714,0.237637952,0.007805452216,-0.005669252016,1,0.1627031267,0.009647046216,0.2425532639,0,0.3770047724,0.6550643444,-35.99163437
0.1310792714,0.2424815297,0.00911251083,-0.00666826684,1,0.1888822019,0.01129175071,0.2308413684,0,0.1752609909,0.5126793385,-36.19556808
0.1310792714,0.2473251075,0.009569208138,-0.00703435624,1,0.02390266582,0.01187652815,0.2186226249,0,0.06382925808,0.3627299666,-36.31972504
0.1310792714,0.2521686852,0.009537447244,-0.007366261911,1,-0.1489524245,0.0120509211,0.2080916762,0,0.02305083722,0.3128326535,-37.68075562
0.1310792714,0.257012248,0.00895939488,-0.007541676518,1,-0.2537683249,0.01171100512,0.182107091,5.480280399,-0.03637760878,0.3394492269,-40.08939362
0.1310792714,0.2618558407,0.008132102899,-0.008128360845,1,-0.231512174,0.01149788499,0.1267421842,5.751286507,-0.06775502861,0.3492539525,-44.98681641
0.1310792714,0.2666994035,0.00750987092,-0.008619429544,1,-0.2278441191,0.01143209171,0.0511809513,6.941895962,-0.03603291512,0.1837688982,-48.93526077
0.1310792714,0.2715429962,0.006853993982,-0.008770560846,1,-0.1218830794,0.01113103703,0.007894434035,3.160451412,-0.0696067214,0.05249490589,-51.99318314
0.1310792714,0.276386559,0.00658237515,-0.008835455403,1,-0.05397283658,0.01101784594,-0.02034090832,1.27961719,-0.02947057411,0.01418890432,-53.31405258
0.1310792714,0.2812301517,0.006449829321,-0.008937808685,1,-0.05498898774,0.01102201082,-0.03882331774,0.5943493247,-0.03412793577,-0.01034685969,-54.18449402
0.1310792714,0.2860737145,0.00615073042,-0.008973383345,1,-0.07857204974,0.01087902114,0.01532622427,0,-0.147521615,0.06998945028,-55.57164001
0.1310792714,0.2909172773,0.005354730412,-0.009202573448,1,-0.04500824958,0.01064708829,0.03867593408,0,-0.2407242954,0.2595707178,-59.80602264
0.1310792714,0.29576087,0.004766762722,-0.01004330441,1,0.03777545318,0.01111710351,-0.002399370074,0,-0.1574243009,0.3630004525,-64.61000824
0.1310792714,0.3006044328,0.004775201902,-0.01097241603,1,0.06579935551,0.01196647249,-0.02182680368,1.733259916,-0.02934453078,0.3878666461,-66.48130035
0.1310792714,0.3054480255,0.004943334498,-0.01202768646,1,-0.03072429262,0.01300391462,0.0854511261,0,-0.04892534018,0.557081759,-67.65752411
0.1310792714,0.3102915883,0.004389412701,-0.0132567957,1,-0.387483716,0.01396458317,0.2912150025,3.392495632,-0.2321097851,0.6271314025,-71.67995453
0.1310792714,0.315135181,0.001942285337,-0.01365472376,1,-0.4865091443,0.01379216928,0.3246171772,0,-0.5586501956,0.4737438858,-81.90439606
0.1310792714,0.3199787438,-0.000672897615,-0.01397910248,1,-0.5443339944,0.01399528887,-0.0856121704,0,-0.5521105528,0.1281042248,-92.75585938
0.1310792714,0.3248223364,-0.003368429141,-0.01468987577,1,-0.6756599545,0.01507112384,-0.1752542704,12.33873558,-0.5236157775,-0.4008912444,-102.9148178
0.1310792714,0.3296658993,-0.006481682882,-0.01288621221,1,-0.7970975041,0.01442451682,0.1090250313,21.30390549,-0.414073348,-0.800645113,-116.7021027
0.1310792714,0.3345094621,-0.009234811179,-0.01028383151,1,-0.819484055,0.01382168382,-0.08880314231,25.6450882,-0.09304088354,-0.7829293013,-131.9236298
0.1310792714,0.3393530548,-0.01090156846,-0.009524158202,1,-0.5338646173,0.01447597239,-0.3795177042,8.826167107,-0.2517767251,-0.4782672822,-138.8579102
0.1310792714,0.3441966176,-0.0130401263,-0.00980553031,1,0.09925064445,0.01631543227,-0.1460785419,0,-1.059205651,-0.6298906207,-143.0586395
0.1310792714,0.3490402102,-0.01555118524,-0.007180776913,1,0.8514549136,0.01712900773,0.6176621318,0,-1.888313055,-0.4661422372,-155.2148132
0.1359228492,0.237637952,0.009186574258,-0.005874924362,1,0.263315022,0.01090448909,0.06431718916,0,0.274874866,0.2739926279,-32.59940338
0.1359228492,0.2424815297,0.01048995648,-0.006382714026,1,0.08256147802,0.01227917895,0.127402842,0,0.2660817504,0.3091344237,-31.31882095
0.1359228492,0.2473251075,0.01087525487,-0.006755155511,1,-0.001054078341,0.01280247234,0.1693211794,0,0.09860708565,0.3235836923,-31.84645081
0.1359228492,0.2521686852,0.01096246205,-0.007129896432,1,-0.0333796367,0.0130771175,0.1531100869,0,-0.08113301545,0.3268860877,-33.03964996
0.1359228492,0.257012248,0.01032060478,-0.007596851792,1,-0.07733550668,0.01281510945,0.0518257767,0,-0.2522031963,0.299741447,-36.35626221
0.1359228492,0.2618558407,0.00936631579,-0.008330695331,1,-0.1758933067,0.01253508497,0.04449187964,0,-0.2988476455,0.2793630064,-41.65089798
0.1359228492,0.2666994035,0.008021160029,-0.008734468371,1,-0.20020172,0.0118587492,0.06426094472,0,-0.2713616192,0.1856389791,-47.43767929
0.1359228492,0.2715429962,0.007082262076,-0.008918599226,1,-0.1079159304,0.01138858404,0.08307164162,0,-0.1577769816,0.1124322042,-51.5469017
0.1359228492,0.276386559,0.006734255701,-0.008876678534,1,-0.04226374254,0.01114206575,0.04397368804,0,-0.05880346522,0.02756336704,-52.81437683
0.1359228492,0.2812301517,0.006592735182,-0.008839114569,1,-0.05001502484,0.01102697197,0.04281515256,0,0.03161662817,0.05980154499,-53.28224564
0.1359228492,0.2860737145,0.006645141635,-0.008958953433,1,-0.06373729557,0.01115440484,0.06469973922,0,0.01821777411,0.154437229,-53.43449402
0.1359228492,0.2909172773,0.006372258533,-0.009273763746,1,-0.1282874048,0.01125203818,0.08083567023,3.143582821,-0.009005233645,0.2784028649,-55.50597
0.1359228492,0.29576087,0.005980154034,-0.009915885516,1,-0.1516299397,0.01157959551,0.08060108125,3.843300581,0.04223586246,0.4608653188,-58.90631866
0.1359228492,0.3006044328,0.005842399783,-0.01111560315,1,-0.04717423022,0.01255747862,0.1021434069,0,0.115480125,0.6223670244,-62.27342987
0.1359228492,0.3054480255,0.006310998928,-0.01243562903,1,0.03500719741,0.01394537836,0.1136705875,0,0.05363354459,0.6465425491,-63.09251404
0.1359228492,0.3102915883,0.006271738093,-0.01369661,1,-0.1626094282,0.01506425627,0.1594858766,0,-0.2951502502,0.6916687489,-65.3967514
0.1359228492,0.315135181,0.004093804397,-0.01501329802,1,-0.4019645452,0.01556143817,0.2706192732,0,-0.8209086061,0.6922804117,-74.7474823
0.1359228492,0.3199787438,0.0003486569331,-0.01573895849,1,-0.232416749,0.01574281976,0.3086469769,0,-1.31977129,0.379594177,-88.73096466
0.1359228492,0.3248223364,-0.003424338764,-0.01535693649,1,-0.2252737284,0.0157340914,0.1675862372,0,-1.250941515,-0.03667902201,-102.5703583
0.1359228492,0.3296658993,-0.006801506504,-0.01474958379,1,-0.2100992799,0.0162422508,0.1935318261,0,-1.18683815,-0.5617201328,-114.7559509
0.1359228492,0.3345094621,-0.01019049343,-0.01169882622,1,-0.2131219804,0.01551479008,0.1043816209,0,-0.9615191221,-0.8343133926,-131.058136
0.1359228492,0.3393530548,-0.01249097195,-0.01020294148,1,-0.11111027,0.0161283724,-0.102026403,0,-0.5350837708,-0.7450935841,-140.7571869
0.1359228492,0.3441966176,-0.01332038455,-0.008584080264,1,-0.3984321058,0.01584673673,0.0424785614,11.96904755,-0.119435519,-0.6044071317,-147.2009888
0.1359228492,0.3490402102,-0.01499930397,-0.007069700398,1,-0.5302542448,0.01658191159,0.3850790262,0,-0.1629994959,-0.240233615,-154.763855
0.1407664269,0.237637952,0.009444082156,-0.005613260902,1,0.2897270322,0.01098632719,0.05438713357,0,0.4464357495,0.1229774058,-30.72589874
0.1407664269,0.2424815297,0.01122691296,-0.005779372063,1,0.1858933568,0.01262714155,0.05873646587,0,0.332844913,0.2524731457,-27.23843193
0.1407664269,0.2473251075,0.01195663121,-0.006551639643,1,0.06337064505,0.01363396458,-0.02373449504,0,0.06782019138,0.3516464829,-28.72055244
0.1407664269,0.2521686852,0.01186234597,-0.007597559132,1,-0.058281295,0.01408680808,-0.05788360536,0,-0.208958149,0.3213866353,-32.6386261
0.1407664269,0.257012248,0.01066223811,-0.008388661779,1,-0.08764179051,0.01356661227,-0.01732547581,0,-0.3586453795,0.2152176201,-38.19438553
0.1407664269,0.2618558407,0.009700719267,-0.008723899722,1,-0.09631328285,0.01304646954,0.01845454052,0,-0.3046212196,0.1372585148,-41.96518707
0.1407664269,0.2666994035,0.008720280603,-0.008964098059,1,-0.1492442936,0.01250593271,0.08178287745,0,-0.2429838032,0.1412775517,-45.7898941
0.1407664269,0.2715429962,0.007800932042,-0.009012066759,1,-0.1203584597,0.01191939134,0.0601990819,0,-0.249494195,0.0501793772,-49.12021637
0.1407664269,0.276386559,0.006928870454,-0.008915566839,1,-0.07899939269,0.01129143778,0.0784047693,0,-0.09733115882,-0.01855813339,-52.14688492
0.1407664269,0.2812301517,0.006946861278,-0.008542419411,1,-0.05515735596,0.01101053134,0.1251567006,0,0.1136403456,0.05513837188,-50.88132095
0.1407664269,0.2860737145,0.007212137338,-0.008576427586,1,-0.121633999,0.0112058036,0.1183398366,0,0.1521629393,0.1353524327,-49.93865967
0.1407664269,0.2909172773,0.007094730157,-0.00862482097,1,-0.1833713651,0.01116793323,0.1070727408,0,0.2199682891,0.2160567939,-50.55947113
0.1407664269,0.29576087,0.00738939736,-0.00910430029,1,-0.1138680056,0.01172567531,0.1184780151,0,0.3594910502,0.4405056834,-50.93590164
0.1407664269,0.3006044328,0.008284424432,-0.01018458698,1,-0.1147068739,0.0131284995,0.1128763556,0,0.3699084222,0.697809279,-50.87414169
0.1407664269,0.3054480255,0.008625485934,-0.01193746831,1,-0.1579119712,0.01472759899,0.09099063277,0,0.2049065083,0.8578164577,-54.14979172
0.1407664269,0.3102915883,0.008512046188,-0.01389876753,1,-0.2218459547,0.01629818045,0.1082516909,0,-0.1950609684,0.8817384839,-58.51537704
0.1407664269,0.315135181,0.006606164854,-0.01568391174,1,-0.3808980882,0.0170184169,0.05393517017,0,-0.8271746635,1.157875538,-67.15885925
0.1407664269,0.3199787438,0.002660651924,-0.01924578846,1,-0.2836430669,0.01942883059,0.3391324282,0,-1.644793987,1.159572601,-82.12898254
0.1407664269,0.3248223364,-0.002734369831,-0.01965777762,1,-0.2504459023,0.019847041,0.3531287313,0,-2.005259275,0.0168762058,-97.91894531
0.1407664269,0.3296658993,-0.008265031502,-0.0176171232,1,-0.4506568909,0.01945954189,0.4259040952,0,-1.621355534,-0.7610375285,-115.1335068
0.1407664269,0.3345094621,-0.01277029235,-0.01390875131,1,-0.183237493,0.0188821014,0.122815609,0,-1.208219051,-1.124076009,-132.5565491
0.1407664269,0.3393530548,-0.01500466,-0.01157770678,1,-0.0758100003,0.01895212755,-0.1190607548,0,-0.5418281555,-1.245204091,-142.3459473
0.1407664269,0.3441966176,-0.01576187089,-0.008454188704,1,-0.1092936695,0.01788602397,0.01479786634,0,0.1413040459,-1.260242462,-151.7922363
0.1407664269,0.3490402102,-0.01484961528,-0.005401949864,1,-0.2731852531,0.01580164954,0.7647251487,0,0.6498707533,-0.4955950379,-160.0097809
0.1456100047,0.237637952,0.01004565321,-0.005115893669,1,0.2468065321,0.01127330959,0.08595382422,0,0.5590734482,0.3151435554,-26.98812485
0.1456100047,0.2424815297,0.01199732441,-0.005670942832,1,0.2008758485,0.01327009313,0.06751589477,0,0.2983148396,0.4015066624,-25.29934883
0.1456100047,0.2473251075,0.01246352214,-0.006733603776,1,0.003031099215,0.01416618563,-0.0159124583,0,0.0468153432,0.4359784126,-28.38079643
0.1456100047,0.2521686852,0.01223875955,-0.007859711535,1,-0.1314034015,0.01454518083,-0.04869128764,1.451305032,-0.1131293103,0.4005382657,-32.70851517
0.1456100047,0.257012248,0.0112791108,-0.008909478784,1,-0.1280014813,0.01437348779,-0.008528083563,0,-0.3093271852,0.297018677,-38.30554962
0.1456100047,0.2618558407,0.01012052409,-0.009339651093,1,-0.01110686362,0.01377149578,0.05399430543,0,-0.4384658337,0.1116013601,-42.70214081
0.1456100047,0.2666994035,0.009101570584,-0.009188503027,1,-0.05545426905,0.0129331816,0.04460989311,0,-0.4614436626,0.08681571484,-45.27232361
0.1456100047,0.2715429962,0.007616888732,-0.009544078261,1,-0.1699953675,0.01221091487,0.01879252307,0,-0.2589113414,-0.02725466527,-51.40751266
0.1456100047,0.276386559,0.007024127524,-0.008965469897,1,-0.09694122523,0.01138938125,0.2019879073,0,0.06579063088,-0.112355873,-51.92256165
0.1456100047,0.2812301517,0.007466008421,-0.008021529764,1,-0.06047619879,0.01095838565,0.2151034027,0,0.2359234244,-0.06003890932,-47.05425644
0.1456100047,0.2860737145,0.007873919792,-0.007632796653,1,-0.1629144549,0.01096622925,0.1822808832,0,0.260229826,0.03747570515,-44.10914612
0.1456100047,0.2909172773,0.007937361486,-0.007320156787,1,-0.2641043067,0.01079751831,0.1567504555,0,0.4321030974,0.1547555476,-42.68350601
0.1456100047,0.29576087,0.008687634952,-0.007623134181,1,-0.2327201813,0.01155799162,0.1091792583,0,0.6108822227,0.4081678391,-41.26596069
0.1456100047,0.3006044328,0.009769018739,-0.008768331259,1,-0.189815715,0.0131269712,0.03820168972,0,0.6479450464,0.6689658761,-41.91004562
0.1456100047,0.3054480255,0.01090661995,-0.01067828946,1,-0.2845959663,0.01526369061,-0.05945727229,0,0.552541256,0.9312450886,-44.39393234
0.1456100047,0.3102915883,0.01106683258,-0.0135668749,1,-0.3584612608,0.01750813797,-0.1412861347,9.058979034,0.1637051851,1.199991822,-50.7950325
0.1456100047,0.315135181,0.009963303804,-0.0171748735,1,-0.3243734539,0.01985557191,-0.1821869016,0,-0.3897847831,1.627410173,-59.88158035
0.1456100047,0.3199787438,0.007607751526,-0.02233179845,1,-0.7618687153,0.02359209768,0.5530897379,0,-1.632125139,1.932573676,-71.18762207
0.1456100047,0.3248223364,-0.001632191008,-0.02385651134,1,-1.155524731,0.0239122808,0.7537696362,0,-2.154529095,0.3590521216,-93.91390228
0.1456100047,0.3296658993,-0.008424751461,-0.02041995339,1,-0.663559258,0.02208961174,0.05630993843,0,-2.104647875,-1.428776026,-112.4197922
0.1456100047,0.3345094621,-0.01504017599,-0.01666340418,1,-0.5914022326,0.02244718187,-0.3658139706,0,-1.612370253,-2.009189367,-132.0690155
0.1456100047,0.3393530548,-0.01909889467,-0.01246013679,1,-0.5532823801,0.02280400693,0.02515763044,13.87925816,-0.3370957673,-1.893488765,-146.8795319
0.1456100047,0.3441966176,-0.01935279183,-0.007370290812,1,0.2101215124,0.02070873603,0.673897028,0,0.9054057598,-1.362062812,-159.1512299
0.1456100047,0.3490402102,-0.01369575132,-0.002598806983,1,0.347646296,0.01394013595,2.028316975,0,1.988239884,0.05809170008,-169.2557068
0.1504535824,0.237637952,0.0113868285,-0.004100771621,1,0.1555408537,0.0121027343,-0.03851357102,0,0.7164722681,0.4597326517,-19.80561829
0.1504535824,0.2424815297,0.01349866018,-0.00530741876,1,0.1359910071,0.01450456865,0.06746047735,0,0.4017158449,0.5296798944,-21.46381569
0.1504535824,0.2473251075,0.01399125345,-0.006339567248,1,-0.1023440883,0.01536050998,0.1161982417,0,0.1163593754,0.5707441568,-24.37572098
0.1504535824,0.2521686852,0.01356654428,-0.007509047166,1,-0.2911947966,0.0155060282,0.08333319426,8.157013893,-0.1076202765,0.6877137423,-28.9644146
0.1504535824,0.257012248,0.0120595647,-0.009266926907,1,-0.2348211259,0.01520884689,-0.08296647668,0,-0.3977173567,0.5952097178,-37.53974533
0.1504535824,0.2618558407,0.01050279476,-0.0107938461,1,-0.1707165539,0.01506040525,-0.2789470553,0,-0.3872829378,0.06452056766,-45.78298187
0.1504535824,0.2666994035,0.009356850758,-0.01093053911,1,-0.3150237203,0.01438844483,-0.007681831717,6.016193867,-0.251262188,-0.2866301537,-49.43553925
0.1504535824,0.2715429962,0.007759945001,-0.009442738257,1,-0.2659855783,0.01222219504,0.3157753944,0,-0.1456606686,-0.2629655004,-50.58698654
0.1504535824,0.276386559,0.007363010198,-0.008127362467,1,-0.130140841,0.01096667442,0.1843092144,0,0.1173369288,-0.2979693115,-47.82489014
0.1504535824,0.2812301517,0.007697928231,-0.007106784731,1,-0.1064091846,0.01047685463,0.02253207564,0,0.295016706,-0.3078987002,-42.7134285
0.1504535824,0.2860737145,0.008276545443,-0.006526895333,1,-0.2389153838,0.01054047327,0.09343121946,0,0.425886333,-0.2893651724,-38.25936127
0.1504535824,0.2909172773,0.00860353373,-0.005252686329,1,-0.2726832628,0.01008025371,0.1532820165,0,0.6068707108,-0.1581920683,-31.40517616
0.1504535824,0.29576087,0.009895208292,-0.00501824636,1,-0.2491089702,0.01109495107,0.01520712674,0,0.8903935552,0.195681408,-26.89134598
0.1504535824,0.3006044328,0.01170964539,-0.00612682756,1,-0.3740285933,0.01321566571,0.02802202106,0,0.9836708307,0.6194201708,-27.61987495
0.1504535824,0.3054480255,0.01284805778,-0.007882729173,1,-0.6313163042,0.0150734866,-0.016305089,0,1.029849052,1.066115141,-31.53056145
0.1504535824,0.3102915883,0.01363996975,-0.01136961393,1,-0.879999578,0.01775716431,-0.1943394542,0,1.036528111,1.48169589,-39.81293869
0.1504535824,0.315135181,0.01360621583,-0.0160007365,1,-1.061009526,0.0210036356,-0.2726753354,0,1.279894471,2.223687887,-49.62384415
0.1504535824,0.3199787438,0.01470015571,-0.02346094325,1,-2.521813869,0.0276859235,0.4245218635,78.33279419,0.2609752417,2.178555012,-57.92956543
0.1504535824,0.3248223364,0.00265566865,-0.02449653298,1,-4.460829735,0.02464006282,1.204178214,125.6197891,-1.653005123,1.438757777,-83.81272888
0.1504535824,0.3296658993,-0.01491267793,-0.02459714748,1,-3.618837833,0.02876469493,-0.738974452,93.90439606,-1.941010118,-1.903952241,-121.2274551
0.1504535824,0.3345094621,-0.02427380532,-0.01885388978,1,-1.910829067,0.0307357572,0.07292497158,60.49954987,0.02350735664,-2.831241608,-142.1628876
0.1504535824,0.3393530548,-0.02405406721,-0.01053059008,1,-0.3327128291,0.0262581706,0.06072366238,0,1.401911974,-2.781672001,-156.3567657
0.1504535824,0.3441966176,-0.01909505576,-0.005086525343,1,1.252071857,0.01976091787,1.013467669,0,2.734678268,-1.685979724,-165.0839691
0.1504535824,0.3490402102,-0.004743932746,0.002544392832,1,2.21853447,0.005383199081,1.58835721,0,3.70728302,-1.562575817,151.7932587
0.1552971601,0.237637952,0.0120858606,-0.002398978686,1,0.1928446889,0.01232165191,-0.1249542832,0,0.9648779631,0.6946486235,-11.22697544
0.1552971601,0.2424815297,0.01488962024,-0.004383883905,1,0.1735750139,0.0155215729,0.01798051596,0,0.5913389921,0.6941992044,-16.40577316
0.1552971601,0.2473251075,0.01579078101,-0.005674296524,1,-0.04973829538,0.01677934453,0.1976896822,0,0.273491323,0.731730938,-19.76551247
0.1552971601,0.2521686852,0.01597338542,-0.006970554125,1,-0.4004180431,0.01742807031,0.1004510522,12.26779175,-0.01881408691,0.931280911,-23.57575798
0.1552971601,0.257012248,0.0137602007,-0.009698479436,1,-1.064792871,0.01683459617,-0.08945816755,31.64902115,-0.3580091596,0.6162294745,-35.17698669
0.1552971601,0.2618558407,0.009081932716,-0.01038860716,1,-1.181224585,0.01379871927,-0.04736565799,37.32384872,-0.07490330935,-0.2164163888,-48.83937836
0.1552971601,0.2666994035,0.007676047739,-0.008879669011,1,-0.7528591156,0.0117375562,-0.03252217174,17.71440506,0.5031975508,-0.3272076249,-49.15815735
0.1552971601,0.2715429962,0.007872677408,-0.00896127522,1,-0.58993572,0.01192826498,0.1123751402,14.81680775,0.3416808248,-0.1173882633,-48.69998169
0.1552971601,0.276386559,0.006473605987,-0.007766792085,1,-0.6548880339,0.01011091657,-0.003922283649,18.67425537,0.2855609655,-0.5993670225,-50.18885803
0.1552971601,0.2812301517,0.00608381303,-0.006077192258,1,-0.4080246091,0.008599130437,-0.06347125769,0,0.5011979342,-0.7559375763,-44.96880722
0.1552971601,0.2860737145,0.006924898364,-0.004412777722,1,-0.337931335,0.008211383596,-0.02614951134,0,0.715704143,-0.6490842104,-32.50665283
0.1552971601,0.2909172773,0.007913579233,-0.003059968818,1,-0.2134069502,0.008484582417,0.03716789186,0,0.7882282734,-0.4395278096,-21.14014816
0.1552971601,0.29576087,0.009709089994,-0.002103865147,1,-0.1289574504,0.009934418835,0.03630960733,0,1.15947175,-0.1428472698,-12.22641277
0.1552971601,0.3006044328,0.01290495507,-0.002192208543,1,-0.1765385866,0.01308983006,0.0165643096,0,1.47358942,0.1256656945,-9.640995979
0.1552971601,0.3054480255,0.01599145681,-0.00263230619,1,-0.7228009701,0.01620665751,0.1687474251,0,1.630660415,0.6006215215,-9.347464561
0.1552971601,0.3102915883,0.01730224304,-0.004284024239,1,-1.538636684,0.017824715,0.3736331165,0,2.245083094,1.035172343,-13.90671539
0.1552971601,0.315135181,0.01941318437,-0.005836523138,1,-2.170769215,0.02027157508,0.4053976238,0,2.772331715,1.348733068,-16.73326683
0.1552971601,0.3199787438,0.02021595649,-0.008853143081,1,-4.064199448,0.02206950448,0.2576898336,104.4786682,2.362129211,1.170253277,-23.64998055
0.1552971601,0.3248223364,0.01116907503,-0.01025659498,1,-7.533074379,0.01516397018,0.5773450136,235.779892,-1.022982359,1.287589073,-42.56135178
0.1552971601,0.3296658993,-0.0212259721,-0.0122932652,1,-7.335427284,0.02452888712,-0.330445081,230.6920776,-0.834048748,-0.942040205,-149.922226
0.1552971601,0.3345094621,-0.02840029821,-0.007294295821,1,-3.583868027,0.02932206728,0.1301068068,105.7212143,1.302073359,-1.570065737,-165.5955658
0.1552971601,0.3393530548,-0.03227801993,-0.004058346618,1,-1.008713126,0.03253214806,-0.346637249,0,2.204139709,-1.81355381,-172.8337555
0.1552971601,0.3441966176,-0.02261015587,-0.0001891715365,1,0.7952706814,0.02261094749,0.4775586724,0,3.066986561,-1.312524796,-179.5206299
0.1552971601,0.3490402102,-0.01357087679,0.004612062126,1,1.543500185,0.01433317177,0.4583425522,0,2.188968658,-1.524166703,161.2296753
0.1601407379,0.237637952,0.01414618734,-0.0003613686131,1,0.3572588563,0.01415080205,-0.3279773891,0,0.7997249961,0.8788074255,-1.463319659
0.1601407379,0.2424815297,0.01694815792,-0.003283946542,1,0.1398814917,0.01726338267,-0.1529929638,0,0.7575516105,0.758030057,-10.96598148
0.1601407379,0.2473251075,0.01849297434,-0.004773979541,1,-0.1259299964,0.01909924112,0.2383807302,0,0.4594975114,0.7290866375,-14.4749403
0.1601407379,0.2521686852,0.01856381819,-0.005660718773,1,-0.9201717973,0.01940770634,0.377119869,26.32884407,0.118706882,0.5979456902,-16.95818901
0.1601407379,0.257012248,0.01461102255,-0.005843564868,1,-1.852869034,0.01573623903,0.240363121,58.16679764,-0.07518345118,0.1938219666,-21.79855537
0.1601407379,0.2618558407,0.009225145914,-0.005435293075,1,-1.672649741,0.01070727501,0.3313698173,51.44511032,0.2281491756,0.1255644858,-30.5058403
0.1601407379,0.2666994035,0.007614471484,-0.004846730735,1,-0.9007078409,0.009026126936,0.1542502344,20.91349983,0.5931909084,0.05000666529,-32.47739792
0.1601407379,0.2715429962,0.007735663559,-0.004930381197,1,-1.147016644,0.009173284285,0.06569103152,32.7688179,0.4918109179,-0.197442174,-32.51169586
0.1601407379,0.276386559,0.004440931603,-0.003572224639,1,-1.204656363,0.005699356087,0.05534687638,36.20718384,0.3774567246,-0.4045377374,-38.81272507
0.1601407379,0.2812301517,0.003729057964,-0.002702894388,1,-0.5276738405,0.004605595488,-0.0494607836,0,0.6443369389,-0.4930780828,-35.93533707
0.1601407379,0.2860737145,0.005005998537,-0.001423529699,1,-0.2095741928,0.00520446524,-0.06017032266,0,0.813595295,-0.5353795886,-15.87388515
0.1601407379,0.2909172773,0.006654672325,-0.0004011882993,1,-0.1223069727,0.006666754372,0.06814002991,0,1.025190353,-0.4781276584,-3.449998379
0.1601407379,0.29576087,0.009379184805,0.001222360297,1,-0.1028514504,0.009458502755,0.108912915,0,1.288725853,-0.359105587,7.425331593
0.1601407379,0.3006044328,0.01239854749,0.001865695696,1,-0.06483858824,0.01253813319,0.05859421194,0,1.550387383,-0.4150399566,8.557490349
0.1601407379,0.3054480255,0.01657455601,0.003516444238,1,-0.2865684032,0.01694347337,0.3363454044,0,1.951676607,-0.7148262262,11.97821426
0.1601407379,0.3102915883,0.02046362869,0.006957127247,1,-1.106309175,0.02161392383,0.2986031473,0,2.247599602,-0.6150012612,18.77676201
0.1601407379,0.315135181,0.02210248448,0.007941558026,1,-2.442315578,0.02348591387,0.07327511907,0,2.680338144,-0.07297055423,19.76367378
0.1601407379,0.3199787438,0.02161650918,0.007665479556,1,-4.230872631,0.02293541096,-0.5359566212,115.4862442,2.080837727,-0.3489142656,19.52513313
0.1601407379,0.3248223364,0.01168862171,0.007035603747,1,-7.545386791,0.0136427125,-0.9326412678,233.8248138,-1.268876553,-0.773111701,31.04453468
0.1601407379,0.3296658993,-0.02107605897,0.006892785896,1,-8.08549881,0.02217455208,0.07719399035,255,-0.7792527676,0.5363718867,161.8899994
0.1601407379,0.3345094621,-0.03124835901,0.004811546765,1,-4.191585064,0.03161662444,-0.3693494797,124.454628,1.41655767,0.01500956714,171.2464752
0.1601407379,0.3393530548,-0.03451712057,0.005031113047,1,-1.090392351,0.03488185257,0.2584708333,0,2.764584303,0.03030046821,171.7071228
0.1601407379,0.3441966176,-0.02313927934,0.005916707683,1,1.430862427,0.02388375439,-0.1464776099,0,3.650254726,-0.2785405517,165.6568146
0.1601407379,0.3490402102,-0.009906334803,0.005670770071,1,2.433408737,0.01141460054,-0.6185008883,0,3.030694485,-0.5169491172,150.2115021
0.1649843156,0.237637952,0.01475384831,-0.0002558595443,1,0.6139513254,0.01475606672,-0.2542178035,0,0.6521855593,0.2149771452,-0.9935172796
0.1649843156,0.2424815297,0.01782016456,-0.001392150647,1,0.08082073927,0.01787446067,-0.2819831967,0,1.100730658,0.2512741685,-4.467000484
0.1649843156,0.2473251075,0.02047678456,-0.002838732908,1,-0.3366557658,0.02067261748,-0.03019032069,0,0.9304372072,0.08264235407,-7.892709732
0.1649843156,0.2521686852,0.02069619112,-0.001938664471,1,-1.17248559,0.02078679204,0.3891402483,34.3463974,0.2199704051,0.02771021426,-5.351424694
0.1649843156,0.257012248,0.01586320996,-0.001088121091,1,-1.789288759,0.01590048522,0.2170671821,56.07273865,-0.1516445279,0.06083455682,-3.924000025
0.1649843156,0.2618558407,0.01129512955,-0.001181939617,1,-1.451794267,0.01135680173,0.329678297,44.78789139,-0.0342618227,0.4444143772,-5.973777294
0.1649843156,0.2666994035,0.008665381931,-0.001643854077,1,-1.072746038,0.00881992653,0.2339321673,32.33177185,0.2343990505,0.2012180686,-10.74157524
0.1649843156,0.2715429962,0.007234530523,-0.001023486373,1,-1.167100191,0.007306569256,0.05149229616,35.08465195,0.3653975129,-0.2664853334,-8.052334785
0.1649843156,0.276386559,0.004782272968,-0.0001037046095,1,-1.082213402,0.004783397075,0.1738307923,32.46484756,0.3020985425,0.04520282894,-1.242276549
0.1649843156,0.2812301517,0.003455983708,-0.0004004668153,1,-0.6833509207,0.00347910868,0.1013406217,13.27917004,0.5301651955,-0.03218216076,-6.609747887
0.1649843156,0.2860737145,0.004040305968,0.0005430233432,1,-0.3150291443,0.004076634534,0.1070096344,0,0.8253536224,-0.4914115667,7.654769897
0.1649843156,0.2909172773,0.005927772261,0.00249802391,1,-0.1371063888,0.006432620343,0.2543208897,0,1.057284951,-0.5907825828,22.85105515
0.1649843156,0.29576087,0.008497262374,0.00463634776,1,-0.1507028937,0.009679834358,0.02495893836,0,1.234758973,-0.6219265461,28.61813736
0.1649843156,0.3006044328,0.01117848232,0.005631264299,1,-0.1932950616,0.01251677237,-0.04592072964,0,1.362057686,-0.7834870219,26.73710442
0.1649843156,0.3054480255,0.01415825542,0.008208807558,1,-0.3581869304,0.01636583917,0.01465141773,0,1.30609405,-1.292157054,30.1047039
0.1649843156,0.3102915883,0.01576974429,0.01196089294,1,-0.3769424558,0.01979262009,0.1311262846,0,1.462174177,-2.091742992,37.17926025
0.1649843156,0.315135181,0.01941465959,0.01897544786,1,-1.716040015,0.02714768238,0.1728455424,0,1.749129534,-1.841620684,44.34452057
0.1649843156,0.3199787438,0.01593001559,0.02171811648,1,-3.478444099,0.02693402953,-1.066132307,104.8926926,0.07031643391,-1.307425499,53.74033737
0.1649843156,0.3248223364,0.00290712784,0.02014417015,1,-5.902033806,0.02035286091,-1.052980661,180.3367615,-1.15558672,-1.337272882,81.78799438
0.1649843156,0.3296658993,-0.01825411804,0.02309510857,1,-5.712058067,0.02943801694,0.8244330883,175.6399841,-1.106001377,0.8812073469,128.322464
0.1649843156,0.3345094621,-0.03011657111,0.0198691804,1,-3.502509117,0.03608035669,0.3772652149,106.6233139,0.8959202766,2.128362417,146.5854797
0.1649843156,0.3393530548,-0.03087933362,0.01461353339,1,-0.9648479223,0.03416267782,0.4555854797,0,2.08959651,2.37741971,154.6743164
0.1649843156,0.3441966176,-0.02466876432,0.0105606271,1,0.4310638309,0.02683421038,-0.2200986743,0,2.006972075,1.247509003,156.8243713
0.1649843156,0.3490402102,-0.01907051727,0.007505061571,1,1.326886773,0.02049415931,-0.993657589,0,0.9847224355,0.2680362165,158.5182343
0.1698278934,0.237637952,0.0139561221,-0.0001761782914,1,0.4826274812,0.0139572341,0.1284872591,0,0.6914196014,-0.6280796528,-0.7232478857
0.1698278934,0.2424815297,0.01679941639,0.001656066976,1,-0.1447030008,0.01688084565,-0.05186676979,0,1.133828759,-0.369702518,5.629961491
0.1698278934,0.2473251075,0.01874702983,0.001363283838,1,-0.4927083552,0.01879653335,-0.3875829875,0,1.273835421,-0.2694230378,4.159227848
0.1698278934,0.2521686852,0.02058286592,0.001083750161,1,-1.086579919,0.02061137743,-0.2038859576,29.69807625,0.5105650425,-0.3536119461,3.014012814
0.1698278934,0.257012248,0.0159570612,0.002088492271,1,-1.455619574,0.01609315351,0.1260668635,45.80556488,-0.115190804,0.05444922298,7.456602097
0.1698278934,0.2618558407,0.01297452394,0.001430635806,1,-1.286495328,0.01305316016,0.2208968997,40.15961838,-0.0007567405701,0.3455907106,6.292299271
0.1698278934,0.2666994035,0.009722155519,0.001484528184,1,-1.373467207,0.009834842756,0.2934439182,42.4461937,0.07686454058,0.07423519343,8.681740761
0.1698278934,0.2715429962,0.00669432804,0.00249239034,1,-1.165236115,0.007143251132,0.09874539077,35.59158325,0.2939137518,-0.2415546626,20.42098999
0.1698278934,0.276386559,0.005501837935,0.00313279801,1,-1.019369483,0.006331243552,0.09227356315,28.40739822,0.4763213694,-0.04862952232,29.65759277
0.1698278934,0.2812301517,0.004064032342,0.003174865386,1,-1.042202115,0.005157143343,0.116568096,27.69831848,0.5554296374,-0.08311999589,37.99733353
0.1698278934,0.2860737145,0.003144117771,0.004100002814,1,-0.6275509,0.005166768562,0.04924027622,0,0.825950563,-0.4068441391,52.51693726
0.1698278934,0.2909172773,0.005024993792,0.005383939017,1,-0.1738288701,0.007364601828,0.170054853,0,0.8641467094,-0.6212919354,46.97502518
0.1698278934,0.29576087,0.006487725768,0.007932952605,1,-0.2488363385,0.01024803985,0.09705448151,0,0.9417647719,-0.7319255471,50.72302246
0.1698278934,0.3006044328,0.008381246589,0.009399168193,1,-0.338658154,0.01259323861,-0.04574257135,0,1.14366889,-0.7981958985,48.27658463
0.1698278934,0.3054480255,0.01038685814,0.01157751866,1,-0.3804500401,0.01555396337,0.06083798409,0,0.9143491983,-1.274097443,48.10289001
0.1698278934,0.3102915883,0.01096722856,0.01586503163,1,-0.2346376777,0.01928676665,0.5783093572,0,0.9846584201,-2.1361835,55.34455109
0.1698278934,0.315135181,0.01401964203,0.0247253757,1,-0.2839190364,0.02842348441,-0.3711281419,0,0.1090004966,-2.227017879,60.4461441
0.1698278934,0.3199787438,0.01011999696,0.02485417761,1,-2.037359953,0.02683550864,-0.3995639086,57.52173233,-0.8341536522,-1.493799448,67.84508514
0.1698278934,0.3248223364,0.0001112429309,0.03002539091,1,-3.385887623,0.03002559766,-0.02690014243,98.39909363,-1.349176764,-0.9246665239,89.78771973
0.1698278934,0.3296658993,-0.01281465683,0.02920257859,1,-2.241716862,0.03189053014,0.7618072033,38.31282806,-1.727138281,1.569004059,113.6927948
0.1698278934,0.3345094621,-0.0191121567,0.02611568198,1,-1.266077638,0.03236206621,0.8420638442,27.41006279,-0.3815849721,2.778035164,126.1976624
0.1698278934,0.3393530548,-0.02079523914,0.01982555166,1,-0.4574985504,0.02873141877,0.3364120722,0,0.653473258,2.930762768,136.3674927
0.1698278934,0.3441966176,-0.01816293783,0.01354974229,1,0.2316877842,0.02266027033,-0.7695131898,0,1.290802598,2.495032549,143.2766724
0.1698278934,0.3490402102,-0.01342093851,0.004013470374,1,0.7456647754,0.01400819514,-1.70407784,0,1.212385654,2.233607531,163.3509369
0.1746714562,0.237637952,0.01233403757,0.0007554398617,1,0.4754571617,0.0123571502,0.607383132,0,0.9467256069,-1.062897921,3.504895687
0.1746714562,0.2424815297,0.01577826403,0.004800507799,1,-0.04049396515,0.0164923761,0.2543617785,0,1.064632058,-0.7701300383,16.92228699
0.1746714562,0.2473251075,0.01729452983,0.005717645865,1,-0.4911598861,0.01821516454,-0.1808611155,0,0.9490128756,-0.3866411448,18.29410744
0.1746714562,0.2521686852,0.01799591072,0.005797219463,1,-0.8754723072,0.01890662871,-0.4341501892,0,0.760479033,-0.3694652021,17.85587502
0.1746714562,0.257012248,0.01673755236,0.005404339638,1,-1.129567862,0.0175884217,-0.0263020806,34.38432312,0.312618345,0.1288712472,17.89459991
0.1746714562,0.2618558407,0.01403895207,0.005045625381,1,-1.496782064,0.01491812617,0.1678358912,46.71027374,0.1978888512,0.1726690531,19.7685318
0.1746714562,0.2666994035,0.01044626161,0.005380929913,1,-1.612929583,0.01175069343,0.2687303722,50.35190201,0.06528681517,0.06260528415,27.25325775
0.1746714562,0.2715429962,0.006542823743,0.006044008303,1,-1.383230448,0.008907221258,0.2363747954,42.40780258,0.2574932575,-0.1269617975,42.73055649
0.1746714562,0.276386559,0.004993665963,0.007140778936,1,-1.101358056,0.008713634685,0.02424012125,31.1257534,0.4975004494,-0.2428695112,55.03426361
0.1746714562,0.2812301517,0.003617991926,0.007337774616,1,-1.096457601,0.008181246929,-0.1424419284,29.86208725,0.5420244932,-0.2337754369,63.75375748
0.1746714562,0.2860737145,0.002308226423,0.007583159953,1,-0.73404181,0.007926678285,-0.2673798203,0,0.7596803904,-0.3061440587,73.07035828
0.1746714562,0.2909172773,0.00374217378,0.007525531575,1,-0.2131376863,0.008404610679,0.03700566292,0,0.8560494781,-0.5451978445,63.56050873
0.1746714562,0.29576087,0.005422219634,0.01040310785,1,-0.08179810643,0.01173137315,0.3853053451,0,0.7731534243,-0.7059311271,62.47095108
0.1746714562,0.3006044328,0.007090806961,0.01281102002,1,-0.2901750803,0.01464246493,0.1660508215,0,0.8805502653,-0.6757134199,61.03578568
0.1746714562,0.3054480255,0.008281747811,0.01448025834,1,-0.4822269678,0.01668128371,0.08874982595,0,0.7161996365,-0.9550281167,60.23330688
0.1746714562,0.3102915883,0.008224071935,0.01786663942,1,-0.4238982797,0.01966855675,0.1194941401,12.2712183,0.1242455691,-1.20149684,65.28323364
0.1746714562,0.315135181,0.006830356549,0.02087858133,1,0.3548142314,0.02196745202,0.06585913897,0,-0.6572136283,-1.93251729,71.88466644
0.1746714562,0.3199787438,0.006759376731,0.02754593082,1,-0.6834913492,0.02836313657,0.2046635747,0,-1.078059435,-1.680418491,76.21286011
0.1746714562,0.3248223364,-0.001701851957,0.03000912257,1,-0.8391091228,0.03005734086,-0.3050878942,0,-1.994343042,0.09924631566,93.24582672
0.1746714562,0.3296658993,-0.006964669563,0.02558750659,1,-0.4705745578,0.0265184287,0.1912364364,0,-1.775812387,1.400230646,105.2264786
0.1746714562,0.3345094621,-0.01258236822,0.02415328287,1,-0.2993905544,0.02723411657,0.5075781941,0,-1.370836139,1.662283182,117.5167389
0.1746714562,0.3393530548,-0.01505454257,0.01999460347,1,-0.1957643777,0.02502845228,0.1029758453,0,-0.5740637183,1.850188136,126.9772034
0.1746714562,0.3441966176,-0.01631109044,0.01569052413,1,-0.3680283427,0.02263281308,-0.5035164952,0,0.06842322648,1.608341217,136.1109161
0.1746714562,0.3490402102,-0.01650570333,0.009765656665,1,-0.9919607639,0.01917827688,-1.114637494,0,0.9116019011,1.331838965,149.3891754
0.179515034,0.237637952,0.01174980402,0.002106443746,1,0.1777344346,0.01193712745,1.192624092,0,0.8758059144,-0.8316558599,10.16372204
0.179515034,0.2424815297,0.01430125628,0.007008822635,1,0.06812390685,0.01592637785,0.31633237,0,0.809014678,-0.9704061747,26.1087532
0.179515034,0.2473251075,0.01599829271,0.008338862099,1,-0.191328451,0.01804111898,-0.1232941002,0,0.6846088171,-0.5359586477,27.5300827
0.179515034,0.2521686852,0.01669049822,0.009007595479,1,-0.5734128952,0.01896600798,-0.3119710088,0,0.6674693823,-0.4637104869,28.35502815
0.179515034,0.257012248,0.01645386219,0.009073822759,1,-0.9886876345,0.0187899936,-0.167448476,25.22294617,0.5619958639,-0.2977855802,28.87544823
0.179515034,0.2618558407,0.01462378353,0.009638893418,1,-1.354872346,0.01751465909,0.0317812711,41.87977219,0.2963863611,-0.07955474406,33.38985062
0.179515034,0.2666994035,0.01132700313,0.009613087401,1,-1.56334281,0.01485639438,0.1982973814,49.12438202,0.03564858437,0.033035703,40.32085419
0.179515034,0.2715429962,0.007224277593,0.0104393512,1,-1.592358708,0.01269528456,0.2065773308,49.73597717,0.1710720658,-0.05436491966,55.31585312
0.179515034,0.276386559,0.004442891106,0.01087698154,1,-1.35917592,0.01174938306,-0.05241275579,41.74240112,0.3304981589,-0.1910742521,67.78160095
0.179515034,0.2812301517,0.002241797047,0.01111096889,1,-1.22538352,0.01133487001,-0.1861614585,36.40092087,0.3837171793,-0.2807133794,78.59290314
0.179515034,0.2860737145,0.0003662146628,0.01133495104,1,-0.7411612272,0.01134086493,-0.3190132082,0,0.8075859547,-0.2058017403,88.14950562
0.179515034,0.2909172773,0.002563529182,0.01056262199,1,-0.08006474376,0.01086925343,-0.07098980248,0,1.023280263,-0.2235669643,76.35818481
0.179515034,0.29576087,0.00493475236,0.0120739704,1,0.007729291916,0.01304348744,0.3572483659,0,0.6837288141,-0.5732697845,67.76967621
0.179515034,0.3006044328,0.005912660155,0.01506965887,1,-0.2448895276,0.01618808694,0.3471256495,0,0.5042486191,-0.7488021851,68.57717896
0.179515034,0.3054480255,0.006190978456,0.01738218218,1,-0.4274531007,0.01845178753,0.02091091871,5.574359894,0.3890128732,-0.6914439201,70.39572906
0.179515034,0.3102915883,0.005726472009,0.01852000505,1,-0.2409708798,0.01938512549,-0.1461387277,6.063908577,-0.009386666119,-0.650180459,72.81815338
0.179515034,0.315135181,0.004978352226,0.01982354745,1,-0.1642198861,0.02043910511,0.1548625529,0,-0.4044501483,-0.7583165169,75.90266418
0.179515034,0.3199787438,0.002972074552,0.02294305898,1,0.04005074501,0.02313476056,0.02311858535,0,-1.250750303,-0.9279111624,82.61893463
0.179515034,0.3248223364,-0.0008857652429,0.0244299341,1,0.07139372826,0.02444598638,0.1063073725,0,-1.739241004,0.1192093417,92.07647705
0.179515034,0.3296658993,-0.005106273573,0.02288056724,1,-0.1255060434,0.0234434288,-0.05425667763,0,-1.467642665,0.6691517234,102.5805893
0.179515034,0.3345094621,-0.008602281101,0.02092606016,1,0.09954440594,0.02262519114,0.08630466461,0,-1.385510802,1.095338702,112.3465729
0.179515034,0.3393530548,-0.01133495197,0.01799323224,1,-0.02461019158,0.02126587741,0.08141535521,0,-0.8444501162,1.167871237,122.2091293
0.179515034,0.3441966176,-0.01281164214,0.01566372626,1,-0.1676451862,0.0202358719,0.1277917325,3.116662264,-0.04582433775,1.110478997,129.2803497
0.179515034,0.3490402102,-0.01236890815,0.01323350985,1,-0.7148765326,0.01811396331,0.1463931799,0,0.8976887465,1.149869919,133.0658417
0.1843586117,0.237637952,0.01408241503,0.004136603326,1,-0.7037488222,0.01467739418,1.057436109,0,0.09584748745,-0.6984834671,16.36975479
0.1843586117,0.2424815297,0.01261020638,0.008389069699,1,-0.1304825693,0.01514575165,0.2932376862,0,0.1343996972,-0.9091199636,33.63424683
0.1843586117,0.2473251075,0.01410138793,0.009960316122,1,0.08783855289,0.0172643289,0.03517106175,0,0.2484068573,-0.6706005335,35.23493195
0.1843586117,0.2521686852,0.01423883718,0.01180752926,1,-0.3300435543,0.01849762723,-0.07328307629,0,0.4090693593,-0.6833453774,39.66715622
0.1843586117,0.257012248,0.01448415499,0.0129151959,1,-0.5430530906,0.01940600574,-0.2657875419,4.267410755,0.4540115595,-0.5209906101,41.72267151
0.1843586117,0.2618558407,0.01380755752,0.01304362528,1,-0.8102273345,0.01899433695,-0.2149190158,23.86120796,0.2079011798,-0.2583937049,43.37033844
0.1843586117,0.2666994035,0.01156674139,0.01312576886,1,-1.403461814,0.01749500819,0.133146137,44.23544312,0.05580484867,-0.1851511002,48.6127243
0.1843586117,0.2715429962,0.007280076388,0.0145853227,1,-1.516780853,0.01630126312,0.193552345,47.59518814,-0.0837765336,-0.2604669929,63.47451019
0.1843586117,0.276386559,0.003814317752,0.01532484684,1,-1.313613892,0.01579240151,0.0112825036,41.5235405,0.0906688571,-0.1014969572,76.02321625
0.1843586117,0.2812301517,0.00135664735,0.01513157878,1,-0.9614361525,0.015192274,0.04886642098,30.16381836,0.1256750822,0.09845982492,84.87674713
0.1843586117,0.2860737145,-0.0002337557817,0.01508463733,1,-0.3566712141,0.01508644875,0.02577809989,0,0.5546283722,0.4927710295,90.88779449
0.1843586117,0.2909172773,0.002315465128,0.01286966912,1,0.1060900986,0.01307630539,-0.1281303316,0,0.8456152678,0.1624137908,79.80066681
0.1843586117,0.29576087,0.004375902936,0.01367736422,1,-0.02124229074,0.01436032169,0.2822023928,0,0.6054778099,-0.4548271596,72.25857544
0.1843586117,0.3006044328,0.005145255476,0.01643952914,1,-0.04207910597,0.01722590439,0.3715187311,0,0.177942723,-0.6107119322,72.62088776
0.1843586117,0.3054480255,0.005033968948,0.01843487471,1,-0.05841256306,0.01910982653,0.07365550101,0,-0.1022573709,-0.4525684118,74.72673035
0.1843586117,0.3102915883,0.004367038142,0.01898833551,1,-0.06942053884,0.01948404126,-0.07782974839,0,-0.1631531417,-0.3421246111,77.0480423
0.1843586117,0.315135181,0.003907480277,0.01971500739,1,0.00301592052,0.02009850554,0.02200891078,0,-0.4138888121,-0.453982234,78.78936005
0.1843586117,0.3199787438,0.002376943361,0.02129383571,1,0.01008024812,0.02142608911,0.01365733147,0,-0.9426603913,-0.3010202348,83.63067627
0.1843586117,0.3248223364,-0.000609544164,0.02123917267,1,-0.0689240694,0.02124791779,-0.1999862194,0,-1.244840503,0.2556836605,91.64387512
0.1843586117,0.3296658993,-0.003986377735,0.01908676326,1,-0.04494678974,0.01949860901,-0.2796760201,0,-1.245310545,0.6037377715,101.7969666
0.1843586117,0.3345094621,-0.006858986802,0.01696030237,1,0.03406769037,0.01829474233,-0.03129085898,0,-1.069902897,0.6011172533,112.019104
0.1843586117,0.3393530548,-0.0090035256,0.01602364518,1,-0.02882477641,0.01837989874,0.3907977343,0,-0.6843758821,0.5311339498,119.331192
0.1843586117,0.3441966176,-0.01031342987,0.01628057286,1,-0.1155084819,0.01927236095,0.6376508474,0,-0.1371201724,0.3171033859,122.3534698
0.1843586117,0.3490402102,-0.01022715215,0.01757624187,1,-0.132139504,0.02033516392,0.5794690251,0,0.1677650213,0.04446572065,120.1939926
0.1892021894,0.237637952,0.01348841935,0.005979350768,1,-0.8464136124,0.01475432515,0.006494164467,0,-0.04971596599,-0.9483577609,23.90747643
0.1892021894,0.2424815297,0.01131818257,0.008291800506,1,0.2356482297,0.01403050963,-0.01048234105,0,-0.3528918624,-0.658192873,36.22683716
0.1892021894,0.2473251075,0.01292054076,0.009116587229,1,0.5272605419,0.01581304893,0.04066756368,15.71045589,-0.1747263223,-0.8462276459,35.20635986
0.1892021894,0.2521686852,0.01302570943,0.01258754637,1,0.1384521425,0.01811395586,0.04310742021,0,-0.1957445145,-0.9451296329,44.01994324
0.1892021894,0.257012248,0.01264304109,0.01390318293,1,-0.01866460592,0.0187921524,-0.3237276971,0,-0.1247113869,-0.7330803871,47.71777344
0.1892021894,0.2618558407,0.01233125664,0.01457027812,1,-0.3043367565,0.01908802986,-0.2313601077,6.23499012,-0.01937603951,-0.8048981428,49.75777435
0.1892021894,0.2666994035,0.01107511297,0.01668115892,1,-0.9459620714,0.02002296597,-0.109818995,29.24894524,-0.175334096,-0.6899564266,56.41864395
0.1892021894,0.2715429962,0.006900171284,0.01738021895,1,-1.054631472,0.01869984902,-0.09826339036,30.69995308,-0.4048645198,-0.3042216897,68.34628296
0.1892021894,0.276386559,0.004005930386,0.01767873392,1,-0.4906968474,0.01812691614,-0.07760027051,11.42285156,-0.3237400055,0.1296312958,77.23261261
0.1892021894,0.2812301517,0.002955383155,0.01637647673,1,0.02652159333,0.01664101332,0.01490826905,0,-0.2594243586,0.4133394957,79.7702179
0.1892021894,0.2860737145,0.002877847757,0.01574890129,1,0.09740793705,0.01600968093,0.1789935231,0,-0.1440263838,0.6397920847,79.64440918
0.1892021894,0.2909172773,0.002729583764,0.01414456964,1,-0.2103520632,0.01440553647,0.1342162788,0,0.4623937011,0.2662185431,79.07746887
0.1892021894,0.29576087,0.004098630976,0.0151095381,1,-0.05213133991,0.01565557159,0.2239924222,0,0.470112741,-0.1870223731,74.82309723
0.1892021894,0.3006044328,0.004754109308,0.01613535173,1,0.294859767,0.01682114974,0.09855973721,4.340809345,-0.2417888045,-0.3268031776,73.58295441
0.1892021894,0.3054480255,0.004355684388,0.01716981642,1,0.5668325424,0.01771368273,0.0294034183,0,-0.7860338688,-0.369197011,75.76534271
0.1892021894,0.3102915883,0.003692390397,0.01806600392,1,0.4748495221,0.01843947545,-0.006900727749,0,-0.7782675624,-0.1378825605,78.44878387
0.1892021894,0.315135181,0.002886055736,0.01780423708,1,0.3149679899,0.01803663373,-0.09396301955,0,-0.7510465384,-0.148134023,80.79248047
0.1892021894,0.3199787438,0.001580209937,0.01832838543,1,0.1038383245,0.01839637943,-0.07681371272,0,-0.8268671036,-0.2688317299,85.07234192
0.1892021894,0.3248223364,-0.0006159903132,0.0187342912,1,-0.2152204514,0.01874441467,-0.1422319561,0,-0.8412021995,0.1182930693,91.88322449
0.1892021894,0.3296658993,-0.003536655335,0.01706651226,1,-0.5347601175,0.01742910594,-0.1018800288,0,-0.5442579985,0.5495821834,101.7075653
0.1892021894,0.3345094621,-0.005842282437,0.01557889301,1,-0.5427433848,0.01663833484,0.1701754183,15.66766262,-0.1453531533,0.6343969107,110.5566788
0.1892021894,0.3393530548,-0.006869504228,0.01481801923,1,-0.2102356553,0.01633290574,0.5161011219,0,-0.2738968432,0.520198226,114.8720322
0.1892021894,0.3441966176,-0.008187215775,0.01555904839,1,0.2217677236,0.01758165285,0.2344336957,0,-0.7332341671,0.2616653442,117.7534714
0.1892021894,0.3490402102,-0.00934683159,0.01468612067,1,0.838187933,0.01740819961,-0.330406487,0,-1.317012668,0.0300399214,122.4742966
0.1940457672,0.237637952,0.009520425461,0.007995470427,1,-0.4470082521,0.01243245974,-1.326505899,0,0.3854836822,-0.3119499087,40.02430725
0.1940457672,0.2424815297,0.009371425956,0.005538430065,1,0.6385682821,0.01088567078,-0.5500887632,0,-0.4983476102,-0.2537618876,30.58271408
0.1940457672,0.2473251075,0.01019959524,0.006560188252,1,0.5792406201,0.01212715171,-0.08170607686,0,-0.4763422608,-1.041821122,32.74836349
0.1940457672,0.2521686852,0.009869822301,0.0101888217,1,0.409126848,0.01418539695,-0.04855948687,0,-0.5813494921,-1.254562855,45.91111755
0.1940457672,0.257012248,0.009365422651,0.01240155008,1,0.1983867884,0.0155405784,-0.239513427,0,-0.4216642976,-1.113873959,52.94057083
0.1940457672,0.2618558407,0.008788360283,0.01442385465,1,-0.1424162835,0.01689031906,-0.2713879347,0,-0.202877149,-1.19153738,58.64632034
0.1940457672,0.2666994035,0.007692967076,0.01685836539,1,-0.3935277462,0.01853068359,-0.3567225635,0,-0.3203560114,-1.039826035,65.4713974
0.1940457672,0.2715429962,0.005330608692,0.01773251966,1,-0.4471110702,0.01851641573,-0.3988761604,0,-0.3016397953,-0.249224335,73.26858521
0.1940457672,0.276386559,0.004066334106,0.01613351516,1,0.1229181737,0.01663807034,-0.3989958465,0,-0.5151302814,0.4239376485,75.85366058
0.1940457672,0.2812301517,0.003430898767,0.01374657732,1,0.5084630847,0.01416825503,-0.1308178157,0,-0.5774695277,0.3271667361,75.98629761
0.1940457672,0.2860737145,0.003732096171,0.01391523145,1,0.4636496007,0.01440701913,0.4222181141,0,-0.2935055196,-0.06948363781,74.98647308
0.1940457672,0.2909172773,0.004255002365,0.01612816565,1,-0.324586302,0.01668001153,0.5515034795,0,0.4944759905,0.07836920023,75.22073364
0.1940457672,0.29576087,0.00455497019,0.01620689407,1,-0.2487803251,0.01683481969,-0.1419670582,0,0.2043376118,0.3303976953,74.3019104
0.1940457672,0.3006044328,0.004039740656,0.01384023018,1,0.3533983827,0.0144177489,-0.5939277411,0,-0.5942984223,0.2989521623,73.72832489
0.1940457672,0.3054480255,0.003388152225,0.01188216079,1,1.053079009,0.01235578116,-0.2948779762,0,-1.13028872,-0.1046333835,74.08470917
0.1940457672,0.3102915883,0.003665769007,0.01291876566,1,0.9952549338,0.01342878863,0.2700771689,0,-1.130132079,-0.2810696363,74.15842438
0.1940457672,0.315135181,0.002734864363,0.01455168333,1,0.3656513393,0.01480645034,0.3679865897,0,-0.9773863554,-0.4304161966,79.35591125
0.1940457672,0.3199787438,0.0007027828833,0.01678589173,1,-0.038749367,0.01680059731,0.196202457,0,-0.6756726503,-0.5585078001,87.60256958
0.1940457672,0.3248223364,-0.0007254939992,0.01820718125,1,-0.1513819396,0.01822162978,0.2101608217,0,-0.369035095,-0.2553768456,92.28182983
0.1940457672,0.3296658993,-0.001817897544,0.01904075965,1,-0.6384728551,0.01912734285,0.4248336256,0,0.1767292619,0.2848722637,95.45372009
0.1940457672,0.3345094621,-0.002961978083,0.01888509281,1,-0.906213522,0.01911596209,0.2513788939,0,0.4589755833,0.9379503727,98.91377258
0.1940457672,0.3393530548,-0.003984129056,0.01571529731,1,-0.6960881352,0.01621245965,-0.150652647,0,-0.3255859017,1.342075706,104.2258606
0.1940457672,0.3441966176,-0.007910535671,0.01165494695,1,0.01138943434,0.01408596337,-0.8283728957,0,-1.600683928,0.9426190257,124.1658325
0.1940457672,0.3490402102,-0.01168200094,0.007137360517,1,0.7798587084,0.013689816,-1.414809942,0,-2.337159634,0.4505766928,148.5762939
