PIVlab, ASCII chart output - 13-Mar-2024
FRAME: 38, filenames: A:[38]2 vortices tapados mismo sentido clase 4.mp4 & B:[39]2 vortices tapados mismo sentido clase 4.mp4, conversion factor xy (px -> m): 0.00030272, conversion factor uv (px/frame -> m/s): 0.0090842
x [m],y [m],u [m/s],v [m/s],Vector type [-],vorticity [1/s],magnitude [m/s],divergence [1/s],dcev [1],simple shear [1/s],simple strain [1/s],vector direction [degrees]
0.1262357086,0.237637952,0.01010943111,1.317747683e-05,1,0.9103932977,0.01010943949,-1.447449923,0,-0.6565784812,-0.1896042228,0.07468406111
0.1262357086,0.2424815297,0.01072411705,-0.003033059184,1,0.04846632481,0.01114478055,-1.275266647,0,-0.02545350045,-0.1522972584,-15.79228306
0.1262357086,0.2473251075,0.01022089552,-0.005426012445,1,-0.5526279211,0.0115718767,-0.8353205919,0,0.2041838467,-0.07464021444,-27.96269226
0.1262357086,0.2521686852,0.009036401287,-0.006717473734,1,-0.7135059834,0.01125970669,-0.3952496648,0,0.2150460482,0.1061775088,-36.6263504
0.1262357086,0.257012248,0.007806569804,-0.007854710333,1,-0.5990952253,0.01107424963,-0.005409006029,0,0.2671233416,0.08102810383,-45.17611694
0.1262357086,0.2618558407,0.007428469602,-0.007136138622,1,-0.398083806,0.01030080765,0.193743512,0,0.200190708,0.08327899873,-43.85015106
0.1262357086,0.2666994035,0.006848059129,-0.007319666911,1,-0.3930405974,0.01002364419,0.146258533,0,0.0673379004,0.2366855443,-46.90652466
0.1262357086,0.2715429962,0.005850903224,-0.007574128918,1,-0.4984949231,0.009570814669,0.07397029549,0,0.0565751791,0.07368976623,-52.31444168
0.1262357086,0.276386559,0.004707586486,-0.007318308111,1,-0.4033578932,0.008701666258,0.08032538742,0,0.07719659805,-0.02736846171,-57.24837875
0.1262357086,0.2812301517,0.004271115642,-0.007052505389,1,-0.09903077036,0.008245014586,-0.0465628691,0,0.1173668727,0.02305677161,-58.8001976
0.1262357086,0.2860737145,0.004796398804,-0.007655516267,1,-0.03478003293,0.009033956565,-0.3030090332,0,0.2040680945,0.08837749809,-57.93168259
0.1262357086,0.2909172773,0.005091072991,-0.008948210627,1,-0.1466983557,0.01029512007,-0.2621744275,0,0.162463665,0.0622555986,-60.36234283
0.1262357086,0.29576087,0.004872759338,-0.009226918221,1,-0.1808106005,0.01043454837,-0.03583226353,0,-0.1069018245,0.07076847553,-62.16134644
0.1262357086,0.3006044328,0.003697515465,-0.009464539587,1,-0.06787118316,0.0101611577,0.1327459067,0,-0.4284128547,0.1875864416,-68.66088867
0.1262357086,0.3054480255,0.002468968974,-0.009492542595,1,0.2413121611,0.009808372706,0.1057704985,0,-0.6605786681,0.3449228406,-75.4206543
0.1262357086,0.3102915883,0.00166676566,-0.01062289253,1,0.339884311,0.01075285766,-0.1110630929,0,-0.709785223,0.7464138269,-81.08281708
0.1262357086,0.315135181,0.0006773252971,-0.0136457989,1,-0.1567801535,0.0136625981,-0.1949726045,0,-0.3655437231,0.697062254,-87.15838623
0.1262357086,0.3199787438,-0.0008631505771,-0.01494353265,1,-0.4596450031,0.01496843994,-0.3113236725,0,-0.3168232739,0.6487076879,-93.30577087
0.1262357086,0.3248223364,-0.003083559219,-0.01829578541,1,-1.287577868,0.01855381578,0.0152284652,0,0.1950629354,0.3875492215,-99.56668091
0.1262357086,0.3296658993,-0.006154831965,-0.01674689725,1,-1.209805727,0.01784209907,0.7402684093,0,-0.04541784525,-0.1223526001,-110.1794281
0.1262357086,0.3345094621,-0.009163313545,-0.01411762647,1,-0.7527567744,0.01683073677,0.6508843899,0,-0.6650107503,0.04808959365,-122.986351
0.1262357086,0.3393530548,-0.01302189939,-0.01382721402,1,-0.3934587836,0.01899372786,1.041572213,0,0.110216856,0.2914729416,-133.2819824
0.1262357086,0.3441966176,-0.01053521782,-0.0104844626,1,0.9712259769,0.01486320142,0.7992705703,0,1.1528368,-0.5351040959,-135.1383514
0.1262357086,0.3490402102,-0.002733836183,-0.007364066318,1,1.42188096,0.007855147123,-0.4198919535,0,1.79943943,-1.708355546,-110.3669357
0.1310792714,0.237637952,0.006144843996,-0.003781685606,1,0.6760116816,0.007215279154,-0.2603855729,0,-0.2127073407,-0.4955872297,-31.60914612
0.1310792714,0.2424815297,0.007266869303,-0.003212076845,1,0.201508075,0.007945112884,-0.2675493956,0,0.1850502491,-0.3064680696,-23.84622383
0.1310792714,0.2473251075,0.008017169312,-0.003593179863,1,-0.08040770143,0.008785553277,-0.2928625345,0,0.3012077808,-0.03341653943,-24.14123535
0.1310792714,0.2521686852,0.008336331695,-0.004468723666,1,-0.2119334787,0.009458536282,-0.2405440062,0,0.2062627524,0.2061798722,-28.19371033
0.1310792714,0.257012248,0.007989702746,-0.005756918341,1,-0.2351497412,0.009847713634,-0.05659339577,3.477456093,0.1862243116,0.1949819624,-35.77434158
0.1310792714,0.2618558407,0.008099357598,-0.005687248427,1,-0.1289284378,0.009896685369,-0.01061802357,2.546290159,0.08469733596,0.0818368718,-35.07596207
0.1310792714,0.2666994035,0.007775465958,-0.006204730831,1,-0.2811832428,0.009947691113,-0.03471393511,6.76673317,-0.1092005223,0.0773152411,-38.58945847
0.1310792714,0.2715429962,0.006208503619,-0.006229870487,1,-0.41103369,0.008795271628,0.06248249486,9.379310608,-0.1958791018,0.05211399123,-45.098423
0.1310792714,0.276386559,0.004835836589,-0.006154510193,1,-0.3085730076,0.007827088237,0.04098533839,7.587228775,-0.1031711251,0.1026271954,-51.84191132
0.1310792714,0.2812301517,0.004214189015,-0.006528437603,1,-0.1116168797,0.007770449389,-0.07091768831,2.269120216,-0.003840852529,0.1195547655,-57.15724564
0.1310792714,0.2860737145,0.004276608117,-0.007077078335,1,-0.04747198895,0.00826888252,-0.1927251518,0,0.1285536885,0.1522791982,-58.85585022
0.1310792714,0.2909172773,0.00460691331,-0.008199487813,1,-0.07518281788,0.009405065328,-0.2043365091,0,0.2157316208,0.2025629133,-60.67037964
0.1310792714,0.29576087,0.0049573672,-0.009047927335,1,-0.09055130184,0.01031699963,-0.1371654272,0,0.06296364963,0.3042861223,-61.28162384
0.1310792714,0.3006044328,0.004473290406,-0.01033769269,1,-0.08138474822,0.01126402337,-0.03163403273,0,-0.2070213854,0.5111047626,-66.60106659
0.1310792714,0.3054480255,0.003560449695,-0.011676725,1,0.1517727822,0.01220748574,0.05973687768,0,-0.4135305285,0.6434520483,-73.04256439
0.1310792714,0.3102915883,0.003205446294,-0.01316496264,1,0.1790009439,0.01354958024,0.1320794225,0,-0.5232037306,0.6429938078,-76.3157196
0.1310792714,0.315135181,0.001893276582,-0.01415137853,1,-0.1881167144,0.01427746471,0.1576385945,0,-0.4831900597,0.4534296393,-82.37979126
0.1310792714,0.3199787438,-4.608028758e-05,-0.01459764969,1,-0.3745726347,0.01459772233,0.1161471531,0,-0.4515514374,0.2304788828,-90.18086243
0.1310792714,0.3248223364,-0.002108119661,-0.01470515318,1,-0.7214465737,0.01485549379,0.1056295186,17.79645538,-0.2308029383,-0.03283122554,-98.15829468
0.1310792714,0.3296658993,-0.004658374935,-0.0139270043,1,-0.7099776268,0.0146854315,0.06982922554,15.3991642,-0.3971478641,-0.09534431994,-108.4943237
0.1310792714,0.3345094621,-0.007470551413,-0.01390512474,1,-0.5343261957,0.01578485407,0.1388657838,0,-0.5258778334,-0.133573845,-118.246994
0.1310792714,0.3393530548,-0.009793555364,-0.01260742173,1,-0.4218733311,0.01596435905,0.6379678249,0,-0.07877165079,-0.1590636522,-127.8403778
0.1310792714,0.3441966176,-0.009895464405,-0.01004464086,1,-0.02340598404,0.01410017814,0.7135490179,0,0.4168277383,-0.557767272,-134.5713654
0.1310792714,0.3490402102,-0.007887986489,-0.006449702196,1,0.2752640843,0.0101891607,0.05417668819,0,0.5536569357,-1.430233479,-140.7284546
0.1359228492,0.237637952,0.006447823718,-0.004291395657,1,0.2557882369,0.007745353505,0.5264648199,0,0.3619366586,0.03979079425,-33.64603806
0.1359228492,0.2424815297,0.007943823002,-0.003112773877,1,0.2220955044,0.008531921543,0.4286980629,0,0.2306103855,0.2813349366,-21.39764786
0.1359228492,0.2473251075,0.008640539832,-0.003577630967,1,0.1443184614,0.009351918474,0.139353931,0,0.04689004272,0.4653809071,-22.49208832
0.1359228492,0.2521686852,0.008869956248,-0.00469191093,1,0.02687224373,0.01003444847,-0.001662954688,0,-0.06066452339,0.4600057006,-27.87734985
0.1359228492,0.257012248,0.008476864547,-0.005813755561,1,-0.1022064686,0.01027895883,0.005407720804,0,-0.1241826117,0.2964149714,-34.44381332
0.1359228492,0.2618558407,0.007773423102,-0.006101427134,1,-0.07406606525,0.009881979786,-0.06284090877,0,-0.2196141481,0.07608553767,-38.12867737
0.1359228492,0.2666994035,0.007054401562,-0.00648665661,1,-0.1059914902,0.009583386593,-0.1176799089,0,-0.176333636,-0.02878170088,-42.59912872
0.1359228492,0.2715429962,0.006405959371,-0.006532012485,1,-0.151677534,0.009148961864,0.03722240776,0,-0.1892311424,0.003522759303,-45.55820847
0.1359228492,0.276386559,0.005403183866,-0.006323429756,1,-0.199815914,0.008317461237,0.1113673076,0,-0.1923046857,0.1110518798,-49.48708725
0.1359228492,0.2812301517,0.004506692756,-0.00653048465,1,-0.1283879727,0.007934576832,0.1276102513,0,-0.03733411804,0.2266060263,-55.39041519
0.1359228492,0.2860737145,0.004600496031,-0.006802923512,1,-0.01887497306,0.00821244996,0.1067436263,0,0.1377522796,0.3149914443,-55.93136978
0.1359228492,0.2909172773,0.005082482472,-0.007539146114,1,0.0001257061958,0.009092323482,-0.008651927114,0,0.2232059389,0.338288784,-56.01429367
0.1359228492,0.29576087,0.005682220217,-0.008483357728,1,-0.0422661975,0.0102105327,-0.07792526484,0,0.2357973456,0.4452258945,-56.18551254
0.1359228492,0.3006044328,0.006019865628,-0.01007306948,1,-0.1098175347,0.01173479948,-0.03024274111,0,0.1496009231,0.7434149981,-59.13662338
0.1359228492,0.3054480255,0.005874914117,-0.0122306291,1,-0.1058818027,0.01356845256,0.07379078865,1.945397377,-0.01778262109,0.8895102739,-64.34295654
0.1359228492,0.3102915883,0.005420887377,-0.01402407046,1,-0.2202112228,0.01503531076,0.1774599552,0,-0.2418102175,0.7647073269,-68.8664093
0.1359228492,0.315135181,0.003637077287,-0.01507500745,1,-0.2922614217,0.01550755277,0.2444207668,0,-0.658509016,0.5112306476,-76.43572998
0.1359228492,0.3199787438,0.0008157569682,-0.01531638484,1,-0.2878830135,0.01533809304,0.1458646357,0,-1.026854396,0.3201801777,-86.95128632
0.1359228492,0.3248223364,-0.002730955603,-0.01591931842,1,-0.2811126411,0.01615186781,-0.05578866228,0,-1.183542967,-0.07327574492,-99.73431396
0.1359228492,0.3296658993,-0.006278416142,-0.01523168478,1,-0.2528336346,0.01647491194,-0.2139694244,0,-1.06989646,-0.5943944454,-112.4011841
0.1359228492,0.3345094621,-0.009137681685,-0.01407670602,1,-0.2884778976,0.01678245701,-0.200923115,0,-0.6248711944,-0.8339898586,-122.9890137
0.1359228492,0.3393530548,-0.01070229337,-0.01216537692,1,-0.09793468565,0.01620294712,0.1667604148,0,-0.03481765836,-1.015123487,-131.3391876
0.1359228492,0.3441966176,-0.009780677967,-0.008352159522,1,-0.05045683682,0.01286157966,0.09533965588,0,0.3195616007,-1.174326301,-139.5045166
0.1359228492,0.3490402102,-0.009398863651,-0.006015650928,1,-0.1179663017,0.01115915272,0.03250774741,0,0.2756237984,-0.9322755337,-147.3791199
0.1407664269,0.237637952,0.008887547068,-0.003267547581,1,0.1346254051,0.009469179437,0.2001058608,0,0.6162337065,0.1601712555,-20.18618393
0.1407664269,0.2424815297,0.0107059693,-0.003170834389,1,0.2542907596,0.01116566081,0.3345831335,0,0.1707468182,0.4992412627,-16.49794388
0.1407664269,0.2473251075,0.01094624959,-0.004065081943,1,0.05199319869,0.01167669799,0.2861987352,0,-0.08288335055,0.6416963339,-20.37336159
0.1407664269,0.2521686852,0.01055635046,-0.004892714787,1,-0.0952488184,0.01163508464,0.201058805,0,-0.2133345306,0.572330296,-24.86703682
0.1407664269,0.257012248,0.009451604448,-0.005863361526,1,-0.1862971485,0.01112258155,0.06273174286,0,-0.307726413,0.3723184168,-31.81365204
0.1407664269,0.2618558407,0.008163508959,-0.006392221898,1,-0.06059142947,0.01036838349,-0.01991770044,0,-0.4319239855,0.120903194,-38.06179047
0.1407664269,0.2666994035,0.007066067774,-0.006545438431,1,0.01219083369,0.009631826542,-0.05504540354,0,-0.375074029,-0.05101069808,-42.80954742
0.1407664269,0.2715429962,0.006405855995,-0.006411764305,1,-0.01732628793,0.009063427337,-0.0159014985,0,-0.2207057178,-0.104123354,-45.02640915
0.1407664269,0.276386559,0.005913141184,-0.006118129008,1,-0.02239584923,0.008508627303,0.1001037508,0,-0.07587715238,0.03313814476,-45.97610474
0.1407664269,0.2812301517,0.00592986308,-0.006087411195,1,-0.03959403187,0.008498226292,0.1486660093,0,0.123452194,0.1900224239,-45.75111389
0.1407664269,0.2860737145,0.006319314707,-0.006318442058,1,-0.1038092226,0.008936243132,0.04583271593,0,0.1603114158,0.258810252,-44.99604416
0.1407664269,0.2909172773,0.006203535013,-0.007118981332,1,-0.114915356,0.00944265537,-0.01896024495,0,0.2010297328,0.2665029168,-48.93085098
0.1407664269,0.29576087,0.00673641637,-0.007701104973,1,-0.02550703287,0.01023163367,-0.0216088444,0,0.3814547956,0.3835045099,-48.82271576
0.1407664269,0.3006044328,0.007927595638,-0.009081179276,1,-0.08882321417,0.01205465011,-0.04439491034,0,0.3964175582,0.688308239,-48.88002014
0.1407664269,0.3054480255,0.008226273581,-0.01125000976,1,-0.3133224845,0.01393679716,0.05024880171,3.42911005,0.2805597186,0.9149814248,-53.82484436
0.1407664269,0.3102915883,0.007768906653,-0.01326957904,1,-0.4949793816,0.01537652873,0.1198293865,12.56693649,-0.05687312782,1.085090518,-59.65241241
0.1407664269,0.315135181,0.005553333089,-0.01592532732,1,-0.4100482762,0.01686581038,0.09624737501,0,-0.7373809814,1.109410763,-70.77578735
0.1407664269,0.3199787438,0.002211244078,-0.01817691512,1,-0.04052430391,0.01831092127,0.1785883904,0,-1.670315623,0.8291027546,-83.0639801
0.1407664269,0.3248223364,-0.002733253175,-0.01907614432,1,0.001618266106,0.01927096024,0.02646535449,0,-2.228276491,-0.03390398994,-98.15390778
0.1407664269,0.3296658993,-0.008573748171,-0.0178845115,1,-0.1221812367,0.01983342879,-0.3783929944,0,-1.890795708,-1.109605312,-115.6128387
0.1407664269,0.3345094621,-0.01248323265,-0.01553447172,1,-0.07303115726,0.01992864534,-0.4042055011,0,-1.027171969,-1.556824923,-128.7847595
0.1407664269,0.3393530548,-0.01390266791,-0.0123017095,1,-0.1250821054,0.0185638424,-0.3182275891,0,-0.419636637,-1.821670771,-138.4961395
0.1407664269,0.3441966176,-0.01512162015,-0.008252427913,1,0.1115891039,0.01722689718,-0.6791849732,0,0.2304279804,-2.280974388,-151.3770752
0.1407664269,0.3490402102,-0.01224608161,-0.004543317948,1,0.3195354044,0.01306170877,0.3823584318,0,0.8678222895,-1.149194837,-159.6450653
0.1456100047,0.237637952,0.008192854002,-0.001958688488,1,0.5684614182,0.008423735388,-0.1595284641,0,0.996358037,0.4841019213,-13.44549179
0.1456100047,0.2424815297,0.01198251639,-0.003517425386,1,0.4058570862,0.01248811372,0.3294713497,0,0.6144666672,0.7985930443,-16.35941505
0.1456100047,0.2473251075,0.01313487161,-0.004230916034,1,0.07808923721,0.01379947457,0.2876762152,0,0.05268396437,0.648244977,-17.85443687
0.1456100047,0.2521686852,0.01261592656,-0.005263868254,1,-0.166808337,0.01367003657,0.2182987183,0,-0.3598295748,0.6665200591,-22.64784622
0.1456100047,0.257012248,0.01058406383,-0.006401907653,1,-0.3415941,0.01236959267,0.05987486243,0,-0.5571985841,0.6041289568,-31.1681881
0.1456100047,0.2618558407,0.008262554184,-0.007900005206,1,-0.1560566127,0.01143153012,-0.1825713813,0,-0.6787298918,0.2221906483,-43.71498871
0.1456100047,0.2666994035,0.006540710572,-0.008362404071,1,0.02078315616,0.01061652973,-0.1296112537,0,-0.5241186619,-0.2086661756,-51.96902084
0.1456100047,0.2715429962,0.00582460966,-0.007517096587,1,0.05665324628,0.009509617463,0.03107304871,0,-0.1582639366,-0.3364101648,-52.22974777
0.1456100047,0.276386559,0.006048551295,-0.006582470611,1,0.05048404634,0.008939457126,0.1310388744,0,0.01610863209,-0.2357022166,-47.42047501
0.1456100047,0.2812301517,0.00614715647,-0.005740757566,1,-0.1112842485,0.00841093529,0.05468944833,0,0.1169632301,-0.1639167219,-43.04205704
0.1456100047,0.2860737145,0.006076057907,-0.005523634609,1,-0.1999850273,0.008211517707,-0.08185132593,0,0.2277162969,-0.02650281228,-42.27340698
0.1456100047,0.2909172773,0.006281474605,-0.006008841563,1,-0.1787267029,0.008692704141,-0.05493878573,0,0.4593110383,0.1491607428,-43.72922897
0.1456100047,0.29576087,0.007435089909,-0.006512206513,1,-0.04914188385,0.009883794934,-0.0128647238,0,0.6390436888,0.3409907222,-41.21429825
0.1456100047,0.3006044328,0.009138709866,-0.007722768001,1,-0.02549889684,0.01196482964,-0.01034325361,0,0.6686168909,0.5763940811,-40.19985199
0.1456100047,0.3054480255,0.01055008173,-0.009354114532,1,-0.1876892596,0.01409977581,0.1598691046,0,0.6250314116,1.022723198,-41.56144714
0.1456100047,0.3102915883,0.01125701051,-0.01190206874,1,-0.5152924061,0.01638229191,0.06373751163,11.03053665,0.2936988473,1.572199702,-46.59546661
0.1456100047,0.315135181,0.009476776235,-0.01666046865,1,-0.5260776877,0.01916717179,0.04041683674,0,-0.6219214797,2.375124454,-60.36800003
0.1456100047,0.3199787438,0.005696587265,-0.0232104063,1,-0.2913079262,0.02389924787,-0.1668961048,0,-2.236526251,1.909981728,-76.21032715
0.1456100047,0.3248223364,-0.002766985213,-0.02671998739,1,-1.212872982,0.02686287276,-0.2780360579,0,-2.747472048,-0.1567001492,-95.91217804
0.1456100047,0.3296658993,-0.01348565146,-0.02379810624,1,-0.7827591896,0.02735347673,-0.2823339105,0,-2.493568659,-1.938516855,-119.538887
0.1456100047,0.3345094621,-0.01863608509,-0.01869816147,1,-0.5761933923,0.02639933489,-0.08839797974,0,-0.9890555739,-2.195524693,-134.9047394
0.1456100047,0.3393530548,-0.0210670568,-0.01359207463,1,-0.802844882,0.02507120557,-0.1124095917,19.06987953,-0.3290364742,-2.367273331,-147.1706543
0.1456100047,0.3441966176,-0.02411844023,-0.007776554208,1,0.5635105968,0.02534115128,0.2540099025,0,1.078655958,-1.858497381,-162.1290131
0.1456100047,0.3490402102,-0.01311309543,-0.003359980881,1,1.648398399,0.01353671867,0.9562661052,0,2.895891666,-0.867410481,-165.6282501
0.1504535824,0.237637952,0.01045964379,-0.001194997341,1,0.8938798904,0.01052768528,0.1828203499,0,1.463961124,0.5814596415,-6.517690182
0.1504535824,0.2424815297,0.01616983674,-0.002160417615,1,0.2059088945,0.01631352305,0.2640741765,0,0.8304764032,0.8820341229,-7.610098362
0.1504535824,0.2473251075,0.01547945663,-0.004188134335,1,-0.2543296516,0.01603602432,0.03674602509,6.611357212,-0.01980607957,0.7938744426,-15.13951874
0.1504535824,0.2521686852,0.01484203897,-0.005827628076,1,-0.3632701933,0.01594513655,0.1959107816,5.676214218,-0.2172310054,0.7573817968,-21.43712425
0.1504535824,0.257012248,0.01266775839,-0.006907658651,1,-0.7579852343,0.01442871615,0.1061198413,12.51243687,-0.581237793,0.7453585863,-28.60339165
0.1504535824,0.2618558407,0.008355407976,-0.008923830464,1,-0.9330717921,0.01222487539,-0.232023567,18.65745163,-0.5617248416,0.2380945981,-46.8841362
0.1504535824,0.2666994035,0.005427594762,-0.009184712544,1,-0.604064703,0.01066853944,-0.1029734612,15.44545078,-0.1037748456,-0.4066948295,-59.41955185
0.1504535824,0.2715429962,0.004926932044,-0.007452732418,1,-0.1738175601,0.008934085257,0.1255698204,0,0.169399634,-0.4731783867,-56.53168106
0.1504535824,0.276386559,0.005406196229,-0.006284628995,1,-0.1328704953,0.00828996487,0.0632199049,0,0.2307073176,-0.4469103813,-49.29705429
0.1504535824,0.2812301517,0.005400812253,-0.004981876817,1,-0.2921491265,0.007347643841,-0.0676792711,0,0.3723164797,-0.4883995652,-42.68940353
0.1504535824,0.2860737145,0.005794493016,-0.00424683746,1,-0.2583767176,0.007184133865,-0.02888076007,0,0.5183287263,-0.2256947309,-36.23803329
0.1504535824,0.2909172773,0.006659906358,-0.004028595984,1,-0.2667168677,0.007783568464,0.05195911974,0,0.789311409,0.07693801075,-31.16986275
0.1504535824,0.29576087,0.008325720206,-0.004367824644,1,-0.1962431371,0.009401888587,0.05441521108,0,1.024019718,0.403450489,-27.68232155
0.1504535824,0.3006044328,0.01066930685,-0.005719175562,1,-0.03851878643,0.01210549846,0.07745710015,0,1.200579405,0.6856251955,-28.19309044
0.1504535824,0.3054480255,0.01395425107,-0.007313534152,1,-0.190651536,0.01575464755,0.2648312151,0,1.227775216,1.014688373,-27.65939331
0.1504535824,0.3102915883,0.01569269598,-0.009351166897,1,-0.5129672885,0.01826759428,0.153331697,0,1.194063544,2.027157307,-30.79041672
0.1504535824,0.315135181,0.017253194,-0.01638955437,1,-1.440776587,0.02379685268,-0.07032191753,36.42475891,0.4004956484,3.697051048,-43.52948761
0.1504535824,0.3199787438,0.01065401454,-0.02759873122,1,-2.950520992,0.0295837447,0.188983798,64.95713043,-1.61059618,2.278253555,-68.89177704
0.1504535824,0.3248223364,-0.00483893184,-0.02650909498,1,-4.359004498,0.02694712207,0.0202678591,104.2371216,-1.831590176,-0.2745102644,-100.3447952
0.1504535824,0.3296658993,-0.01933061145,-0.02617095038,1,-2.784335375,0.03253600001,-0.03468346596,67.64771271,-1.077833414,-1.887636185,-126.4506378
0.1504535824,0.3345094621,-0.0235455893,-0.01753420196,1,-1.497708559,0.02935716324,0.7601554394,33.81015396,0.1386732459,-2.577081919,-143.3252716
0.1504535824,0.3393530548,-0.025913205,-0.01000678167,1,-0.8825080991,0.02777822688,0.6928629875,0,1.017224431,-1.738587737,-158.8851776
0.1504535824,0.3441966176,-0.02289308049,-0.005757281091,1,0.7818274498,0.02360591851,1.139600396,0,2.128728151,-1.235873938,-165.883667
0.1504535824,0.3490402102,-0.01181570254,0.001499012811,1,1.983982682,0.01191040967,0.8230839968,0,2.590050936,-2.173160553,172.7697296
0.1552971601,0.237637952,0.01189470384,0.0008025438874,1,0.7647989988,0.01192174759,-0.1353967488,0,1.563676953,0.3992609084,3.85993576
0.1552971601,0.2424815297,0.01753378101,-0.0004922840744,1,0.2414891124,0.01754069142,-0.2004528791,0,0.8451750875,0.6042264104,-1.60823226
0.1552971601,0.2473251075,0.01715804636,-0.003094982821,1,-0.4341803491,0.01743494906,-0.1697941124,3.836636782,0.3721377552,0.6693030596,-10.22510815
0.1552971601,0.2521686852,0.01723327301,-0.004556516185,1,-0.7422749996,0.01782547496,0.155313313,18.08411407,0.2364950478,0.6613109112,-14.81022072
0.1552971601,0.257012248,0.01470826566,-0.005545817781,1,-1.62580514,0.01571906917,0.1125261933,42.34569168,-0.2202090621,0.4314724803,-20.65917778
0.1552971601,0.2618558407,0.008291959763,-0.006101357285,1,-2.10172987,0.0102948118,0.005313269794,55.33023834,-0.09420311451,0.08653286844,-36.34622955
0.1552971601,0.2666994035,0.004072092474,-0.005939211231,1,-1.31088376,0.007201122586,-0.06723032892,32.36010361,0.4538685977,-0.1181554645,-55.56435394
0.1552971601,0.2715429962,0.004140940495,-0.005854697432,1,-0.6407238841,0.00717111351,-0.05405571312,0,0.6650909781,-0.2848268449,-54.72880173
0.1552971601,0.276386559,0.004190116655,-0.004821453243,1,-0.7310782075,0.006387760863,-0.03452694416,11.36912537,0.5892004967,-0.7225164175,-49.00750351
0.1552971601,0.2812301517,0.003453745274,-0.00252236682,1,-0.5010267496,0.004276761785,-0.1116278172,0,0.6358207464,-0.7433615923,-36.14170074
0.1552971601,0.2860737145,0.00484300172,-0.001761601539,1,-0.153980881,0.005153436214,-0.03208981454,0,0.8666902781,-0.3683051467,-19.98843384
0.1552971601,0.2909172773,0.006905797869,-0.0008938866085,1,-0.1155416965,0.006963409949,0.0621746555,0,1.108567238,-0.177283287,-7.375358582
0.1552971601,0.29576087,0.009652798064,-0.0006017683772,1,-0.1159965396,0.009671537206,-0.018294774,0,1.340083599,0.1524907649,-3.5672791
0.1552971601,0.3006044328,0.0128347585,-0.001721099601,1,-0.1307252049,0.01294964179,0.007463872433,0,1.595497131,0.3960373998,-7.637616634
0.1552971601,0.3054480255,0.01674753428,-0.002483854536,1,-0.2100576758,0.01693072543,0.1083424985,0,2.064806461,0.5032638311,-8.436136246
0.1552971601,0.3102915883,0.02181837894,-0.003633931978,1,-0.4283264875,0.02211893164,0.1044836044,0,2.55394268,1.190100312,-9.456025124
0.1552971601,0.315135181,0.02704312094,-0.007742123213,1,-2.579996824,0.02812953666,-0.4082052708,49.55177689,1.718745947,2.293608427,-15.97578716
0.1552971601,0.3199787438,0.01764684357,-0.01672037691,1,-6.893583298,0.02431012504,0.3966185451,180.9125214,0.484777689,1.787354231,-43.4557991
0.1552971601,0.3248223364,-0.003998428117,-0.01447825972,1,-8.097269058,0.01502023451,0.2144689411,213.2054138,-0.2526328564,-0.03077252209,-105.4384308
0.1552971601,0.3296658993,-0.02279655635,-0.01553253084,1,-5.50805378,0.02758518606,-0.1848818064,143.9944611,0.6690373421,-0.9500294924,-145.7312622
0.1552971601,0.3345094621,-0.02743650973,-0.01077221893,1,-2.431579113,0.02947545983,-0.2457511425,44.20957184,1.742924809,-2.546108246,-158.5638733
0.1552971601,0.3393530548,-0.02613210678,-0.004390572663,1,-0.8600904942,0.02649837919,0.5691232085,0,1.448862314,-1.396259308,-170.4625549
0.1552971601,0.3441966176,-0.02458474785,-0.001252735849,1,-0.06855648756,0.02461664379,0.09511226416,0,1.406371593,-0.7237309813,-177.082962
0.1552971601,0.3490402102,-0.01965229586,-0.0004244417651,1,1.006008983,0.01965687796,-0.7401118279,0,1.030682445,-1.082128167,-178.7627411
0.1601407379,0.237637952,0.01173769031,0.00267442991,1,1.08947289,0.01203851961,-0.3088215888,0,1.548186898,0.4802016318,12.83570099
0.1601407379,0.2424815297,0.01812554523,0.0007635822985,1,0.2314798832,0.01814162172,-0.2521679103,0,1.040550232,0.3583517969,2.412296534
0.1601407379,0.2473251075,0.01789886691,-0.0002826697892,1,-0.6292698979,0.01790109836,0.04879063368,0,0.7679848075,0.4308350086,-0.9047745466
0.1601407379,0.2521686852,0.01879742183,-0.001086879289,1,-1.168115497,0.01882881671,0.3185436428,24.48763847,0.6321041584,0.2807358503,-3.30919528
0.1601407379,0.257012248,0.01530265808,-9.95450755e-05,1,-2.171042919,0.01530298218,0.2821018696,56.65744019,0.107041955,-0.1074161455,-0.3727085888
0.1601407379,0.2618558407,0.008800271899,0.0007997814682,1,-2.276388645,0.008836539462,0.1451817155,59.85085678,0.05220770836,0.2561435103,5.192858219
0.1601407379,0.2666994035,0.004529664293,-0.0006369972252,1,-1.510804176,0.004574234597,0.02055586874,38.5824852,0.3722358346,0.4185463786,-8.004892349
0.1601407379,0.2715429962,0.003285527928,-0.001127916621,1,-1.192586899,0.003473742865,-0.05288095027,26.86649704,0.6165114641,-0.2071555257,-18.94726562
0.1601407379,0.276386559,0.001739397994,0.0001102436363,1,-1.048247814,0.001742888126,-0.2734494209,20.86982155,0.6299777031,-0.6146122813,3.626575232
0.1601407379,0.2812301517,0.001259604469,0.0005245323991,1,-0.3256748915,0.001364455093,-0.3491600156,0,0.7624906301,-0.4702728093,22.60812759
0.1601407379,0.2860737145,0.003855148796,0.0006968626985,1,0.01337254047,0.00391762564,-0.06984686852,0,0.9864625931,-0.3539226055,10.24623299
0.1601407379,0.2909172773,0.006102368701,0.001900471048,1,-0.07289683819,0.006391454488,0.029597193,0,1.130082369,-0.3808328509,17.29824448
0.1601407379,0.29576087,0.008975708857,0.002684812527,1,-0.04478949308,0.009368647821,-0.08730252087,0,1.391175985,-0.2403804809,16.65296745
0.1601407379,0.3006044328,0.01262369659,0.002641916042,1,-0.1516547203,0.01289718784,-0.01391409338,0,1.791125655,-0.224530071,11.82038784
0.1601407379,0.3054480255,0.01691661403,0.003704947419,1,-0.1470242143,0.01731757633,0.02483439445,0,2.075230598,-0.4813553095,12.3534317
0.1601407379,0.3102915883,0.02196311392,0.005093685351,1,-0.4899326563,0.02254604176,-0.2905277014,0,2.444825649,-0.4405807853,13.05720234
0.1601407379,0.315135181,0.02638529055,0.004431741312,1,-2.546356678,0.02675488405,0.1527460814,22.39739609,2.39546442,-0.4759731889,9.534550667
0.1601407379,0.3199787438,0.02123225667,0.008138936013,1,-7.101523399,0.02273875661,0.8563125134,184.4587708,0.8386991024,-0.6003113985,20.9732666
0.1601407379,0.3248223364,-0.003949183971,0.01148701273,1,-9.67797184,0.01214691345,0.02978476882,255,0.1684932709,0.9362772703,108.9727402
0.1601407379,0.3296658993,-0.02482764237,0.003748269053,1,-7.817733765,0.02510898933,-0.3541741967,204.1794128,0.9800002575,1.463017225,171.4147949
0.1601407379,0.3345094621,-0.03706817701,0.002685331507,1,-3.558922291,0.03716531396,-0.6095922589,64.58248901,2.507661819,-0.07869166136,175.8565521
0.1601407379,0.3393530548,-0.02991950326,0.001176810823,1,-0.3365080357,0.02994263731,-0.1914262772,0,2.634464979,0.07669863105,177.7475739
0.1601407379,0.3441966176,-0.02593784407,0.001386647695,1,0.294290781,0.02597488277,0.2047665864,0,1.621161103,0.1135715991,176.9398651
0.1601407379,0.3490402102,-0.02064186335,0.001618520822,1,0.4890856743,0.02070521936,0.4497155547,0,1.697712898,0.3539713025,175.5166321
0.1649843156,0.237637952,0.01272479631,0.003024361096,1,0.9413287044,0.01307926606,0.2384254783,0,1.256754994,0.07237054408,13.36968899
0.1649843156,0.2424815297,0.01804809086,0.003426511073,1,0.1453022957,0.01837048121,0.04636444896,0,1.249607563,-0.08749695867,10.74991989
0.1649843156,0.2473251075,0.01948115043,0.003672729246,1,-0.4905891418,0.01982433163,0.2200954556,0,0.9216421843,0.06804326177,10.676507
0.1649843156,0.2521686852,0.02013592981,0.004162987694,1,-1.317913532,0.02056176402,0.2950952649,31.0979805,0.5071931481,-0.0797387138,11.68100071
0.1649843156,0.257012248,0.01555436943,0.005488263909,1,-2.009133816,0.01649422571,0.2564767003,52.50473404,-0.03483450413,0.0470463261,19.43507767
0.1649843156,0.2618558407,0.01023580972,0.005177380051,1,-1.782636046,0.01147070434,0.1291318536,46.68915176,-0.1488806009,0.6053963304,26.83076668
0.1649843156,0.2666994035,0.006198918447,0.003181439824,1,-1.692882538,0.006967650261,0.1183815897,44.26442719,0.1745058298,0.5869544744,27.16802788
0.1649843156,0.2715429962,0.002881433582,0.002907810733,1,-1.555940628,0.004093656316,0.04998094589,40.43534851,0.2531437278,0.02402441204,45.26105118
0.1649843156,0.276386559,-0.0001112792088,0.003307162318,1,-0.9777504206,0.003309033811,-0.1819109917,24.24533653,0.276476562,-0.1489677131,91.92715454
0.1649843156,0.2812301517,-0.0005152412341,0.002748247469,1,-0.2390132546,0.002796129091,-0.3562088311,0,0.8380993605,-0.2828072011,100.6185379
0.1649843156,0.2860737145,0.002790441271,0.002951635746,1,0.01197099686,0.004061860964,-0.05463288724,0,1.168936968,-0.5056622624,46.60801315
0.1649843156,0.2909172773,0.005204560701,0.004932836629,1,-0.1316280961,0.00717079686,0.2239378393,0,1.22074008,-0.4783955514,43.46460342
0.1649843156,0.29576087,0.008065639995,0.006353442091,1,-0.09268915653,0.01026746165,0.1632371247,0,1.429567695,-0.4057784975,38.22810745
0.1649843156,0.3006044328,0.01167983562,0.007688907906,1,-0.2133706212,0.01398348529,-0.09290803969,0,1.549304485,-0.4906237125,33.35715866
0.1649843156,0.3054480255,0.01453633979,0.008279808797,1,-0.1464468241,0.0167290289,-0.2934452295,0,1.508531332,-0.890501976,29.66557121
0.1649843156,0.3102915883,0.01827719808,0.01058079861,1,-0.286646843,0.02111893147,0.381080538,0,2.545556784,-1.252869129,30.06685066
0.1649843156,0.315135181,0.02547754534,0.01619397104,1,-2.007760286,0.03018857352,0.09096586704,0,2.13361907,-2.212684631,32.44075012
0.1649843156,0.3199787438,0.01888680458,0.02173870802,1,-5.404841423,0.02879727073,0.6064213514,141.3324738,0.2853250504,-2.907487392,49.01556396
0.1649843156,0.3248223364,0.0006807686295,0.03321386129,1,-6.46470356,0.03322083503,0.8926368952,166.5223389,-1.032356262,-0.2101155519,88.82579803
0.1649843156,0.3296658993,-0.01742578857,0.02707997523,1,-6.739548206,0.03220222518,-0.484503746,177.0263367,0.2461807728,2.530241489,122.7610245
0.1649843156,0.3345094621,-0.03077026643,0.01861175336,1,-3.220800877,0.03596118465,-0.4114198685,76.79389954,1.308576226,3.114983559,148.8318787
0.1649843156,0.3393530548,-0.02668779902,0.00999956578,1,-0.5219948292,0.02849964797,-0.5309100747,0,2.117388725,2.243421316,159.4596863
0.1649843156,0.3441966176,-0.02304285206,0.005174063612,1,0.2320336699,0.02361660264,0.005630493164,0,2.024195671,0.9491329789,167.3446503
0.1649843156,0.3490402102,-0.01575957611,0.005429638084,1,0.7096253633,0.01666868851,0.6380338073,0,2.297760487,0.53250283,160.9896698
0.1698278934,0.237637952,0.01324305497,0.00420222152,1,0.6204208136,0.01389378123,0.2890203595,0,1.313381791,-0.4997144341,17.60502052
0.1698278934,0.2424815297,0.01792631671,0.00611237064,1,0.1177163124,0.01893974468,0.1601891667,0,1.131656647,-0.3260961771,18.82793617
0.1698278934,0.2473251075,0.01929448918,0.006557582412,1,-0.4334962666,0.02037839964,0.008517280221,0,0.828700304,-0.3302397132,18.77126312
0.1698278934,0.2521686852,0.01984051801,0.00775316637,1,-1.039749384,0.02130158991,0.1004121155,23.59270096,0.5191223025,-0.4994646311,21.34428406
0.1698278934,0.257012248,0.01677279547,0.009463127702,1,-1.526652336,0.01925817877,0.3162667155,39.35559845,-0.01817715168,0.1180997863,29.43147659
0.1698278934,0.2618558407,0.01235801633,0.008713003248,1,-1.780985594,0.0151207475,0.2147563696,46.57839584,-0.04138249159,0.4326292872,35.18569946
0.1698278934,0.2666994035,0.007946014404,0.008407843299,1,-2.051251411,0.01156853326,0.1137765795,53.56199265,0.2521602511,0.3364382386,46.61758804
0.1698278934,0.2715429962,0.00364397862,0.007634524256,1,-2.010412693,0.008459582925,-0.04537807405,51.91664505,0.3981225491,0.4135087132,64.48473358
0.1698278934,0.276386559,0.0001367613295,0.006185189355,1,-1.528283358,0.006186700892,-0.05547955632,38.86424637,0.3969919682,0.335329324,88.7333374
0.1698278934,0.2812301517,-0.001835519332,0.005741611123,1,-0.7895904183,0.006027871277,0.06459011137,0,0.996989727,0.04073836654,107.7284088
0.1698278934,0.2860737145,0.001141315559,0.006300717127,1,0.01029390097,0.006403252017,0.298759371,0,1.374100685,-0.2605728209,79.73274231
0.1698278934,0.2909172773,0.004869882949,0.008450771682,1,-0.009953260422,0.00975352712,0.4422772825,0,1.384892464,-0.3334437311,60.04666519
0.1698278934,0.29576087,0.00780094089,0.01005798206,1,-0.2286036611,0.0127286166,0.2133191973,0,1.245916128,-0.3500657082,52.20295334
0.1698278934,0.3006044328,0.009797315113,0.01117957011,1,-0.3339855969,0.01486506592,-0.2161560804,0,1.032050729,-0.5594933629,48.77000809
0.1698278934,0.3054480255,0.0111820735,0.01172096282,1,0.1215137243,0.01619937457,0.1688241363,0,1.518435836,-1.406894207,46.34787369
0.1698278934,0.3102915883,0.01774053834,0.0188116841,1,-0.1834352612,0.02585741878,0.3252031207,0,1.200556993,-2.311251402,46.67854309
0.1698278934,0.315135181,0.0161085818,0.02449083515,1,-1.480632424,0.02931360528,-0.1234378815,38.79412842,-0.09953737259,-3.61011982,56.6655159
0.1698278934,0.3199787438,0.0100868633,0.03569969907,1,-2.475862265,0.03709734976,0.02051901817,59.88327026,-0.982721746,-2.727073193,74.22249603
0.1698278934,0.3248223364,-0.0006433388335,0.03779901192,1,-2.178792477,0.03780448437,-0.1532697827,0,-2.98388195,-0.5423396826,90.97507477
0.1698278934,0.3296658993,-0.01491895225,0.03758418933,1,-2.698122025,0.04043694586,-0.7559571862,39.26522064,-2.118563175,1.964207888,111.6504822
0.1698278934,0.3345094621,-0.02397325635,0.02462372184,1,-1.191521049,0.03436632827,-0.9481424093,18.3243084,-0.1929658651,3.929103374,134.2331543
0.1698278934,0.3393530548,-0.02162482217,0.01396086998,1,-0.4727068245,0.02573982999,-0.5656089187,0,1.02186358,2.439731121,147.1539307
0.1698278934,0.3441966176,-0.021313373,0.01006712392,1,-0.05474501848,0.02357131429,0.05594831705,0,1.428222418,1.016001701,154.7168274
0.1698278934,0.3490402102,-0.01497227792,0.009310776368,1,0.8677979708,0.01763121225,-0.03308204561,0,1.750545621,0.2792264521,148.1238556
0.1746714562,0.237637952,0.0117042847,0.00638076663,1,0.8578620553,0.01333058346,0.1177043617,0,1.429795742,-0.6903079748,28.59767342
0.1746714562,0.2424815297,0.01724450849,0.008337602019,1,0.128050983,0.01915433817,0.289226532,0,1.155830622,-0.4138695002,25.80345154
0.1746714562,0.2473251075,0.01792286523,0.009786266834,1,-0.465043664,0.0204205811,0.09750571847,0,0.6629515886,-0.5994769335,28.63548279
0.1746714562,0.2521686852,0.01820309088,0.01171349175,1,-0.7947548032,0.02164620906,0.09437897801,7.21432209,0.7401233315,-0.5267336369,32.76084518
0.1746714562,0.257012248,0.01765825413,0.01279466972,1,-1.21325469,0.02180636302,0.1941378862,31.04423904,0.2157227993,-0.1960237771,35.92602158
0.1746714562,0.2618558407,0.01337146759,0.01360327005,1,-1.96056366,0.01907472312,0.1875209957,51.41549683,0.04489523172,-0.1311498433,45.49234772
0.1746714562,0.2666994035,0.008379565552,0.0143381767,1,-2.104260445,0.01660723984,0.1225925907,54.76565933,0.3066290021,-0.07776554674,59.69698715
0.1746714562,0.2715429962,0.004664500244,0.01457372028,1,-2.027343512,0.01530198939,-0.06296627223,51.36421204,0.554181993,0.2892130017,72.25208282
0.1746714562,0.276386559,0.001244192827,0.01263236906,1,-1.755567789,0.01269349363,-0.1708193421,41.04904556,0.7914922833,0.4840780497,84.37493896
0.1746714562,0.2812301517,-5.075361514e-06,0.01140167378,1,-0.7904468179,0.01140167471,0.02769824862,0,1.147870183,0.6625676155,90.02549744
0.1746714562,0.2860737145,0.002975400537,0.00955733005,1,-0.2055022717,0.01000977401,0.3311282992,0,1.389915347,0.2718337774,72.70751953
0.1746714562,0.2909172773,0.005731703714,0.01168887038,1,-0.2182953656,0.01301852986,0.5038504601,0,1.132474661,-0.3091958165,63.87871552
0.1746714562,0.29576087,0.007403298747,0.01349538285,1,-0.3617060781,0.01539266668,0.185157001,0,0.8141029477,-0.3550491333,61.25170135
0.1746714562,0.3006044328,0.007922923192,0.01430540066,1,-0.36167714,0.01635289565,-0.10003227,0,0.5962892771,-0.4201502204,61.02050018
0.1746714562,0.3054480255,0.008539660834,0.01504589897,1,-0.4961290359,0.01730043069,-0.05525892973,0,0.6478165388,-0.6702716947,60.42188263
0.1746714562,0.3102915883,0.008657633327,0.01728426293,1,-0.2822893262,0.01933133043,-0.2458811402,3.450063944,0.04571527243,-1.864003897,63.39385223
0.1746714562,0.315135181,0.007393795997,0.02288340218,1,-0.1099342555,0.02404825017,0.1232316494,0,-0.4847117662,-2.289566755,72.09397125
0.1746714562,0.3199787438,0.005777419079,0.02897083946,1,0.04232120514,0.02954129502,-0.1424362063,0,-2.123894215,-1.470163822,78.7219162
0.1746714562,0.3248223364,-0.002688464709,0.02931435406,1,-0.5071338415,0.02943737619,-0.04924026132,0,-3.075127363,-0.2384121418,95.24002838
0.1746714562,0.3296658993,-0.01157354191,0.02988710813,1,0.02951037884,0.0320497416,0.2671639323,0,-2.846302032,1.478261709,111.1684952
0.1746714562,0.3345094621,-0.01633177139,0.02344832569,1,-0.2708795071,0.02857535146,0.09668135643,0,-0.9754748344,2.70807457,124.8572388
0.1746714562,0.3393530548,-0.01761035621,0.01723862253,1,-0.4983451962,0.02464335039,-0.3009933233,9.265686989,0.184730947,1.988926768,135.6111603
0.1746714562,0.3441966176,-0.01785078645,0.01235692017,1,0.0132202208,0.02171045914,-0.09289252758,0,0.615033865,1.462431788,145.3077087
0.1746714562,0.3490402102,-0.01456735842,0.009705288336,1,0.9152687788,0.01750430092,-0.6159526706,0,0.4405132532,0.4789501727,146.3270569
0.179515034,0.237637952,0.01046960894,0.006972422358,1,1.07803607,0.01257884689,0.478484422,0,1.751686573,-1.221940994,33.66233826
0.179515034,0.2424815297,0.01732259989,0.01109049376,1,0.2508131564,0.02056870237,0.2595950365,0,1.069191933,-0.7827510834,32.62870026
0.179515034,0.2473251075,0.01686315611,0.01202110667,1,-0.3185706735,0.02070925012,0.1456051767,0,0.4060633779,-0.7002494335,35.48363495
0.179515034,0.2521686852,0.01774637774,0.01518745627,1,-0.5371688604,0.02335792594,0.239648059,0,0.5166271925,-0.6612109542,40.55710983
0.179515034,0.257012248,0.01676366106,0.01638448052,1,-1.21294117,0.02344080992,0.06041616201,31.65582466,0.1568368077,-0.6083307862,44.34462357
0.179515034,0.2618558407,0.01263105404,0.01842658408,1,-1.77015543,0.02234015428,0.1333888918,46.5153656,-0.005499780178,-0.6306487322,55.57014847
0.179515034,0.2666994035,0.008163137361,0.02008515596,1,-1.887452364,0.02168064378,0.1781042516,49.04751587,0.2582365274,-0.1753000319,67.88188171
0.179515034,0.2715429962,0.004739820492,0.02013832517,1,-1.567709923,0.02068859711,-0.1472346187,40.70542145,0.2238509059,0.1754817963,76.75572968
0.179515034,0.276386559,0.001654051943,0.01852205396,1,-1.286966324,0.01859576255,-0.3954347968,27.83781624,0.6196932197,0.6385818124,84.89691925
0.179515034,0.2812301517,0.001507831621,0.01512998529,1,-0.364371419,0.0152049344,-0.1569044888,0,0.8614735603,0.7708847523,84.30878448
0.179515034,0.2860737145,0.004061804619,0.01402823441,1,-0.2024392784,0.0146044381,0.2030307949,0,1.091221929,0.2312464118,73.85189056
0.179515034,0.2909172773,0.005812706426,0.01499332115,1,-0.1415446699,0.01608064771,0.2438549697,0,0.7436310053,-0.1122581363,68.80937195
0.179515034,0.29576087,0.006978056394,0.01575309597,1,-0.1738889068,0.01722943224,0.04055638984,0,0.4763653278,-0.1300254762,66.10837555
0.179515034,0.3006044328,0.007277774625,0.0158195477,1,-0.1797387153,0.0174133312,0.06447640061,0,0.3221662045,-0.246997416,65.29523468
0.179515034,0.3054480255,0.007667914964,0.01726174355,1,-0.3034676611,0.01888821647,0.3231231272,0,0.3537171185,-0.6226342916,66.04852295
0.179515034,0.3102915883,0.00752116181,0.02040039748,1,-0.5955047607,0.02174267918,0.3663254678,11.51425266,0.1718242913,-0.7514082193,69.76222229
0.179515034,0.315135181,0.005615785718,0.02267557383,1,-0.4337885082,0.02336062118,0.2392497063,0,-0.6490969658,-0.7532160282,76.09012604
0.179515034,0.3199787438,0.002276121872,0.02520748228,1,-0.006207823753,0.02531003579,-0.122118026,0,-1.573696375,-0.6764974594,84.84044647
0.179515034,0.3248223364,-0.0020366034,0.02536075376,1,0.02991831303,0.02544239722,0.01490688324,0,-1.834572315,0.3354328275,94.59130096
0.179515034,0.3296658993,-0.006464860402,0.0236549899,1,0.295591116,0.02452250011,0.3860942125,0,-2.019863367,1.242857933,105.285553
0.179515034,0.3345094621,-0.01038822439,0.02121096477,1,-0.1632591486,0.02361821942,0.3387964964,0,-1.278719783,1.657159328,116.0936279
0.179515034,0.3393530548,-0.01344919764,0.01726939715,1,-0.352543056,0.02188864909,-0.01053506136,0,-0.5335145593,1.688397884,127.911026
0.179515034,0.3441966176,-0.01467991341,0.01298205089,1,-0.3040170074,0.01959677227,-0.535874784,0,-0.1474388689,1.5820086,138.5123596
0.179515034,0.3490402102,-0.01563585922,0.007011264563,1,0.04581917822,0.01713586599,-1.508909702,0,-0.4405450821,0.9565272331,155.8480835
0.1843586117,0.237637952,0.008103295229,0.009643645026,1,0.6970241666,0.0125961611,-0.1386236548,0,2.031234503,-1.236092687,49.96056747
0.1843586117,0.2424815297,0.01471056137,0.01230148319,1,0.6318444014,0.01917621121,-0.4427306056,0,0.8408495188,-1.196810246,39.90354156
0.1843586117,0.2473251075,0.01523640286,0.0132960882,1,-0.01076179743,0.0202221144,0.09578847885,0,0.3102629185,-0.8366115093,41.10966492
0.1843586117,0.2521686852,0.01616121829,0.01681763493,1,-0.1423231065,0.02332418971,0.1957732141,0,0.09442131221,-1.0704844,46.14027405
0.1843586117,0.257012248,0.01500438713,0.01942929626,1,-0.7379578352,0.02454850636,0.07240894437,17.21880722,-0.3352710307,-1.028612256,52.32267761
0.1843586117,0.2618558407,0.010962951,0.02215051651,1,-0.8336988688,0.02471500821,0.2769542933,15.27821732,-0.5312507153,-0.81762743,63.66781998
0.1843586117,0.2666994035,0.00839314796,0.02473098785,1,-0.7277445197,0.02611640655,0.08298357576,12.53831673,-0.54437989,-0.1442797184,71.25392914
0.1843586117,0.2715429962,0.004801317584,0.02325128391,1,-0.6595739722,0.02374183945,-0.110952571,8.084610939,-0.5732448697,0.4802561998,78.3325882
0.1843586117,0.276386559,0.002421894344,0.02186742239,1,-0.3740355372,0.02200113051,-0.2077696919,8.1954422,-0.004307076335,1.01284337,83.68004608
0.1843586117,0.2812301517,0.002968785819,0.01733914949,1,-0.1481783092,0.01759146899,-0.2865760326,0,0.6967318058,0.9612915516,80.28410339
0.1843586117,0.2860737145,0.005078855902,0.01582327858,1,-0.0257973969,0.0166183915,0.009214386344,0,0.7278255224,0.2905903459,72.2047348
0.1843586117,0.2909172773,0.006369103212,0.01597628742,1,0.04001584649,0.01719904691,0.170645088,0,0.3504171073,0.001005768776,68.26481628
0.1843586117,0.29576087,0.006969948299,0.01664493978,1,-0.0434859246,0.01804533787,0.06790854037,0,0.1817649603,-0.08902683854,67.27885437
0.1843586117,0.3006044328,0.007038868498,0.01673641615,1,-0.1515259147,0.01815635711,0.123633042,0,0.1760959327,-0.2034154385,67.18974304
0.1843586117,0.3054480255,0.007088955026,0.01822902448,1,-0.1134471074,0.01955890097,0.3817001879,0,0.06257282943,-0.4987367094,68.74979401
0.1843586117,0.3102915883,0.00679245498,0.02100088075,1,-0.09193316102,0.02207202837,0.1921005845,0,-0.3590960503,-0.5535289049,72.07688904
0.1843586117,0.315135181,0.004904360045,0.02184053883,1,-0.118209213,0.02238441259,-0.1542985588,0,-0.8899694681,-0.2322791964,77.34399414
0.1843586117,0.3199787438,0.00190926285,0.02137858607,1,0.08213508129,0.0214636717,-0.2491659522,0,-1.299401999,0.0722887218,84.89660645
0.1843586117,0.3248223364,-0.000991567038,0.02028354816,1,0.1718338728,0.02030777,-0.1488862783,0,-1.326527476,0.4099075198,92.7986908
0.1843586117,0.3296658993,-0.003683585441,0.01867202483,1,0.0336124301,0.01903190278,0.185124591,0,-1.204782724,0.6471899748,101.1599045
0.1843586117,0.3345094621,-0.006664203946,0.01804550551,1,-0.08238840103,0.01923673227,0.3638349771,0,-1.115055203,0.8407452106,110.2691879
0.1843586117,0.3393530548,-0.009483496659,0.0163620729,1,-0.3805859685,0.01891174726,0.0943351984,0,-0.8828502297,1.112216473,120.0966949
0.1843586117,0.3441966176,-0.01278375555,0.01311531849,1,-0.8492842913,0.01831491105,-0.4304194748,0,-0.7527068853,1.430297613,134.2665405
0.1843586117,0.3490402102,-0.01724286564,0.007349545136,1,-1.5688591,0.01874385774,-0.9631177187,0,-0.2723816037,1.417666078,156.9145203
0.1892021894,0.237637952,0.003811063478,0.01343477331,1,0.834544301,0.0139648607,-0.07521171868,0,1.465529561,0.4747729897,74.16286469
0.1892021894,0.2424815297,0.009381356649,0.0121028265,1,0.9573877454,0.01531300973,-0.2973307371,0,0.9965106249,-0.3264913559,52.21939087
0.1892021894,0.2473251075,0.01327492204,0.0135760149,1,0.6272864938,0.0189876724,-0.02845299244,15.41205788,0.2250358313,-0.9020468593,45.64245987
0.1892021894,0.2521686852,0.01350964606,0.01633414626,1,0.3198361695,0.02119704895,-0.1913840771,0,-0.555758357,-1.173905253,50.40652847
0.1892021894,0.257012248,0.01213221624,0.01833492517,1,0.1520692408,0.02198545262,-0.345775187,0,-0.8741356134,-1.080225945,56.50740051
0.1892021894,0.2618558407,0.01001226157,0.01989151537,1,0.2846592069,0.02226920985,-0.1359883249,0,-1.165407181,-0.6807037592,63.28190613
0.1892021894,0.2666994035,0.007866244763,0.02097329684,1,0.5780593157,0.02239993401,-0.07165449858,0,-1.297298312,-0.2089396417,69.44094086
0.1892021894,0.2715429962,0.006528571248,0.02055646665,1,0.4913717508,0.02156827599,0.140263468,0,-0.9688608646,0.2766160667,72.38056946
0.1892021894,0.276386559,0.005553489085,0.02031286247,1,0.3524357677,0.02105833776,0.2760933042,0,-0.7142968774,0.5515289307,74.70913696
0.1892021894,0.2812301517,0.004775868729,0.01922237314,1,0.06762887537,0.01980678178,0.06519812346,0,-0.07579576969,0.6090929508,76.04718018
0.1892021894,0.2860737145,0.00551393209,0.01767846569,1,0.1789046824,0.01851841249,-0.2036681473,0,0.2068117857,0.3590579927,72.67724609
0.1892021894,0.2909172773,0.006644110661,0.01649677381,1,0.2925272584,0.01778448001,-0.1152853444,7.078625202,-0.01136398315,0.056973584,68.06278992
0.1892021894,0.29576087,0.006875768304,0.01684411615,1,0.1180549487,0.0181934163,-0.07198829204,1.720824003,-0.06701175123,-0.2597907484,67.79471588
0.1892021894,0.3006044328,0.006891342346,0.01740640961,1,-0.01904695854,0.01872094348,-0.07898809016,0,0.06555619836,-0.3412309289,68.40097809
0.1892021894,0.3054480255,0.007101039402,0.01811430976,1,0.2329719365,0.01945643872,-0.1127242148,0,-0.4643683732,-0.4636969268,68.5941925
0.1892021894,0.3102915883,0.005770555697,0.01910637319,1,0.511602819,0.01995877735,-0.2743838429,0,-1.204824448,-0.444337368,73.19450378
0.1892021894,0.315135181,0.003743366338,0.01893749274,1,0.3326202035,0.01930392347,-0.3768787384,0,-1.230954647,-0.2549701929,78.81851196
0.1892021894,0.3199787438,0.001419403241,0.01851589978,1,-0.3673498034,0.01857022569,-0.03110755607,0,-0.5649554729,0.141114071,85.6163559
0.1892021894,0.3248223364,-0.0007723267772,0.01810332388,1,-0.7479841709,0.01811979152,0.09073193371,19.52573586,-0.0474781096,0.2681158781,92.44287872
0.1892021894,0.3296658993,-0.002433480229,0.01765672676,1,-0.7865997553,0.01782363094,-0.2309696227,19.81459999,0.005889445543,0.1600980908,97.84716034
0.1892021894,0.3345094621,-0.004553746432,0.01620916277,1,-0.3928828835,0.01683667302,-0.3320149183,0,-0.6748589873,0.2502170205,105.6919937
0.1892021894,0.3393530548,-0.007605170831,0.01483664103,1,-0.173600167,0.01667226851,-0.11181961,0,-0.9171595573,0.4578691721,117.1393967
0.1892021894,0.3441966176,-0.009836926125,0.01344983093,1,-0.5164693594,0.01666322537,0.928170979,0,-0.6869899035,1.247312546,126.180954
0.1892021894,0.3490402102,-0.01343421917,0.01329085417,1,-2.759959221,0.01889775321,2.840330362,0,1.274577141,2.905974627,135.3073578
0.1940457672,0.237637952,0.01003860123,0.01269987132,1,0.4924730062,0.01618827507,1.242602944,0,0.1890188307,1.328858972,51.67542648
0.1940457672,0.2424815297,0.01168903057,0.01249097753,1,-0.008820839226,0.01710724831,0.3368617892,0,0.1514536738,0.6160181165,46.89955902
0.1940457672,0.2473251075,0.01072945446,0.01134775579,1,0.2390610129,0.01561706606,-0.5166932344,0,-0.6810271144,-0.534375906,46.60422134
0.1940457672,0.2521686852,0.009548333474,0.01257662475,1,0.5040720701,0.01579057239,-0.4966971874,0,-1.047475815,-1.138999701,52.79376984
0.1940457672,0.257012248,0.008097440004,0.01445879322,1,0.5379463434,0.01657181978,-0.5697410703,0,-1.062577963,-1.09629035,60.74961472
0.1940457672,0.2618558407,0.007007239386,0.01512700692,1,0.873904109,0.01667116396,-0.4976992607,0,-1.093446732,-0.7431281805,65.14514923
0.1940457672,0.2666994035,0.007034068462,0.01564754732,1,1.080272317,0.01715586893,-0.06326172501,0,-1.118825078,-0.2803587914,65.79457092
0.1940457672,0.2715429962,0.006820505951,0.01617853343,1,0.8415622711,0.01755745523,0.1689806581,0,-0.9661647081,-0.04843559489,67.14080811
0.1940457672,0.276386559,0.006430546753,0.01670061983,1,0.6853142977,0.01789588295,0.2291738689,0,-0.806245327,0.132978946,68.94088745
0.1940457672,0.2812301517,0.006234766915,0.01664446108,1,0.4703936279,0.01777386852,0.2245886773,0,-0.5940724611,0.3778164983,69.4648056
0.1940457672,0.2860737145,0.005831498653,0.01595844887,1,0.3398244083,0.01699054055,-0.1553570628,0,-0.3704013526,0.28648597,69.92681122
0.1940457672,0.2909172773,0.006086665671,0.01450436655,1,0.3629823625,0.01572972164,-0.1367567629,0,-0.4597182572,-0.09342226386,67.23495483
0.1940457672,0.29576087,0.005362950731,0.01574855484,1,0.1143743172,0.01663665287,-0.03961986303,0,-0.3380025625,-0.5850496292,71.19443512
0.1940457672,0.3006044328,0.005003504921,0.01714619808,1,-0.05631306022,0.01786133088,-0.4823735058,0,-0.1637590528,-0.2971483767,73.73200226
0.1940457672,0.3054480255,0.004297014326,0.01485140249,1,0.498968184,0.01546054613,-1.039212942,0,-0.848344624,-0.1186192632,73.86305237
0.1940457672,0.3102915883,0.003311272943,0.01268723141,1,1.072060823,0.01311222184,-0.56804353,0,-1.578517675,-0.4474384487,75.37253571
0.1940457672,0.315135181,0.001843950595,0.01426724251,1,0.8744894862,0.01438590884,0.4062497914,0,-1.053940535,-1.190552592,82.63570404
0.1940457672,0.3199787438,0.002442087978,0.02042146772,1,-0.506706655,0.02056696638,1.18245554,0,0.280136466,-0.7601706982,83.18070984
0.1940457672,0.3248223364,0.000746540376,0.02367650345,1,-1.818418741,0.02368826978,0.5292342901,0,0.4828470349,0.09793318808,88.19400787
0.1940457672,0.3296658993,-0.004026857205,0.02251050808,1,-1.808015347,0.0228678491,-1.051242232,0,0.1961979866,0.3933083117,100.1422348
0.1940457672,0.3345094621,-0.007060398348,0.01667973213,1,-0.4874145389,0.01811250113,-1.524000168,0,-0.2931079865,0.488958776,112.9425583
0.1940457672,0.3393530548,-0.007807378657,0.01276058517,1,0.9255428314,0.01495953556,-0.4949604273,0,0.06830221415,0.4114652276,121.4597778
0.1940457672,0.3441966176,-0.002246632706,0.01228938904,1,2.138715744,0.01249305625,3.025773525,0,1.659548521,0.1083946228,100.3598785
0.1940457672,0.3490402102,0.01058980916,0.02689113654,1,-0.1577100754,0.02890116349,7.974627972,0,5.458090305,1.945323467,68.50534058
