PIVlab, ASCII chart output - 13-Mar-2024
FRAME: 14, filenames: A:[14]2 vortices tapados mismo sentido clase 4.mp4 & B:[15]2 vortices tapados mismo sentido clase 4.mp4, conversion factor xy (px -> m): 0.00030272, conversion factor uv (px/frame -> m/s): 0.0090842
x [m],y [m],u [m/s],v [m/s],Vector type [-],vorticity [1/s],magnitude [m/s],divergence [1/s],dcev [1],simple shear [1/s],simple strain [1/s],vector direction [degrees]
0.1262357086,0.237637952,0.01081672404,-0.003357072128,1,0.03700608015,0.01132569835,-1.888976216,0,-1.945667505,0.1695661545,-17.24222183
0.1262357086,0.2424815297,0.006194348913,-0.008342427202,1,-0.3821177781,0.01039067097,-0.5770058036,0,-0.6522272825,0.7629777789,-53.40568924
0.1262357086,0.2473251075,0.005806793459,-0.00984738674,1,-0.02479187772,0.01143196691,0.1633567363,0,-0.03649868071,0.5099691153,-59.47305298
0.1262357086,0.2521686852,0.005897483323,-0.01002127118,1,0.1895331442,0.01162781939,0.3021741509,0,-0.07202831656,0.565403223,-59.52333832
0.1262357086,0.257012248,0.006375936326,-0.01112235524,1,0.04278352112,0.01282027178,0.2720817924,0,0.204421401,0.3459647894,-60.17633057
0.1262357086,0.2618558407,0.007094839588,-0.01037912909,1,0.0008627865463,0.01257231366,0.2443065494,0,0.04567567259,-0.2033096701,-55.64474106
0.1262357086,0.2666994035,0.006601348985,-0.008954291232,1,-0.06768204272,0.01112461835,0.1395133287,0,-0.2794566751,-0.2301249355,-53.60134125
0.1262357086,0.2715429962,0.00541344611,-0.008588757366,1,-0.1950303912,0.01015244517,0.1728970259,0,-0.2034111321,-0.04383201897,-57.7769928
0.1262357086,0.276386559,0.004671466537,-0.007904547267,1,-0.08189383149,0.009181746282,0.23917979,0,0.072790429,-0.1094075739,-59.41756439
0.1262357086,0.2812301517,0.005369353108,-0.006900347304,1,0.01080513,0.008743268438,0.1129768193,0,0.2566043735,-0.1811831295,-52.11252213
0.1262357086,0.2860737145,0.005966685247,-0.006479760632,1,-0.07259458303,0.008808440529,0.02753350511,0,0.2396879494,0.05234191939,-47.36054611
0.1262357086,0.2909172773,0.006178680342,-0.007020508405,1,-0.2335385382,0.009352199733,-0.05159696937,0,0.4345788062,0.2937498093,-48.64931107
0.1262357086,0.29576087,0.006940439343,-0.008152474649,1,-0.2879761457,0.01070665848,-0.2787376344,0,0.6088601947,0.142470777,-49.59128189
0.1262357086,0.3006044328,0.00773290731,-0.009060664102,1,-0.5373689532,0.01191190537,-0.4389446378,0,0.6294881701,0.03336685896,-49.52059555
0.1262357086,0.3054480255,0.007386625744,-0.01044015214,1,-0.6939255595,0.01278901938,-0.217599988,0,0.4162288308,0.205724746,-54.71979904
0.1262357086,0.3102915883,0.006387861446,-0.0111110704,1,-0.480305016,0.01281642169,0.2385248095,0,0.07320590317,0.5018703938,-60.1049881
0.1262357086,0.315135181,0.005414809566,-0.01171568688,1,-0.09349310398,0.01290648989,0.4667624831,0,-0.1590780616,0.9014371037,-65.1943512
0.1262357086,0.3199787438,0.005164513364,-0.01321645081,1,-0.1228564233,0.01418967079,0.4135717452,0,-0.4735694528,1.152701616,-68.65622711
0.1262357086,0.3248223364,0.002525974531,-0.01529571973,1,-0.8167725205,0.01550288964,0.1383254528,0,-0.5968597531,1.222284079,-80.62266541
0.1262357086,0.3296658993,-0.001682524453,-0.01846668869,1,-1.52613306,0.01854318008,0.2768874764,0,0.0246732235,1.159836769,-95.20591736
0.1262357086,0.3345094621,-0.004746440798,-0.01957233995,1,-1.776264548,0.02013964206,0.8224936724,0,0.6805557013,0.3695864677,-103.6315079
0.1262357086,0.3393530548,-0.006989675574,-0.01627299748,1,-0.4627347887,0.01771061867,1.687583923,0,1.182817698,-1.232526183,-113.2447815
0.1262357086,0.3441966176,-0.001258663135,-0.005428559612,1,2.673408031,0.005572565831,1.105255485,0,0.2321867943,-3.869925499,-103.0539093
0.1262357086,0.3490402102,0.007083798293,0.007824677974,1,5.154750824,0.01055489387,-1.020365,0,-1.710009813,-6.492847443,47.84498215
0.1310792714,0.237637952,0.006652689073,-0.008158674464,1,0.4697691798,0.01052721404,-0.6127105951,0,-0.4730546176,-0.2667272091,-50.8057518
0.1310792714,0.2424815297,0.006644732319,-0.008996573277,1,0.133648783,0.01118439995,-0.02395091951,3.810307503,0.02837038413,0.3305522203,-53.55099106
0.1310792714,0.2473251075,0.007437441498,-0.009875738062,1,0.1572110504,0.01236307994,0.08040317893,1.703152061,0.122300081,0.4227415621,-53.01651382
0.1310792714,0.2521686852,0.007998566143,-0.01065471582,1,0.1130372882,0.01332291402,0.2136969715,0,-0.02317206562,0.3902538419,-53.10419846
0.1310792714,0.257012248,0.007872710004,-0.0107309036,1,-0.1127209589,0.01330908854,0.2544499338,0,-0.05336310714,0.1751461923,-53.73442841
0.1310792714,0.2618558407,0.007194125094,-0.01027060207,1,-0.1555094421,0.01253956556,0.1643441767,0,-0.1522800922,-0.09656636417,-54.99037552
0.1310792714,0.2666994035,0.0063819075,-0.009467163123,1,-0.09912529588,0.01141735166,0.1511387378,0,-0.203979522,-0.1919028014,-56.01570892
0.1310792714,0.2715429962,0.005726013333,-0.008609053679,1,-0.1619850993,0.01033939235,0.2219468355,0,-0.1262648404,-0.1780110896,-56.37151337
0.1310792714,0.276386559,0.004985746462,-0.0075299358,1,-0.1292002201,0.009030924179,0.2635015547,0,0.02146147937,-0.2121754289,-56.49052811
0.1310792714,0.2812301517,0.005204172339,-0.006305075251,1,0.06133397296,0.008175413124,0.1764775813,0,0.1811272204,-0.1964812577,-50.46393204
0.1310792714,0.2860737145,0.006160126068,-0.005723480601,1,0.0807569176,0.008408649825,0.1342518479,0,0.2415160388,-0.05209879577,-42.89569855
0.1310792714,0.2909172773,0.006765121594,-0.005402474198,1,-0.1687945724,0.008657574654,0.05410802364,0,0.2617640197,0.1071788073,-38.61008072
0.1310792714,0.29576087,0.006610430777,-0.005980533082,1,-0.3579316139,0.008914290927,-0.1174113378,0,0.3549513817,0.05442794412,-42.1360054
0.1310792714,0.3006044328,0.00675068656,-0.00623479113,1,-0.3372517228,0.009189362638,-0.2630899549,0,0.4915665388,0.1025628373,-42.72491455
0.1310792714,0.3054480255,0.007357866503,-0.007751600817,1,-0.2465875447,0.01068763342,-0.2991621196,0,0.5418754816,0.4308348,-46.49271774
0.1310792714,0.3102915883,0.008180936798,-0.009770588018,1,-0.00558423996,0.01274331659,-0.06651955843,0,0.2885204256,0.7846938968,-50.06047821
0.1310792714,0.315135181,0.008728289977,-0.01187451929,1,0.2009510249,0.0147372745,0.1154249012,4.730959415,-0.0405844152,1.00221014,-53.6824913
0.1310792714,0.3199787438,0.008957684971,-0.01406580117,1,-0.02817800641,0.01667593606,0.2016870081,0,-0.572042942,0.7980684042,-57.50932693
0.1310792714,0.3248223364,0.005821073428,-0.01476313919,1,-0.5366065502,0.01586931571,0.3446963131,0,-0.9418000579,0.4778982103,-68.48078918
0.1310792714,0.3296658993,0.001796907629,-0.01471097488,1,-0.8829013109,0.01482031215,0.5340605974,0.5419949293,-0.7028232813,0.2985560298,-83.03596497
0.1310792714,0.3345094621,-0.001859483193,-0.01362245809,1,-1.163069129,0.01374878362,0.5254501104,28.11288834,-0.4234715402,0.02516996861,-97.77290344
0.1310792714,0.3393530548,-0.005887625273,-0.01228782907,1,-0.8859568834,0.01362552308,0.3296544552,21.76069641,-0.3723292351,-0.141442433,-115.6010742
0.1310792714,0.3441966176,-0.007954089902,-0.01134066377,1,0.1970769763,0.01385201048,-0.3788365126,0,-1.275604963,-1.098874092,-125.0449753
0.1310792714,0.3490402102,-0.01111155935,-0.008800270967,1,1.469894886,0.01417432632,-1.470649242,0,-2.773666382,-2.519619942,-141.621048
0.1359228492,0.237637952,0.006557105109,-0.007923705503,1,0.1363087595,0.0102849761,0.0185790807,0,0.3271044195,0.4020332694,-50.39121628
0.1359228492,0.2424815297,0.007679393981,-0.008852350526,1,0.1976295859,0.01171909552,0.07949562371,2.976074457,0.1506058127,0.5115677714,-49.05843353
0.1359228492,0.2473251075,0.008243810385,-0.01001648046,1,0.141184926,0.01297267526,-0.0277929157,2.991418123,0.0948735401,0.3497503996,-50.5447731
0.1359228492,0.2521686852,0.008822761476,-0.01068101078,1,0.05491017178,0.01385370363,0.1039622426,0,-0.01095395908,0.2729224861,-50.44250488
0.1359228492,0.257012248,0.008456715383,-0.0108348513,1,-0.06346207112,0.01374445483,0.2265894413,0,-0.2255051732,0.1610339284,-52.02758789
0.1359228492,0.2618558407,0.007423126139,-0.01036348753,1,-0.1412198544,0.01274773199,0.3341631293,0,-0.2826011479,0.05075871944,-54.38685608
0.1359228492,0.2666994035,0.00640390534,-0.009462160058,1,-0.1890473664,0.01142551843,0.26441589,0,-0.181933403,-0.1377132535,-55.91021347
0.1359228492,0.2715429962,0.005626251921,-0.008415743709,1,-0.1794089526,0.01012321375,0.1381501555,0,-0.1269425005,-0.334094435,-56.23573685
0.1359228492,0.276386559,0.004920068197,-0.007174806669,1,-0.1340759397,0.008699707687,0.141146943,0,0.06103324145,-0.2915132642,-55.55991745
0.1359228492,0.2812301517,0.005272463895,-0.006320120301,1,0.05530066043,0.008230601437,0.1382205784,0,0.2429357469,-0.1660367548,-50.1639595
0.1359228492,0.2860737145,0.006364599336,-0.005701112561,1,0.03611521423,0.00854463689,0.1318042576,0,0.3122689128,-0.1541531384,-41.85250473
0.1359228492,0.2909172773,0.006959884427,-0.004935067613,1,-0.1304058284,0.008531991392,0.06943283975,0,0.1863098592,-0.1373434067,-35.33943558
0.1359228492,0.29576087,0.006635374855,-0.004699575715,1,-0.2507031858,0.008131064475,-0.01125313248,0.5460304022,0.2497738153,0.01169624086,-35.30844498
0.1359228492,0.3006044328,0.00695538288,-0.005046224687,1,-0.1159316152,0.008593121544,-0.08534726501,0,0.4027065635,0.3113842905,-35.96139908
0.1359228492,0.3054480255,0.008024391718,-0.006621175911,1,0.1078615934,0.01040340494,-0.2625554204,0,0.4931417704,0.6954820752,-39.52710342
0.1359228492,0.3102915883,0.009866389446,-0.009686553851,1,0.1606777161,0.013826604,-0.2716260552,0,0.4181839228,1.021716356,-44.47304535
0.1359228492,0.315135181,0.01082815323,-0.01288558077,1,0.07467381656,0.01683113351,-0.233532548,0,-0.04566435516,1.039110303,-49.95862198
0.1359228492,0.3199787438,0.01000689901,-0.01585069858,1,-0.1520618498,0.01874520257,-0.1691369712,0,-0.7394040823,0.7336506844,-57.73487091
0.1359228492,0.3248223364,0.006510268897,-0.01725830324,1,-0.3014585674,0.01844539493,-0.01815102994,0,-1.279312253,0.341865778,-69.3322525
0.1359228492,0.3296658993,0.00235031289,-0.01759446785,1,-0.2609283328,0.01775075495,0.05559163541,0,-1.512506485,-0.2062520683,-82.3913269
0.1359228492,0.3345094621,-0.002079473808,-0.01599004678,1,-0.1543110013,0.01612469554,0.1305089593,0,-1.585801601,-0.6559473276,-97.40961456
0.1359228492,0.3393530548,-0.006078057457,-0.01378520578,1,-0.1708203256,0.01506567933,0.04609906673,0,-1.13742435,-0.6617349386,-113.7932434
0.1359228492,0.3441966176,-0.008416058496,-0.01256159786,1,-0.2794553936,0.01512030978,-0.4992271364,0,-0.9934244156,-0.7172262073,-123.8214111
0.1359228492,0.3490402102,-0.01224335004,-0.01272931043,1,-0.6987060905,0.0176616814,0.1245878562,0,-0.8816462159,0.1938391626,-133.8851776
0.1407664269,0.237637952,0.008689957671,-0.007234540768,1,-0.1070954204,0.01130725164,-0.04015186429,0,0.4447119832,0.781470418,-39.77796936
0.1407664269,0.2424815297,0.009507593699,-0.009224336594,1,-0.05284485966,0.01324698888,0.117970407,0,0.1162091568,0.7095806003,-44.13365936
0.1407664269,0.2473251075,0.008996867575,-0.01010005083,1,0.04638233036,0.01352607273,0.1020467728,0,0.01895014197,0.4632254839,-48.30616379
0.1407664269,0.2521686852,0.009824036621,-0.01097373385,1,0.1382596493,0.01472869702,0.1179458946,2.078776598,0.01727156714,0.4102346301,-48.16407776
0.1407664269,0.257012248,0.009750193916,-0.01151577197,1,0.04114808887,0.01508904528,0.2540296018,0,-0.1991950274,0.2502430379,-49.74601746
0.1407664269,0.2618558407,0.009058523923,-0.01095539331,1,-0.1360619664,0.01421539672,0.4012005329,0,-0.4326483011,-0.02886706591,-50.41417694
0.1407664269,0.2666994035,0.00699560158,-0.009432706051,1,-0.3385479152,0.01174369548,0.2737746239,0,-0.5454230309,-0.2631146312,-53.43816376
0.1407664269,0.2715429962,0.004776942078,-0.008354928344,1,-0.269025296,0.009624136612,0.1163749695,0,-0.2962936461,-0.4715781808,-60.24117661
0.1407664269,0.276386559,0.004257435445,-0.006584909279,1,-0.08863756806,0.007841351442,0.1281901747,0,0.1490269154,-0.4826554656,-57.11554337
0.1407664269,0.2812301517,0.005069442559,-0.00539625017,1,-0.08662700653,0.007403969299,0.08740217984,0,0.4571056366,-0.3666012287,-46.7885704
0.1407664269,0.2860737145,0.006051877514,-0.0043859086,1,-0.1883243769,0.00747404946,0.0715020448,0,0.4705027938,-0.2439296097,-35.93154526
0.1407664269,0.2909172773,0.006436191499,-0.003868437139,1,-0.2322226316,0.007509285584,-0.02968174219,0,0.3479840755,-0.2009342313,-31.00773621
0.1407664269,0.29576087,0.00661257701,-0.003556433832,1,-0.1383647323,0.007508288603,0.02530799806,0,0.4293320775,-0.004775199108,-28.27264214
0.1407664269,0.3006044328,0.007845514454,-0.003722726833,1,-0.02896857262,0.008683938533,0.03330238163,0,0.6157668829,0.51415205,-25.38451958
0.1407664269,0.3054480255,0.009454780258,-0.005885466468,1,0.0807710886,0.0111369472,-0.08620834351,0,0.7385702133,0.9049205184,-31.90167809
0.1407664269,0.3102915883,0.01181405783,-0.008523336612,1,-0.03930023313,0.01456774585,-0.2461124361,0,0.6948875189,1.110719323,-35.80883789
0.1407664269,0.315135181,0.01263016835,-0.01245738659,1,-0.2915690839,0.0177400019,-0.2559056878,0,0.266359061,1.475728035,-44.60540009
0.1407664269,0.3199787438,0.01169195119,-0.01691063866,1,-0.5361517072,0.02055897377,-0.1619741917,0,-0.5459322333,1.291922688,-55.34016418
0.1407664269,0.3248223364,0.007389010862,-0.01949944906,1,-0.4482901692,0.02085248195,-0.04070293903,0,-1.745290756,0.7567347884,-69.24658203
0.1407664269,0.3296658993,0.001067172037,-0.02077309042,1,-0.2233208418,0.02080048434,-0.2426558584,0,-2.211559296,-0.02452211082,-87.05914307
0.1407664269,0.3345094621,-0.00440448476,-0.02055599354,1,-0.1119115353,0.02102256753,-0.20017308,0,-1.939604521,-0.9854272008,-102.0937729
0.1407664269,0.3393530548,-0.008869505487,-0.01696965098,1,-0.4004745483,0.01914777234,0.01075136662,0,-1.548826575,-1.177866936,-117.5946579
0.1407664269,0.3441966176,-0.01384607609,-0.0147988284,1,0.1083750948,0.02026620694,0.07083946466,0,-0.2528401613,-1.432862043,-133.0950165
0.1407664269,0.3490402102,-0.009569233283,-0.009686355479,1,-0.4931154251,0.01361600962,2.038279533,0,2.259094954,-0.0727456212,-134.6515045
0.1456100047,0.237637952,0.0101477392,-0.005250983406,1,0.1874540895,0.01142582297,-0.6123253703,0,0.4484239221,0.5366355777,-27.35946655
0.1456100047,0.2424815297,0.01168770157,-0.008033524267,1,-0.2256199419,0.01418237947,0.0998159647,0,0.3978090584,1.111127734,-34.50262833
0.1456100047,0.2473251075,0.01098175067,-0.01014935039,1,-0.1858132184,0.01495353319,0.2610074282,0,0.1225012243,0.9285928011,-42.7441597
0.1456100047,0.2521686852,0.01138104498,-0.01126702596,1,-0.09899695218,0.01601480879,0.3386193812,0,0.08195342124,0.7204909325,-44.71155167
0.1456100047,0.257012248,0.01089919917,-0.01199897192,1,-0.1544342041,0.01621011645,0.3333960176,0,-0.2903801203,0.4434387684,-47.74973679
0.1456100047,0.2618558407,0.009226552211,-0.01180002652,1,-0.05102771521,0.01497898158,0.3442363739,0,-0.8664059639,0.02736392617,-51.97781754
0.1456100047,0.2666994035,0.006455537863,-0.0104641756,1,-0.07922467589,0.01229524054,0.1874276251,0,-1.019292831,-0.4840195179,-58.32881927
0.1456100047,0.2715429962,0.00390579761,-0.008547820151,1,-0.1768606603,0.009397897869,0.1501999199,0,-0.4946160614,-0.7665842772,-65.44268799
0.1456100047,0.276386559,0.003203188069,-0.006023660302,1,-0.07502383739,0.0068223821,0.1885972321,0,0.07798527926,-0.8150639534,-61.99739456
0.1456100047,0.2812301517,0.003920141608,-0.003686509095,1,-0.08695189655,0.005381250754,0.1184090376,0,0.5672259927,-0.6070110202,-43.24075699
0.1456100047,0.2860737145,0.005529433023,-0.002510031918,1,-0.2397381514,0.006072469521,-0.01507735252,0,0.6367055178,-0.3375089765,-24.41520691
0.1456100047,0.2909172773,0.005842878018,-0.002124791266,1,-0.3516305685,0.006217231043,-0.03917313367,0,0.6004949808,-0.1548190117,-19.98404503
0.1456100047,0.29576087,0.006734827068,-0.001949892147,1,-0.07164955139,0.0070114173,0.09572446346,0,0.8487905264,0.05414511263,-16.1469841
0.1456100047,0.3006044328,0.009607020766,-0.001923398464,1,0.1425648034,0.009797668085,0.1988904029,0,0.9423896074,0.5055196881,-11.32136917
0.1456100047,0.3054480255,0.0119898878,-0.003435074817,1,-0.1181106269,0.01247225516,0.1039869487,0,1.036266446,0.9725720882,-15.98688412
0.1456100047,0.3102915883,0.01405418012,-0.006130458321,1,-0.1826304197,0.01533305272,-0.09823727608,0,1.162602186,1.294976115,-23.56691551
0.1456100047,0.315135181,0.01673645712,-0.01018321235,1,-0.4185453057,0.01959098876,-0.2033054233,0,0.7128964067,1.813305616,-31.3182106
0.1456100047,0.3199787438,0.01547989249,-0.01589807123,1,-1.064475417,0.02218954079,-0.460866034,26.7315979,-0.3307808936,2.296850443,-45.76354218
0.1456100047,0.3248223364,0.009978424758,-0.02354042605,1,-0.06336033344,0.02556796186,0.03018832207,0,-2.914536953,2.368663311,-67.02866364
0.1456100047,0.3296658993,0.001056215609,-0.02722465619,1,-0.2978990078,0.02724513784,-0.3493415713,0,-3.377173901,-0.08049117029,-87.77825165
0.1456100047,0.3345094621,-0.007822020911,-0.0248426199,1,-0.2036355734,0.02604495548,0.1164730191,0,-2.436414719,-1.509869814,-107.4772873
0.1456100047,0.3393530548,-0.01173107233,-0.01934733801,1,-0.6097938418,0.02262603678,0.4450563788,0,-0.8748732209,-1.729255199,-121.2301178
0.1456100047,0.3441966176,-0.01501312107,-0.01431117207,1,0.74795717,0.02074134722,1.495428443,0,1.111812353,-2.623132706,-136.3712616
0.1456100047,0.3490402102,-0.002723133657,0.0006012344966,1,1.28630662,0.002788716462,3.924593449,0,3.78843379,-2.232987404,167.5495453
0.1504535824,0.237637952,0.008323348127,-0.005970512982,1,2.108323574,0.01024329755,-0.59941113,0,0.8025599718,-0.5027070045,-35.65267181
0.1504535824,0.2424815297,0.01537289377,-0.006204709876,1,0.2907206714,0.01657782495,0.3160917163,0,1.037933707,0.8603573442,-21.97967529
0.1504535824,0.2473251075,0.01475878898,-0.008606705815,1,-0.4893389344,0.01708500087,0.4787659943,0,0.4028379917,1.282423377,-30.24894142
0.1504535824,0.2521686852,0.01495391969,-0.01009728666,1,-0.4540892541,0.01804369502,0.4644266069,0,0.1968543231,1.200976372,-34.02827835
0.1504535824,0.257012248,0.01351285353,-0.01217423659,1,-0.2902530432,0.01818816364,0.3456187844,0,-0.5553039312,1.338160753,-42.01687622
0.1504535824,0.2618558407,0.01085839886,-0.0149047412,1,-0.1827402115,0.01844061166,0.1592831314,0,-1.45939672,0.5333377123,-53.92592239
0.1504535824,0.2666994035,0.005559035577,-0.01398599893,1,-0.3025810122,0.01505028363,0.1888294816,0,-1.569374442,-0.8456826806,-68.32359314
0.1504535824,0.2715429962,0.001791436691,-0.009894001298,1,-0.2953443527,0.01005487517,0.2992374897,0,-0.5998493433,-1.381792903,-79.73705292
0.1504535824,0.276386559,0.00122309546,-0.005843797699,1,-0.04862543941,0.005970421713,0.3062430322,0,0.2367971241,-1.276535869,-78.17874908
0.1504535824,0.2812301517,0.00270286086,-0.002227688674,1,0.01671293378,0.003502578242,0.2663141787,0,0.627646029,-0.9111237526,-39.49523163
0.1504535824,0.2860737145,0.00434409827,-0.0001407855161,1,-0.186712265,0.004346378613,0.06828550994,0,0.7635014653,-0.5450947285,-1.8562181
0.1504535824,0.2909172773,0.005496575497,0.0007432570565,1,-0.2742917538,0.005546600092,0.05789424479,0,0.8925091028,-0.1573546678,7.700930595
0.1504535824,0.29576087,0.007338481955,0.0009017893462,1,-0.03941488266,0.007393682376,0.06031224504,0,1.228784442,0.1825298518,7.005669117
0.1504535824,0.3006044328,0.01125737932,0.0001512866002,1,0.1671762466,0.01125839539,0.001244030893,0,1.346311569,0.248156637,0.7699448466
0.1504535824,0.3054480255,0.01466917805,-0.0002941510174,1,-0.1055665612,0.01467212662,0.02801136672,0,1.417236567,0.4737324119,-1.148759246
0.1504535824,0.3102915883,0.01761055551,-0.002007598057,1,-0.4319913983,0.01772461832,-0.1704466939,0,1.62101984,1.209320545,-6.503625393
0.1504535824,0.315135181,0.02042832971,-0.006977160461,1,-0.8376088142,0.02158697322,0.229681015,0,1.451644182,2.57285285,-18.85726166
0.1504535824,0.3199787438,0.02058468387,-0.01335693244,1,-1.111785054,0.02453847602,-0.3201141357,20.20649147,0.8185524344,5.116401196,-32.97861862
0.1504535824,0.3248223364,0.01900803484,-0.0333093442,1,-3.781031132,0.0383512415,-2.457441092,82.87038422,-0.6783667803,2.152965784,-60.28868484
0.1504535824,0.3296658993,-0.001014756155,-0.03568779677,1,-2.605185986,0.0357022211,-0.3632592559,0,-3.621954203,-0.7635249496,-91.62872314
0.1504535824,0.3345094621,-0.01115351077,-0.03137063235,1,-0.4675867558,0.03329440579,0.717292428,0,-2.438295603,-2.882156849,-109.5723267
0.1504535824,0.3393530548,-0.0150896227,-0.01825358346,1,-1.178293586,0.02368311584,0.9824489951,12.15810013,-0.5053150654,-2.802803516,-129.5794067
0.1504535824,0.3441966176,-0.01930820011,-0.01303646713,1,0.5814185143,0.02329712547,2.144958496,0,2.249921083,-2.12594986,-145.9736633
0.1504535824,0.3490402102,-0.001375809312,0.002432892332,1,3.131389618,0.002794962609,2.802313566,0,4.273192883,-3.58524251,119.4883118
0.1552971601,0.237637952,0.004809544422,-0.0115755517,1,3.255734921,0.01253495552,1.020900011,0,1.937277317,-1.936092854,-67.43753052
0.1552971601,0.2424815297,0.01738592423,-0.00441433955,1,1.295186758,0.01793758012,0.7993838191,0,1.740309954,-0.3872451186,-14.24652386
0.1552971601,0.2473251075,0.01951220818,-0.005828022026,1,-0.3554521203,0.02036399022,0.527666688,0,0.7810940742,1.291521549,-16.63014793
0.1552971601,0.2521686852,0.0194475539,-0.008114130236,1,-0.6971477866,0.02107241005,0.2260584235,7.945307732,0.602694273,1.765159607,-22.64743042
0.1552971601,0.257012248,0.01905471645,-0.01328276657,1,-1.203531742,0.02322744392,-0.03683239222,35.13196945,-0.2140648961,2.000810385,-34.87979507
0.1552971601,0.2618558407,0.01258131489,-0.01798361167,1,-1.809299231,0.02194765955,-0.4055690467,29.82832718,-1.448767185,0.2793011367,-55.02340698
0.1552971601,0.2666994035,0.003274018411,-0.01659998856,1,-1.246770144,0.01691977493,0.07574337721,0,-1.626923561,-1.567855358,-78.84274292
0.1552971601,0.2715429962,-0.001337643596,-0.0100227138,1,-0.7018712163,0.01011158153,0.1631169319,18.43630409,-0.2830452025,-2.305883408,-97.60183716
0.1552971601,0.276386559,-0.001496500918,-0.004641193897,1,-0.3143540025,0.004876493942,0.156819582,0,0.7550613284,-1.762279749,-107.8713303
0.1552971601,0.2812301517,0.0007969565922,-0.0007274070522,1,-0.003865003586,0.001079009147,0.3104187548,0,0.9776227474,-1.0797925,-42.38767624
0.1552971601,0.2860737145,0.003219970502,0.002092402196,1,-0.1089998186,0.00384009839,0.2279725969,0,1.05131793,-0.6503284574,33.01663208
0.1552971601,0.2909172773,0.005361133721,0.003526699264,1,-0.1963911951,0.006417114753,0.1842004061,0,1.164906859,-0.2494310737,33.33800507
0.1552971601,0.29576087,0.007911051624,0.004192729946,1,-0.2310038805,0.008953419514,0.0985853374,0,1.357005835,0.04467144608,27.92286873
0.1552971601,0.3006044328,0.01081501227,0.003787835361,1,-0.2921895981,0.01145915315,-0.1413875371,0,1.636045694,-0.08936217427,19.30222702
0.1552971601,0.3054480255,0.01442012284,0.003940741066,1,-0.2682547569,0.01494889241,-0.1435854584,0,1.975883722,-0.1488760859,15.28462791
0.1552971601,0.3102915883,0.01908604614,0.003813460935,1,-0.1443719864,0.01946328953,0.3019789457,0,3.425133944,0.9287426472,11.29911137
0.1552971601,0.315135181,0.03031074814,0.0009049624205,1,-0.2565572262,0.03032425418,0.7098059654,0,4.308321953,2.849090815,1.710123777
0.1552971601,0.3199787438,0.03871108219,-0.006548331585,1,-4.880590439,0.0392610319,2.0115242,131.4936218,0.3783247471,3.955829144,-9.601212502
0.1552971601,0.3248223364,0.008503675461,-0.008512430824,1,-8.099740982,0.01203220617,-4.054152489,206.7428589,-0.8012273312,1.231428027,-45.02947998
0.1552971601,0.3296658993,-0.004401451442,-0.03214945272,1,-6.331834793,0.03244934604,-3.027767897,163.3387756,0.7963674068,2.314471245,-97.79566193
0.1552971601,0.3345094621,-0.01830771007,-0.03438790143,1,-3.736232519,0.03895767033,0.8225611448,107.5015411,0.4026119709,-2.493528366,-118.0303116
0.1552971601,0.3393530548,-0.02054810151,-0.01608771458,1,-0.8214200735,0.02609672584,1.512688398,0,1.520625949,-4.300834656,-141.9415588
0.1552971601,0.3441966176,-0.01492105238,-0.006229650229,1,0.4480547905,0.01616930217,1.43636775,0,2.449140549,-3.151018381,-157.3391113
0.1552971601,0.3490402102,-0.006515310146,0.006131646689,1,1.927732229,0.008946863003,0.2719247341,0,1.543138504,-4.832260609,136.7376251
0.1601407379,0.237637952,0.003890540916,-0.0123565644,1,1.614966273,0.01295457408,1.895710945,0,3.95058012,-1.534746408,-72.52307129
0.1601407379,0.2424815297,0.01736911945,-0.004048720933,1,1.656724215,0.01783475466,0.9794657826,0,2.406311274,-0.9312723279,-13.12127876
0.1601407379,0.2473251075,0.02357016876,-0.003101756098,1,0.1570823789,0.02377338335,0.4581326246,0,1.335496068,0.4070711136,-7.496856689
0.1601407379,0.2521686852,0.02459853888,-0.00380140054,1,-1.117398262,0.02489053644,0.1986832321,13.2449646,1.004953146,1.082312584,-8.784863472
0.1601407379,0.257012248,0.02302553318,-0.007381677162,1,-3.451715946,0.02417983301,-0.375408113,100.7945709,0.4886730909,1.55644393,-17.77515411
0.1601407379,0.2618558407,0.0102468105,-0.01315847598,1,-5.048513412,0.01667760685,-0.9795130491,146.9756012,-0.04971313477,0.7641618252,-52.09128189
0.1601407379,0.2666994035,-0.00166812446,-0.01582730189,1,-4.226073265,0.01591496542,-1.122217178,120.5029755,0.3376196623,-2.215023279,-96.01649475
0.1601407379,0.2715429962,-0.008587218821,-0.007865385152,1,-2.298441887,0.01164493896,0.02765738964,56.45256424,1.289900064,-3.10294199,-137.5121613
0.1601407379,0.276386559,-0.006553075742,-0.0006640011561,1,-0.4614639878,0.006586630363,-0.08331358433,0,2.023028374,-2.228754282,-174.2141571
0.1601407379,0.2812301517,-0.001023660414,0.002526223427,1,0.009952187538,0.002725744853,0.3542892337,0,1.817511082,-0.9140511155,112.0584717
0.1601407379,0.2860737145,0.002298384905,0.005479303654,1,-0.168105185,0.00594183011,0.350574851,0,1.449039459,-0.6426169276,67.24358368
0.1601407379,0.2909172773,0.005180625711,0.007336810231,1,-0.2314372659,0.008981518447,0.2681720853,0,1.415267229,-0.3747688532,54.77354431
0.1601407379,0.29576087,0.00803235732,0.008593438193,1,-0.3723416328,0.01176290493,0.1612761021,0,1.396192074,-0.2834434211,46.93286133
0.1601407379,0.3006044328,0.01013972517,0.009490843862,1,-0.5243993998,0.01388848945,0.1142670289,0,1.602168918,-0.2949491739,43.10680008
0.1601407379,0.3054480255,0.01325261779,0.0105755087,1,0.1177749634,0.01695503667,0.4510697722,0,2.655366421,-0.744479835,38.58965683
0.1601407379,0.3102915883,0.02357165143,0.01528158132,1,1.036497235,0.02809180506,0.09816676378,0,4.003889561,-0.8428063989,32.95547867
0.1601407379,0.315135181,0.03766612336,0.01513318531,1,0.3930654526,0.0405924879,-0.8664867282,0,4.957601547,-0.2127241492,21.88886833
0.1601407379,0.3199787438,0.04948802292,0.01211503148,1,-7.50657177,0.05094937235,-2.14103508,212.0951233,0.8317182064,0.5618448853,13.75588799
0.1601407379,0.3248223364,0.005335949361,0.002041576197,1,-7.578775406,0.005713176914,-2.069663286,188.8040009,-3.561272144,0.6714562178,20.93724442
0.1601407379,0.3296658993,-0.004469664302,-0.001161793829,1,-7.490497589,0.004618188366,-1.851038456,203.1342316,2.415117502,0.9083753824,-165.4296112
0.1601407379,0.3345094621,-0.01924697123,-0.01132381801,1,-8.477483749,0.02233102731,-3.955578566,196.8483276,3.496752262,-2.768871784,-149.5298767
0.1601407379,0.3393530548,-0.02859422751,-0.006909701042,1,-3.012646675,0.02941723727,0.06548649073,80.8400116,1.285355091,-1.582007647,-166.4150848
0.1601407379,0.3441966176,-0.02761324309,-0.003344052238,1,-0.3178864121,0.02781499363,-0.429308176,0,1.377037048,-1.973576546,-173.0949097
0.1601407379,0.3490402102,-0.02346414886,0.000570083037,1,1.842807531,0.02347107232,-0.5035282969,0,-0.1295775771,-2.119740009,178.6082153
0.1649843156,0.237637952,0.00655790465,-0.0002628239745,1,0.3237006664,0.006563169416,0.6415032148,0,4.243769169,0.8565639257,-2.295039654
0.1649843156,0.2424815297,0.01761935279,-0.0007836556761,1,0.9564226866,0.01763677225,-0.1956265867,0,2.583313227,-0.2250552773,-2.546665192
0.1649843156,0.2473251075,0.02370288968,-0.0001202837957,1,0.1410116553,0.02370319515,-0.03987345099,0,1.51743269,-0.6487827301,-0.2907533348
0.1649843156,0.2521686852,0.02565215714,0.002165643498,1,-1.077406764,0.02574341185,0.3302038014,0,1.298785925,-0.8926746845,4.825664043
0.1649843156,0.257012248,0.02477515489,0.005802814383,1,-3.906728268,0.02544564754,0.6253093481,110.591713,0.9927848577,-0.2134965807,13.18214226
0.1649843156,0.2618558407,0.01153824478,0.006228465121,1,-7.979331017,0.0131120123,0.449262768,236.3587494,0.2029876709,0.5108291507,28.36063957
0.1649843156,0.2666994035,-0.01289016567,0.005504612811,1,-7.263253212,0.0140163172,0.2813680768,210.5594635,1.529627085,0.04822774231,156.8755951
0.1649843156,0.2715429962,-0.01623302326,0.0073576984,1,-3.076192617,0.01782264747,0.02297119796,0,3.116448879,-0.366828382,155.6173553
0.1649843156,0.276386559,-0.01269518118,0.007392637432,1,-0.2290017605,0.01469076984,-0.1706778109,0,3.185231686,-0.3089942634,149.7869873
0.1649843156,0.2812301517,-0.001914293622,0.008027644828,1,0.403159976,0.008252733387,0.2117477059,0,2.590623379,-0.3111159205,103.4124222
0.1649843156,0.2860737145,0.00180544192,0.009925168008,1,-0.20270437,0.01008804142,0.3566271365,0,1.598188996,-0.3608190119,79.69031525
0.1649843156,0.2909172773,0.004844823852,0.01150264032,1,-0.2650529146,0.01248130761,0.2130685151,0,1.403443336,-0.3719520867,67.15955353
0.1649843156,0.29576087,0.00731932465,0.01275876071,1,-0.3449718356,0.014709129,0.1011305749,0,1.396888494,-0.432647258,60.1583786
0.1649843156,0.3006044328,0.009939864278,0.01408803463,1,-0.3620947003,0.01724162512,0.1791601479,0,1.534708023,-0.537872076,54.79498291
0.1649843156,0.3054480255,0.01299896836,0.01623176225,1,-0.4384083748,0.0207952708,0.09434318542,0,1.582079887,-0.7517713904,51.31102371
0.1649843156,0.3102915883,0.01547932625,0.01818625629,1,0.5925712585,0.02388199046,-0.6200011373,0,1.902389765,-2.020182133,49.59706116
0.1649843156,0.315135181,0.02508350648,0.02301364765,1,0.6463983655,0.03404130042,-1.460080028,0,2.570815563,-4.691693306,42.53579712
0.1649843156,0.3199787438,0.03106215224,0.03383882716,1,-4.211246967,0.04593390226,-6.098958015,0,-0.6100150347,-3.607620001,47.44980621
0.1649843156,0.3248223364,0.00173134997,0.01094665751,1,-7.691099167,0.01108272932,-3.489175797,202.703476,-0.5733423233,0.2290812731,81.01241302
0.1649843156,0.3296658993,-0.008967313915,0.01582916081,1,-8.848593712,0.01819271967,-0.6472812891,255,-2.013133526,-3.261799335,119.5318069
0.1649843156,0.3345094621,-0.05087810755,0.02361023985,1,-5.518275261,0.0560894385,-2.263754368,141.4997253,1.610796928,0.02776825428,155.1061096
0.1649843156,0.3393530548,-0.02789348923,0.004729992244,1,0.1978831291,0.02829168737,-2.481296301,0,4.822887897,1.98449266,170.3757019
0.1649843156,0.3441966176,-0.02655961178,0.001979843481,1,-0.567717433,0.02663330175,-0.9162279963,0,2.358165741,0.7667730451,175.7368622
0.1649843156,0.3490402102,-0.0192213133,-0.003421754111,1,1.222084641,0.01952350698,-0.6101686358,0,1.808020949,1.620240927,-169.9060211
0.1698278934,0.237637952,0.01114654541,0.006630592979,1,0.3324195147,0.01296958886,-0.01220154762,0,1.395629048,1.143697619,30.74656487
0.1698278934,0.2424815297,0.01533151418,0.003831249196,1,0.5520188212,0.01580296829,-0.4819608629,0,1.324293375,0.1509486139,14.03051281
0.1698278934,0.2473251075,0.02023460902,0.003565046703,1,-0.09669297934,0.02054626495,-0.2708830833,0,1.447482347,-1.071246862,9.992143631
0.1698278934,0.2521686852,0.02187416703,0.007707873359,1,-0.4982922673,0.02319246717,0.4245577455,0,1.486317873,-2.214910507,19.41109848
0.1698278934,0.257012248,0.02502018027,0.01634949632,1,-1.990253448,0.02988838218,1.06137085,47.22777939,0.5497734547,-2.812903166,33.16270828
0.1698278934,0.2618558407,0.01489709038,0.02647322044,1,-4.794717789,0.03037687764,1.27340734,136.7092133,-0.385725975,-0.8762849569,60.63253784
0.1698278934,0.2666994035,-7.170156459e-05,0.02676169761,1,-5.018442631,0.0267617926,1.457735658,142.4223175,-0.1739602089,2.354606867,90.15351105
0.1698278934,0.2715429962,-0.01025271788,0.0221291557,1,-3.159873962,0.02438888513,0.3341639042,84.31916809,1.342064261,2.582211494,114.8588943
0.1698278934,0.276386559,-0.008876404725,0.01587310433,1,-0.4717289209,0.01818642393,0.1236745119,0,2.27778244,1.983411908,119.2143707
0.1698278934,0.2812301517,-0.001504958025,0.01312137302,1,0.3263936043,0.01320739742,0.0859465301,0,1.976549864,0.4309464395,96.54295349
0.1698278934,0.2860737145,0.002278081141,0.01420207042,1,-0.07049751282,0.01438361779,0.3721187711,0,1.29191637,-0.1021041125,80.88710785
0.1698278934,0.2909172773,0.004411060829,0.01541830134,1,-0.2262860537,0.01603687927,0.1943886727,0,1.082791209,-0.3895193934,74.03456879
0.1698278934,0.29576087,0.006426630542,0.0170302745,1,-0.2798410654,0.01820252091,0.1371188164,0,1.10386312,-0.5359071493,69.32524872
0.1698278934,0.3006044328,0.008402275853,0.0186781548,1,-0.3441545367,0.02048100904,0.008611261845,0,1.096012592,-0.6792327166,65.7796402
0.1698278934,0.3054480255,0.01006831322,0.02036190033,1,-0.4111804962,0.02271514758,-0.2862871289,0,0.9028507471,-0.8948525786,63.68906784
0.1698278934,0.3102915883,0.0107837189,0.02162578888,1,-0.8793456554,0.02416533418,-0.4523470402,18.47865868,0.4253872633,-1.297249079,63.49681854
0.1698278934,0.315135181,0.007869530469,0.02445424907,1,-1.394683838,0.02568929456,-1.368794203,0,-0.3210440874,-3.006445169,72.16150665
0.1698278934,0.3199787438,0.002473457251,0.02955787815,1,-1.553130269,0.02966118976,-2.189954758,0,-2.230044603,-4.6804142,85.21652985
0.1698278934,0.3248223364,-0.01045457087,0.03651698306,1,-5.086733818,0.03798405081,-1.190162182,146.5776367,-0.2558162212,-1.683271289,105.9760742
0.1698278934,0.3296658993,-0.02340359986,0.03194629028,1,-3.38716507,0.03960169107,-2.523750305,64.08359528,-0.664103508,0.2243474722,126.2262115
0.1698278934,0.3345094621,-0.0300771445,0.02320639789,1,-0.8448165655,0.03798909858,0.7740198374,0,-0.7236388922,4.171182632,142.3475647
0.1698278934,0.3393530548,-0.03100053594,0.01549186837,1,-1.287995934,0.03465589881,-1.409357429,0,1.647235632,1.14633739,153.4473724
0.1698278934,0.3441966176,-0.02833713964,0.01082769129,1,0.04152238369,0.0303353332,-1.307661891,0,2.524504662,1.187138081,159.0880127
0.1698278934,0.3490402102,-0.01857178472,0.003408111166,1,0.8076400757,0.01888190769,-1.570176244,0,3.224637508,1.493491769,169.6013336
0.1746714562,0.237637952,0.0120383855,0.004886906128,1,0.9840350151,0.0129924817,-0.2864419818,0,0.6584228277,0.5104879737,22.09438133
0.1746714562,0.2424815297,0.01601607166,0.002956910059,1,0.3550487459,0.01628673822,0.1373364031,0,0.7110646963,-0.373057276,10.46024323
0.1746714562,0.2473251075,0.01720218919,0.007359037641,1,-0.4237053394,0.01871017739,0.336347878,0,0.6228114963,-1.484894991,23.16107178
0.1746714562,0.2521686852,0.01698045805,0.01177824195,1,-0.4660297632,0.02066550218,0.3762884736,0,0.2780062556,-1.842441797,34.74653625
0.1746714562,0.257012248,0.01629148424,0.01810561307,1,-0.1786934733,0.02435622551,0.4534773827,0,-0.547778368,-2.809706211,48.0190239
0.1746714562,0.2618558407,0.0134617351,0.02758372575,1,-0.3902540207,0.03069332615,0.7125889063,0,-1.822222233,-1.530296445,63.98615265
0.1746714562,0.2666994035,0.005575183313,0.02896920219,1,-1.140549541,0.02950080112,0.9565832615,0,-2.07382822,0.6304961443,79.10649109
0.1746714562,0.2715429962,-0.002107353881,0.02916315384,1,-0.9364218116,0.02923919447,0.7454372644,0,-0.7285754681,2.450605392,94.13304901
0.1746714562,0.276386559,-0.002489360049,0.02071008831,1,-0.1964635849,0.02085916139,-0.1130458117,0,0.7532147765,2.600415707,96.85408783
0.1746714562,0.2812301517,0.0005893138587,0.01602029242,1,0.07683318853,0.01603112742,0.08587962389,0,1.07988143,0.9501112103,87.89329529
0.1746714562,0.2860737145,0.003113276791,0.01652411558,1,0.01301145554,0.01681484096,0.4108465314,0,0.6704483628,0.03447978199,79.33009338
0.1746714562,0.2909172773,0.00389969442,0.01784324832,1,-0.07706716657,0.01826442219,0.2791475654,0,0.5466556549,-0.3271632195,77.67169189
0.1746714562,0.29576087,0.005387765355,0.01946082897,1,0.02529734373,0.02019286714,0.1597369015,0,0.5511294007,-0.5051304102,74.52516174
0.1746714562,0.3006044328,0.006691662129,0.02106358483,1,-0.03291891515,0.02210097201,0.04381331801,0,0.4231820107,-0.6035461426,72.37554169
0.1746714562,0.3054480255,0.007278034929,0.02259636484,1,-0.2105848342,0.0237395335,-0.1116494834,0,0.2752833664,-0.8223301172,72.14683533
0.1746714562,0.3102915883,0.00700503448,0.02450582199,1,-0.6478742361,0.0254873652,-0.06725519896,19.06317139,-0.05125954747,-1.227045059,74.0473175
0.1746714562,0.315135181,0.003891726257,0.02821389772,1,-1.160676003,0.02848103829,0.01189833879,26.46452141,-0.7428750396,-1.238070965,82.14637756
0.1746714562,0.3199787438,-0.002214963315,0.03056014515,1,-1.541727662,0.03064030968,0.132502079,0,-1.777730346,-1.13343215,94.14547729
0.1746714562,0.3248223364,-0.01218632702,0.0343455486,1,-0.9970288277,0.03644342721,0.03196018934,0,-2.696454048,0.3502464592,109.5354691
0.1746714562,0.3296658993,-0.02010463364,0.02901850082,1,-0.8250092268,0.03530254588,-0.06068658829,0,-2.21807003,2.034543037,124.7150497
0.1746714562,0.3345094621,-0.02692567185,0.02419717237,1,-0.7802900076,0.03620075807,0.1891735792,0,-1.09080863,2.268526554,138.055069
0.1746714562,0.3393530548,-0.02916744538,0.01894699223,1,-0.2731800079,0.03478115052,0.03600120544,4.325377464,0.2282326669,2.139989376,146.9925079
0.1746714562,0.3441966176,-0.02714337781,0.01400634181,1,0.7360214591,0.03054407611,-0.1563940048,0,1.240762234,2.044840336,152.7056732
0.1746714562,0.3490402102,-0.01959273964,0.008285142481,1,0.9467166662,0.02127249539,-0.7892650366,0,2.171067715,1.573113322,157.0780487
0.179515034,0.237637952,0.01223172806,0.005053467117,1,1.026504874,0.01323452685,0.1778774559,0,-0.2179887295,-0.02947775275,22.44768143
0.179515034,0.2424815297,0.01418978348,0.005555637646,1,-0.08071428537,0.01523860451,0.03837454319,0,0.5844352841,-0.7008429766,21.38152504
0.179515034,0.2473251075,0.01467153989,0.008633924648,1,-0.1692771912,0.01702347584,0.0999237597,0,0.2896359563,-1.088459492,30.47600746
0.179515034,0.2521686852,0.01477275044,0.01131166425,1,-0.03973624855,0.01860612631,0.1661147177,0,-0.1799198091,-1.057751775,37.44169235
0.179515034,0.257012248,0.01360762026,0.01456180774,1,0.1928477585,0.01993021742,0.3795404136,0,-0.98488307,-1.318732619,46.9400444
0.179515034,0.2618558407,0.01093646605,0.01953738183,1,0.7047117949,0.02239007689,0.4456940889,0,-1.941853404,-1.139805079,60.76115036
0.179515034,0.2666994035,0.007615428884,0.02224129625,1,0.7344828248,0.0235089343,0.6882035732,0,-1.913141966,-0.05473741889,71.09877777
0.179515034,0.2715429962,0.005227539223,0.02313587442,1,0.6276531816,0.02371910214,0.7647587657,0,-1.545174122,1.129852176,77.26784515
0.179515034,0.276386559,0.003171345219,0.02047293819,1,-0.057710208,0.02071711048,0.3614118099,0,-0.2962849438,1.42594862,81.19462585
0.179515034,0.2812301517,0.003512936179,0.01797970757,1,-0.147321105,0.01831967756,0.1899032295,0,0.4082243443,0.827144146,78.94463348
0.179515034,0.2860737145,0.004435050301,0.01738641225,1,-0.08144406229,0.01794316061,0.2437604666,0,0.2188548148,0.1488635242,75.6897583
0.179515034,0.2909172773,0.004178493749,0.01843934692,1,-0.01273123547,0.01890685968,0.291790247,0,0.07851786911,-0.1605131924,77.23197937
0.179515034,0.29576087,0.004753693007,0.0195771791,1,0.2113542855,0.02014605515,0.1290221661,3.963187456,0.1009514034,-0.3763820529,76.3516922
0.179515034,0.3006044328,0.005691170692,0.02088731155,1,0.1651373804,0.02164876834,0.1070482135,3.731367588,-0.001864634454,-0.5408319235,74.7585907
0.179515034,0.3054480255,0.005544517189,0.02271523699,1,-0.0248055011,0.02338212356,0.03491035104,0,-0.2180906236,-0.7141686678,76.28300476
0.179515034,0.3102915883,0.004514684435,0.02451553382,1,-0.2046384662,0.02492777072,-0.08104875684,0,-0.5415124297,-0.8578836918,79.56554413
0.179515034,0.315135181,0.00193047733,0.02647789754,1,-0.2791796327,0.02654817887,0.0176897943,0,-1.143178463,-0.7873449326,85.83000183
0.179515034,0.3199787438,-0.002374617849,0.02841478214,1,-0.4653318524,0.02851383388,0.1174659058,0,-1.709466219,-0.2557708919,94.77709198
0.179515034,0.3248223364,-0.008603326045,0.02828569897,1,-0.03046131134,0.02956514806,0.3134740293,0,-2.337306976,0.9774210453,106.9175644
0.179515034,0.3296658993,-0.01384308748,0.02519890293,1,-0.1300891042,0.02875092626,0.3757818937,0,-1.845682621,1.734971404,118.7823181
0.179515034,0.3345094621,-0.01817310043,0.02170237899,1,-0.1078398228,0.02830644511,0.700186193,0,-1.25848186,2.202878475,129.9420929
0.179515034,0.3393530548,-0.02046097256,0.01792049594,1,0.1980786473,0.02719918452,0.5823185444,0,-0.4080921412,2.322755098,138.786911
0.179515034,0.3441966176,-0.01919031702,0.01327243913,1,0.5619807243,0.02333293669,0.1311651468,0,0.6119060516,1.903027892,145.3314362
0.179515034,0.3490402102,-0.0147751607,0.009338340722,1,0.4199969471,0.01747884415,-0.5333200097,0,1.40309453,1.091134787,147.7059021
0.1843586117,0.237637952,0.01275717095,-0.001140895416,1,0.4172891676,0.01280808542,1.818974257,0,-0.3965675533,-1.203382134,-5.110463142
0.1843586117,0.2424815297,0.01280735433,0.006178613752,1,-0.03830715269,0.01421983168,0.9368145466,0,-0.03251472116,-1.276985884,25.7539196
0.1843586117,0.2473251075,0.0124141397,0.009581819177,1,-0.07241740823,0.01568190381,0.0865265131,0,0.04235502705,-0.9293832779,37.66265488
0.1843586117,0.2521686852,0.01266174484,0.01109925192,1,-0.05693572015,0.01683785021,-0.1972540915,0,-0.08174424618,-0.7793377638,41.23771667
0.1843586117,0.257012248,0.01174243353,0.0124011822,1,0.03111368418,0.01707846858,0.009564846754,0,-0.5600594878,-0.7472372055,46.56290436
0.1843586117,0.2618558407,0.01009975467,0.01476488169,1,0.4276705384,0.01788873225,0.2261049002,0,-1.067488432,-0.5468863845,55.62635422
0.1843586117,0.2666994035,0.008643426001,0.01614522561,1,0.6922615767,0.01831330359,0.6232960224,0,-1.317917466,-0.1765288413,61.83740997
0.1843586117,0.2715429962,0.007069341373,0.01863889582,1,0.5210744739,0.01993449405,0.6982104182,0,-1.032177448,-0.005671620369,69.22931671
0.1843586117,0.276386559,0.006167859305,0.01955453306,1,0.147992149,0.02050420083,0.4181185663,0,-0.468804419,0.4032072723,72.49377441
0.1843586117,0.2812301517,0.005515462253,0.01871111989,1,-0.00722424686,0.01950708404,0.1349797994,0,-0.2307976782,0.4603377581,73.57611084
0.1843586117,0.2860737145,0.005014981609,0.01797863655,1,-0.1009305269,0.01866497844,0.09187537432,0,-0.1013827622,0.1798063815,74.41402435
0.1843586117,0.2909172773,0.004535545129,0.01828522049,1,-0.0258554928,0.01883933321,0.1803382486,0,-0.1445398629,-0.0152707696,76.06926727
0.1843586117,0.29576087,0.004189658444,0.01892608404,1,0.1344260871,0.01938426867,0.1612094343,0,-0.123060137,-0.2454067767,77.5177536
0.1843586117,0.3006044328,0.004590597004,0.02025469765,1,0.1370794922,0.02076839842,0.09422956407,0,-0.1787148267,-0.4702476263,77.23001862
0.1843586117,0.3054480255,0.003987994511,0.02166017331,1,0.0402816236,0.02202424221,0.01648813486,0,-0.4807318747,-0.5243206024,79.56773376
0.1843586117,0.3102915883,0.002457241993,0.0228741467,1,-0.01444223523,0.02300575189,-0.09408950806,0,-0.7750884295,-0.5831657052,83.86854553
0.1843586117,0.315135181,0.0001638415706,0.02402905189,1,-0.02862471342,0.02402961068,-0.06538143754,0,-1.074298859,-0.4080903232,89.60933685
0.1843586117,0.3199787438,-0.00288485433,0.0245340839,1,0.06913644075,0.02470310964,-0.09242665768,0,-1.328044176,0.08448582888,96.70635986
0.1843586117,0.3248223364,-0.005933776032,0.02317216247,1,0.08463138342,0.02391984127,-0.0004507303238,0,-1.529055595,0.7892946601,104.3632889
0.1843586117,0.3296658993,-0.009881035425,0.02070889063,1,0.001116037369,0.02294543572,0.1478742659,0,-1.432020545,1.086896777,115.5076675
0.1843586117,0.3345094621,-0.01286445186,0.0186239481,1,-0.03780806065,0.02263505198,0.2700719833,0,-1.038970232,1.240002513,124.634697
0.1843586117,0.3393530548,-0.01509649493,0.01601095684,1,-0.1455361843,0.02200579271,0.3730968535,0,-0.7682828307,1.276517749,133.3161774
0.1843586117,0.3441966176,-0.01729060523,0.01424815878,1,-0.0800492838,0.02240479924,0.439537704,0,-0.2904259861,1.051503658,140.5101166
0.1843586117,0.3490402102,-0.0168909207,0.01304685231,1,-0.01382277161,0.02134299837,0.5052269697,0,0.1788591743,1.00126636,142.316864
0.1892021894,0.237637952,0.01521339547,0.001111488789,1,-2.303302288,0.01525394432,0.5801793337,0,1.200291872,-1.266474247,4.178598404
0.1892021894,0.2424815297,0.01254213694,0.005583693739,1,-0.4418540895,0.01372890547,0.5352553129,0,-0.5128736496,-1.132591367,23.99837685
0.1892021894,0.2473251075,0.01058909763,0.009189833887,1,0.3827943504,0.01402077079,0.171658814,0,-0.8988560438,-0.9861235023,40.95334244
0.1892021894,0.2521686852,0.0100425519,0.01119150221,1,0.4188681841,0.01503670681,-0.09637615085,0,-0.5333396792,-0.6142958403,48.09719086
0.1892021894,0.257012248,0.01003464684,0.01169841457,1,-0.1298784316,0.01541256066,-0.0205013603,3.801553965,-0.006346482784,-0.2484239787,49.37771988
0.1892021894,0.2618558407,0.009382735938,0.01229546312,1,-0.3794948459,0.0154665485,0.001125708222,5.725753307,0.3267928362,-0.1653675288,52.65254593
0.1892021894,0.2666994035,0.009779380634,0.01250483748,1,-0.235546127,0.01587473601,0.1050482243,5.899727345,0.07020734251,-0.5797998309,51.97289658
0.1892021894,0.2715429962,0.008581904694,0.01561257802,1,-0.03581058979,0.01781577058,0.1764003336,0,-0.5071516633,-0.851888895,61.20333099
0.1892021894,0.276386559,0.007149500772,0.01748543605,1,0.288094759,0.01889062859,-0.05912956595,0,-0.7393110991,-0.3242712319,67.76117706
0.1892021894,0.2812301517,0.006396403071,0.01689681225,1,0.203534469,0.01806699298,-0.1986109912,0,-0.4922752976,-0.1777144074,69.26550293
0.1892021894,0.2860737145,0.005750962067,0.01738422178,1,-0.03523486853,0.01831078157,0.1469450593,0,-0.2576057911,-0.05284126848,71.69500732
0.1892021894,0.2909172773,0.004978010897,0.01786448993,1,-0.06821157783,0.01854509674,0.1412454844,0,-0.221880883,-0.05402396619,74.4292984
0.1892021894,0.29576087,0.00434587663,0.01833002456,1,-0.0263793841,0.01883816533,0.1799710393,0,-0.2024004757,-0.1283232272,76.6619873
0.1892021894,0.3006044328,0.003869897919,0.01935773715,1,-0.03165140748,0.0197407715,0.08437093347,0,-0.2287109792,-0.2999819517,78.69476318
0.1892021894,0.3054480255,0.003084791126,0.0201916676,1,0.008565664291,0.02042594925,0.0733102113,0,-0.5526989102,-0.2309169322,81.31377411
0.1892021894,0.3102915883,0.001234346302,0.02083128504,1,0.05192285776,0.02086782455,-0.02982316911,0,-0.7637130618,-0.2819974422,86.6089325
0.1892021894,0.315135181,-0.000362819992,0.02141309343,1,-0.0005693435669,0.0214161668,-0.1510362178,0,-0.7524744272,-0.3195364475,90.97071075
0.1892021894,0.3199787438,-0.002413079841,0.02164742909,1,-0.1547878683,0.02178150974,-0.3099521697,0,-0.7576944828,-0.1151761115,96.36060333
0.1892021894,0.3248223364,-0.00478249928,0.02046968043,1,-0.5504335761,0.02102094516,-0.6215565205,0,-0.5746228099,0.07834649086,103.150589
0.1892021894,0.3296658993,-0.007862377912,0.01825739443,1,-0.7798460722,0.01987836696,-0.4934215248,11.07917595,-0.4746928513,0.2532412708,113.2986832
0.1892021894,0.3345094621,-0.01085893717,0.01685317233,1,-1.011302948,0.02004858851,-0.4427649379,26.92561722,0.05982479453,0.2495374829,122.7947388
0.1892021894,0.3393530548,-0.0124709364,0.01490417402,1,-0.2929740846,0.01943344064,-0.5677604079,0,0.06392738968,0.3818907142,129.9206085
0.1892021894,0.3441966176,-0.01196834259,0.01225346327,1,0.8478977084,0.01712859049,0.8701287508,0,0.1828679442,1.82656312,134.325592
0.1892021894,0.3490402102,-0.007478342857,0.01027161069,1,1.738270998,0.01270557381,1.778948784,0,0.115724504,2.597288609,126.0568466
0.1940457672,0.237637952,0.009433047846,0.01582903415,1,-2.939249277,0.01842663065,-3.256839752,0,3.13788867,0.8700307608,59.20787811
0.1940457672,0.2424815297,0.009914110415,0.005834625103,1,-0.1513028294,0.01150358375,-1.82830143,0,-0.04768877849,0.7431423068,30.47754669
0.1940457672,0.2473251075,0.008469216526,0.003374045948,1,1.12902236,0.009116568603,-0.3703077137,0,-1.272420645,-0.5050292015,21.72181129
0.1940457672,0.2521686852,0.009219549596,0.006487159058,1,1.174683928,0.01127312426,0.8237178326,0,-0.7678236365,-1.163550258,35.13140106
0.1940457672,0.257012248,0.01043987274,0.01299951877,1,-0.2598824203,0.01667268574,1.291311383,0,0.2773667872,-1.123986363,51.23216248
0.1940457672,0.2618558407,0.009304236621,0.01818584092,1,-1.638943315,0.02042776532,0.4613995254,0,0.7932990789,-0.4938133061,62.90481186
0.1940457672,0.2666994035,0.006343929563,0.01762616634,1,-1.625795603,0.01873305067,-0.8981815577,0,0.4888928533,-0.5203777552,70.20541382
0.1940457672,0.2715429962,0.003797560232,0.01635591872,1,-0.3633453846,0.01679099537,-1.30240941,0,-0.05640670657,-0.6731321812,76.9285202
0.1940457672,0.276386559,0.004310827702,0.01457821298,1,0.5893976688,0.01520222053,-0.6908481717,0,-0.6110467911,-0.4812907577,73.52687073
0.1940457672,0.2812301517,0.003692700993,0.01534091122,1,0.4409710169,0.01577908732,-0.3183650374,0,-0.2014883608,-0.7980419993,76.4658432
0.1940457672,0.2860737145,0.005470780656,0.01690156572,1,0.2302661985,0.01776491851,0.169259578,0,0.03096885979,-0.284951508,72.06402588
0.1940457672,0.2909172773,0.004958009347,0.01754091121,1,-0.03961994499,0.01822814904,0.1168499291,0,-0.1732313931,-0.1251089275,74.21684265
0.1940457672,0.29576087,0.004439818673,0.01807351224,1,-0.09277403355,0.0186108537,0.201008141,0,-0.1986925602,-0.1622177958,76.19838715
0.1940457672,0.3006044328,0.003546268214,0.01930022426,1,-0.1135708839,0.01962331869,0.02280060202,0,-0.1373189837,-0.1564331055,79.58847046
0.1940457672,0.3054480255,0.003224614076,0.01894164458,1,-0.01025146246,0.0192141626,-0.01001610048,0,-0.5264083743,0.06775150448,80.33862305
0.1940457672,0.3102915883,0.0009469146025,0.01892355084,1,-0.157379508,0.01894722693,0.08987499774,0,-0.9451170564,-0.2085606903,87.13536835
0.1940457672,0.315135181,-0.002115413779,0.02038714103,1,-0.3962986171,0.02049659751,-0.08411958814,0,-0.8199326992,-0.6395577192,95.92393494
0.1940457672,0.3199787438,-0.004943996202,0.02161385864,1,-0.65884161,0.02217209898,-0.2471286654,0,-0.6727035046,-0.7979320884,102.8842926
0.1940457672,0.3248223364,-0.008564855903,0.02305500023,1,-1.163500547,0.02459450811,-0.7217441797,0,-0.09597569704,-0.8400585651,110.3798676
0.1940457672,0.3296658993,-0.01104436722,0.02218692377,1,-1.351746917,0.02478381805,-0.5788012147,0,0.2708261013,-0.7350991368,116.4635391
0.1940457672,0.3345094621,-0.01380036399,0.02381203882,1,-1.947954178,0.02752204984,-1.066375017,0,0.9254863858,-0.1481927931,120.0946121
0.1940457672,0.3393530548,-0.01599676907,0.01773963682,1,0.4026435018,0.02388705313,-2.047729015,0,1.573456764,0.5918495655,132.0426636
0.1940457672,0.3441966176,-0.004228968639,0.0110270353,1,2.349022865,0.01181015186,0.3021560907,0,1.842608929,2.893569946,110.9822769
0.1940457672,0.3490402102,0.004305725917,0.005187922157,1,2.81163168,0.006741944235,1.227392912,0,0.7124855518,3.638460159,50.30895615
