PIVlab, ASCII chart output - 13-Mar-2024
FRAME: 69, filenames: A:[69]2 vortices tapados mismo sentido clase 4.mp4 & B:[70]2 vortices tapados mismo sentido clase 4.mp4, conversion factor xy (px -> m): 0.00030272, conversion factor uv (px/frame -> m/s): 0.0090842
x [m],y [m],u [m/s],v [m/s],Vector type [-],vorticity [1/s],magnitude [m/s],divergence [1/s],dcev [1],simple shear [1/s],simple strain [1/s],vector direction [degrees]
0.1262357086,0.237637952,0.003317492083,-0.007563336752,1,0.05794340372,0.008258923888,2.183837175,0,1.416554689,1.47152245,-66.31639862
0.1262357086,0.2424815297,0.006888415199,-0.005838260986,1,0.4981003404,0.009029704146,0.9387065172,0,0.6678926349,0.6545543671,-40.28286743
0.1262357086,0.2473251075,0.008965069428,-0.006187024061,1,0.3986542821,0.01089273766,0.1846352667,0,0.367419064,0.35426265,-34.61055374
0.1262357086,0.2521686852,0.01059895102,-0.006659864448,1,0.2266500294,0.01251764968,-0.103637509,0,0.2734597623,0.06773220748,-32.14325333
0.1262357086,0.257012248,0.01138738636,-0.007017065305,1,-0.122974202,0.01337579079,-0.1811337769,0,0.2941830754,-0.112906523,-31.64195061
0.1262357086,0.2618558407,0.01142821461,-0.006990328431,1,-0.4133540392,0.0133965956,-0.2500661314,0,0.253185451,-0.3626290858,-31.45299339
0.1262357086,0.2666994035,0.01061159745,-0.006471857894,1,-0.5449029207,0.01242943853,-0.09710666537,0,0.07930141687,-0.357263267,-31.3784008
0.1262357086,0.2715429962,0.009173037484,-0.005730239674,1,-0.3238605857,0.01081574149,0.1267552376,0,-0.1327372342,-0.05145474896,-31.99231529
0.1262357086,0.276386559,0.008400030434,-0.005608683918,1,0.04413724691,0.01010038797,0.1229358763,0,-0.1904718578,0.1233261973,-33.73095703
0.1262357086,0.2812301517,0.008464254439,-0.005732130259,1,0.10051357,0.01022256911,0.07526884973,0,-0.04490911216,0.1303970367,-34.1064949
0.1262357086,0.2860737145,0.008669354953,-0.00587570155,1,0.05670649186,0.01047289744,0.03719079494,0,-0.03308579698,0.05650556087,-34.12767029
0.1262357086,0.2909172773,0.008578662761,-0.005825682543,1,0.1544779092,0.01036976557,-0.03651441634,0,-0.1973324865,-0.01560090203,-34.18003082
0.1262357086,0.29576087,0.008461785503,-0.005976997782,1,0.08359363675,0.0103598414,-0.01433176547,0,-0.2655121386,0.1135857925,-35.2355423
0.1262357086,0.3006044328,0.007697526366,-0.006445261184,1,-0.03751166165,0.01003958657,0.08196091652,0,-0.3043079376,0.4044852257,-39.93997574
0.1262357086,0.3054480255,0.006806155667,-0.007539169397,1,-0.08311749995,0.01015691087,0.1932341456,0,-0.3949612379,0.4963744283,-47.92514038
0.1262357086,0.3102915883,0.005381914787,-0.007913544774,1,0.1995715052,0.009570224211,0.07332487404,0,-0.5733168125,0.3323569298,-55.78081512
0.1262357086,0.315135181,0.004995891359,-0.008793811314,1,0.3306780159,0.01011385396,-0.313072145,0,-0.4012483656,0.1080511734,-60.39846802
0.1262357086,0.3199787438,0.005040101707,-0.009953288361,1,-0.09657284617,0.01115663815,-0.4357179701,0,-0.5398651361,-0.2210801542,-63.14345932
0.1262357086,0.3248223364,0.001913254615,-0.009833426215,1,-0.7083543539,0.01001782436,-0.007782280445,0,-1.073064208,-0.2996066213,-78.98972321
0.1262357086,0.3296658993,-0.003588337917,-0.008539814502,1,-0.5870914459,0.009263076819,0.2921080589,0,-1.486522794,-0.3747066855,-112.7916183
0.1262357086,0.3345094621,-0.008130426519,-0.006603667047,1,-0.3616477251,0.01047436241,0.4810069203,0,-1.496457815,0.366345048,-140.9159393
0.1262357086,0.3393530548,-0.01258821599,-0.007984440774,1,-0.1518649608,0.01490685996,0.7379037738,0,-0.3983131647,1.233958244,-147.6139221
0.1262357086,0.3441966176,-0.01079525705,-0.009006345645,1,1.150774002,0.01405887026,-0.7811204195,0,1.883239508,0.2549241483,-140.1621857
0.1262357086,0.3490402102,0.002107264707,-0.01300260331,1,1.550139666,0.01317225304,-4.314501286,0,3.77752614,-2.664380074,-80.79440308
0.1310792714,0.237637952,0.01216997392,-0.004273077007,1,-0.5104827285,0.01289835107,0.5392305851,0,-0.07711155713,1.015731335,-19.34700966
0.1310792714,0.2424815297,0.0107469447,-0.005427061114,1,-0.2521065176,0.01203951053,0.1954711676,3.103896379,-0.1401265711,0.6062402129,-26.79315567
0.1310792714,0.2473251075,0.01027016249,-0.006262668874,1,-0.0240748357,0.01202901732,0.007291249931,0,-0.02443238162,0.2384097576,-31.37452888
0.1310792714,0.2521686852,0.01051199622,-0.006546501536,1,0.03749963641,0.01238381024,-0.02692033164,0,0.04614166915,-0.07974652201,-31.91319847
0.1310792714,0.257012248,0.01067528501,-0.006006801501,1,-0.1649555415,0.01224921923,-0.03929384053,6.279537201,0.0477703698,-0.2809305191,-29.36571884
0.1310792714,0.2618558407,0.00994440075,-0.005376115441,1,-0.3289485574,0.01130458899,-0.0966527313,12.38843155,0.08861543983,-0.3127388954,-28.39642525
0.1310792714,0.2666994035,0.009511212818,-0.004960171413,1,-0.2412456721,0.01072690357,-0.1390156001,6.435482502,0.1196409613,-0.1614648551,-27.54239273
0.1310792714,0.2715429962,0.009355398826,-0.005267380737,1,-0.1107673869,0.01073633041,-0.130019471,0,0.00448448956,0.1211759299,-29.3808651
0.1310792714,0.276386559,0.008996423334,-0.006176855881,1,0.01024042442,0.01091279928,-0.009762555361,0,-0.09139253199,0.1589002609,-34.47311401
0.1310792714,0.2812301517,0.008962332271,-0.006084312219,1,-0.0002496112138,0.01083246246,0.07448615134,0,-0.02042855136,0.05720615387,-34.1716423
0.1310792714,0.2860737145,0.008896267042,-0.006093158852,1,-0.0878655389,0.01078286394,-0.03567152843,3.219034672,-0.01740437001,0.086837098,-34.40770721
0.1310792714,0.2909172773,0.008452450857,-0.006677690428,1,-0.002039004117,0.01077197585,-0.04938815162,0,-0.03803673759,0.1011817008,-38.30979538
0.1310792714,0.29576087,0.008702157065,-0.006822455674,1,0.08031964302,0.01105773263,0.04732093588,2.649333,0.007041759789,0.1327315718,-38.09630203
0.1310792714,0.3006044328,0.008875592612,-0.00709138345,1,0.03058022819,0.0113606276,0.04891391098,0,-0.07722347975,0.3528072834,-38.62400818
0.1310792714,0.3054480255,0.008476236835,-0.008294386789,1,-0.2219531834,0.01185931917,-0.04207278788,0,-0.2965076268,0.5141127706,-44.37874222
0.1310792714,0.3102915883,0.00636438746,-0.009785311297,1,-0.2605335116,0.01167294942,-0.04532887042,0,-0.5605251789,0.423743844,-56.95993805
0.1310792714,0.315135181,0.004499375354,-0.01056637708,1,-0.0645660311,0.01148445532,-0.1121121272,0,-0.537242651,0.1442136914,-66.9347229
0.1310792714,0.3199787438,0.003449480282,-0.01102684531,1,-0.05819126964,0.01155379694,-0.2236244678,0,-0.6294305325,-0.1925943494,-72.62898254
0.1310792714,0.3248223364,0.001168825896,-0.01071667392,1,-0.3886808157,0.01078022551,-0.1328687817,0,-1.105638981,-0.1966241747,-83.77557373
0.1310792714,0.3296658993,-0.003788373666,-0.0107180411,1,-0.1808668971,0.01136785746,0.03834988177,0,-1.315376997,-0.2434148639,-109.4663467
0.1310792714,0.3345094621,-0.006078325212,-0.009351928718,1,0.2431305647,0.0111536812,0.327727586,0,-1.074008822,-0.1134249642,-123.0220184
0.1310792714,0.3393530548,-0.007812797092,-0.008581284434,1,-0.4489426017,0.01160509512,0.5903157592,0,-0.7880075574,0.1527353972,-132.3161774
0.1310792714,0.3441966176,-0.01206958946,-0.007232474163,1,-0.9824435711,0.01407066733,-0.06494225562,35.57199478,-0.4589008987,-0.2658112049,-149.0686493
0.1310792714,0.3490402102,-0.01479406096,-0.007608360145,1,-1.597909212,0.01663584635,-1.989930272,0,0.4729296565,-1.834720612,-152.7839355
0.1359228492,0.237637952,0.01084905956,-0.005464273039,1,0.03723610565,0.01214744337,-0.1606903076,0,-0.06923685968,-0.2302235365,-26.73271942
0.1359228492,0.2424815297,0.01077156048,-0.005295878276,1,-0.07789551467,0.01200303435,-0.02139493451,1.501332045,-0.06537049264,0.1281810254,-26.18121338
0.1359228492,0.2473251075,0.01015513949,-0.006188755855,1,-0.09381378442,0.01189233176,-0.05846481025,2.261020184,-0.04848966748,0.2145003229,-31.3590107
0.1359228492,0.2521686852,0.01008230262,-0.006618006155,1,-0.0660680905,0.01206029952,0.01648548618,2.62720871,0.000252507627,-0.02522825822,-33.28083038
0.1359228492,0.257012248,0.009836357087,-0.005986712407,1,-0.09306461364,0.01151497476,0.09189397097,0,-0.03845078498,-0.2488001287,-31.32599258
0.1359228492,0.2618558407,0.009445297532,-0.004967827816,1,-0.1055600271,0.0106720645,0.08538129926,2.108890295,-0.03486467153,-0.1753421426,-27.74247551
0.1359228492,0.2666994035,0.009156199172,-0.004723878112,1,-0.03899157047,0.01030296087,-0.06762522459,0,-0.02606247924,-0.02547016367,-27.29017258
0.1359228492,0.2715429962,0.009130203165,-0.005172009114,1,-0.02590120584,0.01049334463,-0.2014524937,0,0.01892086864,0.08285637945,-29.53036118
0.1359228492,0.276386559,0.009122389369,-0.006100950297,1,-0.07604347169,0.0109744966,-0.09695973247,0,0.070244506,0.03886120766,-33.77415466
0.1359228492,0.2812301517,0.009102115408,-0.005829868373,1,-0.09485344589,0.01080906391,0.03395523131,2.929548025,0.05248591676,-0.08301045001,-32.63940048
0.1359228492,0.2860737145,0.008917178959,-0.005534417927,1,-0.1669519097,0.01049503963,-0.04233426601,4.829576015,0.1106737182,-0.007200682536,-31.82566833
0.1359228492,0.2909172773,0.008829528466,-0.006000040099,1,-0.1692493707,0.01067525428,-0.02722337469,0,0.2552815378,0.1374289691,-34.19777679
0.1359228492,0.29576087,0.009333882481,-0.006331924349,1,-0.08013490587,0.01127894688,-0.01365543157,0,0.2481434941,0.1860679984,-34.15220642
0.1359228492,0.3006044328,0.009643291123,-0.006967416033,1,-0.1313031763,0.01189697254,-0.05438040197,3.590690136,0.08147057891,0.269420445,-35.84865189
0.1359228492,0.3054480255,0.009092514403,-0.007900279015,1,-0.4333995581,0.01204525772,-0.0957813412,17.13123703,-0.06798537076,0.3995466232,-40.9866333
0.1359228492,0.3102915883,0.007214794401,-0.009366575629,1,-0.5491656065,0.01182311308,-0.06500223279,19.58164787,-0.2645173669,0.5921514034,-52.39400864
0.1359228492,0.315135181,0.005151377525,-0.01108325366,1,-0.3837066293,0.01222191472,-0.1137881726,0,-0.4814963341,0.5785822868,-65.07150269
0.1359228492,0.3199787438,0.003024116624,-0.01272012573,1,-0.2317860425,0.01307466533,-0.1565568447,0,-0.766245842,0.3023621738,-76.62662506
0.1359228492,0.3248223364,0.0003173323348,-0.0133060636,1,-0.249063313,0.01330984756,-0.2246261537,0,-1.321201801,0.04681938887,-88.63382721
0.1359228492,0.3296658993,-0.004581584595,-0.01403489336,1,-0.2358993888,0.01476377808,-0.1258191317,0,-1.29391861,-0.1924518198,-108.0788803
0.1359228492,0.3345094621,-0.007092436776,-0.01298332401,1,0.07186970115,0.01479423419,0.010073632,0,-0.9818603992,-0.9000320435,-118.6465912
0.1359228492,0.3393530548,-0.008989195339,-0.009626725689,1,-0.3258625865,0.01317116152,0.1597750187,0,-0.7693707347,-1.18484962,-133.0385895
0.1359228492,0.3441966176,-0.01239728462,-0.006470529828,1,-0.8449200988,0.01398429181,0.5490074158,0,-0.6887614131,-0.824848175,-152.4385376
0.1359228492,0.3490402102,-0.0164177008,-0.002972349757,1,-1.543726444,0.01668459736,0.9736539125,0,-0.1163703203,-0.470802933,-169.7380066
0.1407664269,0.237637952,0.01027655229,-0.004788787104,1,0.0941856131,0.01133754849,-0.3058286607,0,0.3136200309,-0.06732392311,-24.98512268
0.1407664269,0.2424815297,0.01126417145,-0.005366395228,1,0.1084851325,0.01247716881,-0.104184255,0,0.04623115063,0.1547877043,-25.47372818
0.1407664269,0.2473251075,0.01102593262,-0.006043137982,1,-0.111313276,0.01257341262,0.07879250497,2.395392418,-0.05272280425,0.2561154068,-28.72644806
0.1407664269,0.2521686852,0.01046964992,-0.006225272547,1,-0.2099663019,0.0121806236,0.1952720881,3.067714453,-0.01933453977,0.1331561804,-30.73579407
0.1407664269,0.257012248,0.009915297851,-0.005742275156,1,-0.1697963476,0.01145804767,0.2237367332,0,-0.02860686928,-0.02227471024,-30.07654381
0.1407664269,0.2618558407,0.009508668445,-0.005033697002,1,-0.06980389357,0.01075885165,0.124400042,0,-0.1067184657,-0.05000137538,-27.89583969
0.1407664269,0.2666994035,0.009060298093,-0.004897548351,1,-0.008617982268,0.01029927097,-0.02528485283,0,-0.1416220218,-0.02186083049,-28.39346123
0.1407664269,0.2715429962,0.008780969307,-0.005050281528,1,-0.01861278899,0.01012969762,-0.1542288065,0,-0.05267325044,-0.03639228642,-29.90490341
0.1407664269,0.276386559,0.00871501863,-0.005468298681,1,-0.1165775657,0.01028853003,-0.1255386174,0,0.1049663574,-0.05939308926,-32.10650253
0.1407664269,0.2812301517,0.008724729531,-0.005370662548,1,-0.07660420984,0.01024523936,0.02610819414,1.316404223,0.06448961049,-0.1225094497,-31.61511421
0.1407664269,0.2860737145,0.008656340651,-0.004748457577,1,-0.1127769276,0.009873200208,0.02071373537,0,0.1667683274,-0.133970052,-28.74708176
0.1407664269,0.2909172773,0.008986240253,-0.004621441942,1,-0.1719801426,0.01010496076,-0.04727701098,0,0.3538519144,0.05264008045,-27.2158432
0.1407664269,0.29576087,0.009537250735,-0.005232413765,1,-0.141378209,0.01087829564,-0.07766146958,0,0.3335740566,0.2195063382,-28.75045967
0.1407664269,0.3006044328,0.00991715584,-0.006060797255,1,-0.2038355172,0.01162253227,-0.06201574206,0,0.2885450125,0.2047418356,-31.43088341
0.1407664269,0.3054480255,0.009947547689,-0.006524474826,1,-0.3916310072,0.01189632248,-0.07262472808,13.85106468,0.1852793097,0.4116863012,-33.26037979
0.1407664269,0.3102915883,0.008917675354,-0.008406595327,1,-0.626868248,0.01225543953,-0.1078680456,25.32139969,-0.03316155076,0.8244085312,-43.31021881
0.1407664269,0.315135181,0.006750641856,-0.01104002912,1,-0.5759610534,0.01294037886,-0.007590770721,16.72428131,-0.4071914554,1.06784308,-58.55548477
0.1407664269,0.3199787438,0.004155699629,-0.01361554302,1,-0.4785979986,0.01423561946,0.04835122824,0,-0.851624608,1.053730249,-73.02690125
0.1407664269,0.3248223364,0.0003076050489,-0.01590966061,1,-0.5715943575,0.01591263339,0.03170859814,0,-1.3868016,0.4915124774,-88.89234924
0.1407664269,0.3296658993,-0.005329943728,-0.01584263891,1,-0.9096267223,0.01671518944,-0.00336356461,0,-1.298770905,-0.3035368323,-108.5944977
0.1407664269,0.3345094621,-0.01038890798,-0.01445575245,1,-0.7608383894,0.01780163497,-0.1438816786,0,-0.7768435478,-1.199545145,-125.7036514
0.1407664269,0.3393530548,-0.01277782582,-0.01072945073,1,-0.2938610613,0.01668514125,-0.1875832677,0,-0.3289713562,-1.835052371,-139.9800568
0.1407664269,0.3441966176,-0.01340564527,-0.006476107519,1,-0.0546005182,0.01488795783,0.3821370006,0,0.1411816478,-1.689596176,-154.2153778
0.1407664269,0.3490402102,-0.01235846337,-0.000694849412,1,-0.05182795227,0.01237798203,1.763677597,0,0.4842267632,-0.6235000491,-176.7819519
0.1456100047,0.237637952,0.009041666053,-0.004401425365,1,0.3230476975,0.01005605608,-0.3796722293,0,0.4924635887,0.1141713709,-25.95652199
0.1456100047,0.2424815297,0.01101666223,-0.005597410258,1,0.1952392757,0.01235709712,-0.1839710921,0,0.3695552051,0.126448825,-26.93447876
0.1456100047,0.2473251075,0.01177729201,-0.005904968362,1,-0.02574262023,0.01317472104,0.08186114579,0,0.1612639874,0.1019405499,-26.62854385
0.1456100047,0.2521686852,0.01167307049,-0.005694666412,1,-0.1515338719,0.01298806351,0.2124921978,0,-0.04772781581,0.0881793201,-26.00527382
0.1456100047,0.257012248,0.01081215404,-0.005302850157,1,-0.1632253379,0.01204254478,0.1911781728,0,-0.2223196775,0.07803040743,-26.12576866
0.1456100047,0.2618558407,0.009805653244,-0.005146626383,1,-0.1623090804,0.01107423101,0.04329715297,0,-0.2267233133,0.05676722154,-27.69332695
0.1456100047,0.2666994035,0.008927845396,-0.005368093494,1,-0.1075904518,0.01041742973,-0.01099461224,0,-0.2224833518,0.02830633894,-31.01745605
0.1456100047,0.2715429962,0.00820691511,-0.005336983595,1,-0.04002243653,0.009789629839,0.009591016918,0,-0.1047439426,-0.06064805761,-33.03608322
0.1456100047,0.276386559,0.008226658218,-0.005027885083,1,0.01215588674,0.009641448967,-0.05105597898,0,0.07626497746,-0.09038932621,-31.43201447
0.1456100047,0.2812301517,0.008635188453,-0.005146469455,1,-0.06274405122,0.01005249377,-0.04069123417,0,0.09205192327,-0.2156582475,-30.79444122
0.1456100047,0.2860737145,0.008368613198,-0.004180418793,1,-0.08321998268,0.009354655631,0.001819893718,0,0.1287064254,-0.3477858901,-26.54375267
0.1456100047,0.2909172773,0.008855504915,-0.003453131765,1,-0.02676057816,0.009504950605,-0.0902601704,0,0.3678939342,-0.1210148558,-21.30289078
0.1456100047,0.29576087,0.01002091914,-0.004031456076,1,-0.1395669729,0.01080145687,-0.1061518639,0,0.4449386001,0.1270230711,-21.91512108
0.1456100047,0.3006044328,0.01033459604,-0.004582532682,1,-0.2769707441,0.01130502019,-0.05139454082,0,0.4243547916,0.1704482883,-23.91329765
0.1456100047,0.3054480255,0.01073478535,-0.00510596903,1,-0.2566016018,0.01188724302,-0.09198444337,0,0.3290311396,0.3020173311,-25.43795967
0.1456100047,0.3102915883,0.01068541408,-0.006490910891,1,-0.3933946192,0.01250239927,-0.1752539277,7.516366482,0.3009023964,0.890040338,-31.27680969
0.1456100047,0.315135181,0.01028679218,-0.01026580483,1,-0.464019835,0.01453288831,-0.01414358616,19.03499985,-0.01564215124,1.644960403,-44.94149399
0.1456100047,0.3199787438,0.008362133987,-0.01452690922,1,-0.6830453277,0.01676175371,0.04021918774,0,-0.8520178199,1.483115196,-60.07395172
0.1456100047,0.3248223364,0.002851594239,-0.01725458354,1,-1.38619256,0.01748863235,0.2707189918,0,-1.593054533,0.5582820177,-80.61578369
0.1456100047,0.3296658993,-0.006068080664,-0.01591974311,1,-1.670672059,0.01703701355,-0.01332688332,0,-1.725799441,-0.8791641593,-110.8651962
0.1456100047,0.3345094621,-0.01359942928,-0.01306084637,1,-1.099522114,0.01885550842,-0.593806088,0,-1.526203871,-1.857945681,-136.1573334
0.1456100047,0.3393530548,-0.01878598891,-0.009796785191,1,-0.7886837125,0.0211870335,-0.6187815666,16.72670937,-0.2705819011,-2.175193548,-152.4582062
0.1456100047,0.3441966176,-0.01873006485,-0.005522243679,1,0.4666877389,0.01952717267,-0.08235830069,0,1.162444115,-2.027379036,-163.5727234
0.1456100047,0.3490402102,-0.01089516189,-0.0003759269603,1,1.328166485,0.01090164483,1.096496463,0,1.906995296,-1.028503299,-178.0238495
0.1504535824,0.237637952,0.008990578353,-0.003968208097,1,0.3803635836,0.009827368893,0.1071739271,0,0.4433991909,0.335878551,-23.81542015
0.1504535824,0.2424815297,0.01098555792,-0.004522082396,1,0.140307501,0.0118798865,0.02874795347,0,0.4637113214,0.2701292038,-22.37397003
0.1504535824,0.2473251075,0.01191619039,-0.005137356929,1,-0.05988644063,0.01297644153,-0.006908811629,0,0.2540441155,0.2409240007,-23.32203865
0.1504535824,0.2521686852,0.01192597579,-0.005722479895,1,-0.1137759686,0.01322783623,-0.0006209164858,4.505400658,-0.0301178731,0.1833644956,-25.63324356
0.1504535824,0.257012248,0.01121923048,-0.00602850318,1,-0.08438932896,0.01273632515,0.09414537251,0,-0.3146210313,0.01635422185,-28.25076675
0.1504535824,0.2618558407,0.009993338026,-0.005345692392,1,-0.1459960043,0.01133328024,0.02058846503,0,-0.2824231982,-0.09801438451,-28.14346695
0.1504535824,0.2666994035,0.009144148789,-0.005454041064,1,-0.2289954424,0.01064716,-0.02882953361,8.842767715,-0.07236597687,-0.02509824559,-30.81402588
0.1504535824,0.2715429962,0.008533670567,-0.005363765173,1,-0.223667562,0.01007936057,0.01850891113,9.149523735,-0.006375521421,-0.04265657067,-32.15106583
0.1504535824,0.276386559,0.008029917255,-0.005157781299,1,-0.1704449654,0.009543703869,-0.04290643334,6.499613285,-0.04645866156,-0.1962783933,-32.71347427
0.1504535824,0.2812301517,0.007483080961,-0.004620896187,1,-0.2430715263,0.008794838563,-0.1116646975,8.799273491,0.02643623203,-0.4080996513,-31.69584846
0.1504535824,0.2860737145,0.00698062731,-0.003721975489,1,-0.1046911478,0.007910895161,-0.1418694854,0,0.2037571371,-0.5364125371,-28.06593132
0.1504535824,0.2909172773,0.007962913252,-0.002709902124,1,0.05543527007,0.008411394432,-0.1473954767,0,0.4932737648,-0.4200575352,-18.79423141
0.1504535824,0.29576087,0.009638342075,-0.002401315607,1,-0.1299325824,0.009932972491,-0.2429998517,0,0.6524572372,-0.2525030971,-13.98996544
0.1504535824,0.3006044328,0.01049380191,-0.002663872438,1,-0.3012285829,0.01082663797,-0.1582363397,0,0.5750997663,0.1073940843,-14.24377441
0.1504535824,0.3054480255,0.01096485835,-0.003687917255,1,-0.1464019418,0.01156844199,-0.1269170493,0,0.5357829332,0.3644225001,-18.58983803
0.1504535824,0.3102915883,0.01237979904,-0.005043713842,1,0.03182765841,0.01336781494,-0.2040954828,0,0.7289264202,0.8654361963,-22.16671181
0.1504535824,0.315135181,0.01464962959,-0.008868277073,1,-0.7106691599,0.01712477766,-0.5071798563,0,0.5360646248,1.431523561,-31.18896866
0.1504535824,0.3199787438,0.01153408829,-0.0144339744,1,-2.029185772,0.01847633161,-0.3668785691,81.8451004,-0.1028525829,1.293740034,-51.37189484
0.1504535824,0.3248223364,0.004322935827,-0.01691161282,1,-3.396575928,0.01745538414,0.1948146224,133.3358917,-0.9776455164,0.5407734513,-75.66113281
0.1504535824,0.3296658993,-0.009652793407,-0.01610965282,1,-3.556182861,0.01878023706,0.05411946028,122.5557327,-1.932977676,-0.02623339742,-120.9297562
0.1504535824,0.3345094621,-0.02226415835,-0.01652241871,1,-2.415742159,0.02772513404,0.02937698364,89.85080719,-1.02342391,-1.599515676,-143.4205933
0.1504535824,0.3393530548,-0.02631066181,-0.00821998436,1,-0.8991866112,0.02756481618,0.2495564222,24.77099037,0.6183687449,-2.520350933,-162.6501312
0.1504535824,0.3441966176,-0.02362432145,-0.003106157063,1,0.7227913141,0.02382764779,0.1134870648,0,2.225758076,-2.018973112,-172.5096283
0.1504535824,0.3490402102,-0.01202913374,0.002108752495,1,1.555286407,0.01221257076,0.2509630919,0,3.232559681,-1.902359843,170.0568542
0.1552971601,0.237637952,0.01118762512,-0.004096107557,1,0.1538376212,0.01191390213,0.3705865145,0,0.3733230829,0.3436936736,-20.10911369
0.1552971601,0.2424815297,0.012464297,-0.004030978773,1,0.02241909504,0.01309990417,0.2159050703,0,0.3333381116,0.2754300237,-17.92131233
0.1552971601,0.2473251075,0.0129107628,-0.004384421278,1,-0.1785678566,0.01363491639,0.035015136,0,0.1979556382,0.2948402464,-18.75719452
0.1552971601,0.2521686852,0.01255820319,-0.005289461929,1,-0.2168948501,0.01362669654,-0.01343545318,7.753639698,-0.1058826298,0.406414777,-22.84061813
0.1552971601,0.257012248,0.01134736743,-0.006417995319,1,-0.3910963833,0.01303661801,-0.02698075958,12.13992786,-0.2546181381,0.07995675504,-29.49221039
0.1552971601,0.2618558407,0.009430634789,-0.005807422101,1,-0.4919914007,0.01107533369,0.0589799732,19.89816475,-0.06146836281,-0.3144111037,-31.62492561
0.1552971601,0.2666994035,0.00866664201,-0.004609446507,1,-0.3985683918,0.009816194884,0.02865494788,15.53987408,0.1217728406,-0.2857633233,-28.00675774
0.1552971601,0.2715429962,0.008089954033,-0.004284512717,1,-0.3938952684,0.009154474363,-0.1274846941,15.07804012,0.0638718158,-0.165080592,-27.90609932
0.1552971601,0.276386559,0.007068147883,-0.004427347798,1,-0.4517537951,0.00834027119,-0.2609360814,15.03250694,0.04455797374,-0.3524851203,-32.0622139
0.1552971601,0.2812301517,0.0061176694,-0.003841087688,1,-0.4702600241,0.00722356094,-0.1894816011,17.49865723,0.06047074497,-0.5489105582,-32.12339401
0.1552971601,0.2860737145,0.00508330157,-0.002686425578,1,-0.2976827025,0.005749507342,-0.07828640938,0,0.2954803109,-0.5962234735,-27.85557747
0.1552971601,0.2909172773,0.006107002031,-0.001332426909,1,-0.05186668038,0.00625066692,-0.1162007153,0,0.5757790804,-0.6208969355,-12.30792618
0.1552971601,0.29576087,0.007620912045,-0.0002418902441,1,-0.04384225607,0.007624750026,-0.3098060191,0,0.8658246398,-0.5151209235,-1.817976356
0.1552971601,0.3006044328,0.01008833759,-0.0003379681439,1,-0.136780411,0.01009399723,-0.3564940691,0,1.017172933,-0.03444632888,-1.918741226
0.1552971601,0.3054480255,0.01188516151,-0.001801753417,1,-0.2207728922,0.01202095579,-0.2855193317,0,1.005385399,0.2877120674,-8.620225906
0.1552971601,0.3102915883,0.0138886692,-0.003114459105,1,-0.4604623616,0.01423358638,-0.205477789,0,1.054808378,0.2952677011,-12.63918114
0.1552971601,0.315135181,0.01476392243,-0.004227153026,1,-1.378920436,0.01535715535,-0.407874465,25.25874329,1.164779305,0.02199490368,-15.97728634
0.1552971601,0.3199787438,0.01285145991,-0.005196564831,1,-3.103462696,0.01386233419,-0.3732780814,113.1227036,1.379643917,-0.1025786698,-22.01624107
0.1552971601,0.3248223364,0.006414472125,-0.005538306665,1,-5.057994843,0.008474566974,-0.3310064077,201.5164642,1.179772258,0.2596845031,-40.80759048
0.1552971601,0.3296658993,-0.005933012348,-0.008057622239,1,-6.022345543,0.01000629365,0.2612230778,246.7211456,0.3201398849,0.422000885,-126.3650665
0.1552971601,0.3345094621,-0.02120451815,-0.006317044143,1,-4.845795631,0.02212547511,0.2745626867,198.643692,-0.0786113739,-0.8839268684,-163.4106598
0.1552971601,0.3393530548,-0.02978475951,-0.002446388127,1,-2.125007153,0.02988505736,0.4374866784,79.95210266,0.7303941846,-1.229573607,-175.3045197
0.1552971601,0.3441966176,-0.02795943432,0.001757492195,1,0.1594157219,0.02801461704,0.6832048893,0,2.089114189,-1.421533585,176.4031982
0.1552971601,0.3490402102,-0.01889383048,0.007748076692,1,0.9056615829,0.02042081021,0.07904648781,0,2.837677002,-2.394565582,157.7021942
0.1601407379,0.237637952,0.01245024987,-0.002905113157,1,-0.0807390362,0.01278469432,0.2044827938,0,0.4586117268,0.2503202856,-13.13426208
0.1601407379,0.2424815297,0.01336537767,-0.003016121918,1,-0.1525605619,0.01370147057,0.1649560332,0,0.3721545935,0.249299258,-12.71674252
0.1601407379,0.2473251075,0.01351387054,-0.003313636174,1,-0.2198770195,0.01391419768,-0.04106250405,0,0.3156789243,0.4066771269,-13.77725124
0.1601407379,0.2521686852,0.01382940169,-0.0051847836,1,-0.4012784958,0.0147693716,0.005379110575,16.45731163,-0.01949517429,0.4294101298,-20.55153465
0.1601407379,0.257012248,0.01147582382,-0.005367460195,1,-0.9280157089,0.01266902406,0.2123578489,36.77176666,-0.1194051504,-0.184944123,-25.06637955
0.1601407379,0.2618558407,0.008756137453,-0.003260420635,1,-0.8643208742,0.009343462065,0.2002730519,34.13809967,0.1258173287,-0.3021927476,-20.42323303
0.1601407379,0.2666994035,0.007898824289,-0.002933728043,1,-0.5141028762,0.008426042274,-0.06957936287,19.63472748,0.1756073087,-0.09309211373,-20.37566566
0.1601407379,0.2715429962,0.007116607856,-0.003146534786,1,-0.6501333117,0.007781181484,-0.1613278687,25.72935677,0.06377747655,-0.1984639466,-23.85212326
0.1601407379,0.276386559,0.005058764014,-0.002753856592,1,-0.8247125149,0.005759758875,-0.1950665861,32.22603989,0.1619820595,-0.4214022756,-28.56269646
0.1601407379,0.2812301517,0.003906621132,-0.002050260315,1,-0.5958178043,0.004411944654,-0.149226889,19.7598877,0.3180937767,-0.5425130725,-27.69124222
0.1601407379,0.2860737145,0.003713586135,-0.0008489443571,1,-0.3649083078,0.003809386864,-0.006123363972,0,0.4652688205,-0.4975817204,-12.8768301
0.1601407379,0.2909172773,0.004392723553,0.0003301490797,1,-0.2056711763,0.004405112937,0.01842921972,0,0.6039631367,-0.5707367659,4.298165321
0.1601407379,0.29576087,0.005642744247,0.00200472679,1,-0.09962019324,0.005988279358,-0.04168874025,0,0.9683020115,-0.5774995089,19.55886078
0.1601407379,0.3006044328,0.008600251749,0.002925390145,1,-0.2401573062,0.009084175341,-0.323817879,0,1.341148138,-0.3746788204,18.78582382
0.1601407379,0.3054480255,0.01097547915,0.002251075581,1,-0.6471347809,0.01120394934,-0.3728761673,0,1.517246008,-0.2428539991,11.5906477
0.1601407379,0.3102915883,0.0128147034,0.002295617713,1,-1.211302876,0.0130186975,-0.240222007,0,1.583984494,-0.4882318676,10.15620232
0.1601407379,0.315135181,0.01278059185,0.003452330595,1,-2.271785021,0.01323866006,-0.1209774613,68.72337341,1.531533718,-1.150110006,15.11613941
0.1601407379,0.3199787438,0.009229239076,0.007280301303,1,-3.517135143,0.01175506879,0.3166553378,125.7746735,1.699654341,-1.716793299,38.2674408
0.1601407379,0.3248223364,0.003977482673,0.01330149733,1,-4.734186649,0.01388345007,0.148717761,184.0257416,1.51904583,-1.364701986,73.35201263
0.1601407379,0.3296658993,-0.006343544926,0.01461066771,1,-6.285611153,0.0159283448,-0.9386198521,255,0.2584068775,0.4516153336,113.4691391
0.1601407379,0.3345094621,-0.02521566115,0.006567806005,1,-5.319307327,0.02605696954,-0.6572569609,216.1218109,0.4048306942,1.200934172,165.4008179
0.1601407379,0.3393530548,-0.03014719673,0.005610374268,1,-1.697285175,0.03066479787,0.6608931422,36.41402817,1.287502766,0.7284709811,169.457901
0.1601407379,0.3441966176,-0.02720047347,0.006240487564,1,-0.2062423825,0.02790715732,0.8744586706,0,1.631359816,-0.3346155882,167.0784912
0.1601407379,0.3490402102,-0.02324452996,0.01146661956,1,0.4483829439,0.02591894194,0.6682631969,0,1.185091972,-1.489693642,153.742691
0.1649843156,0.237637952,0.01339049917,-0.001483720145,1,-0.07278679311,0.01347244997,-0.04531532153,0,0.5188519359,-0.04293691739,-6.322806358
0.1649843156,0.2424815297,0.01447077468,-0.001489480142,1,-0.1713510305,0.01454722974,0.008575167507,0,0.4379197955,0.07189492881,-5.87677145
0.1649843156,0.2473251075,0.01468164567,-0.001790414331,1,-0.351770401,0.01479041297,-0.04269498587,0,0.391692102,0.3600619733,-6.952841282
0.1649843156,0.2521686852,0.01466413867,-0.003440264845,1,-0.9488789439,0.01506228372,-0.02161607146,37.11769867,0.2879000306,0.1251791716,-13.20304585
0.1649843156,0.257012248,0.01148014795,-0.002501427429,1,-1.281133771,0.01174950786,0.2762101293,51.21155167,0.09871029854,-0.2252073288,-12.29214096
0.1649843156,0.2618558407,0.008936978877,-0.001011610497,1,-0.810040772,0.008994050324,0.2415879071,31.63236237,0.06649574637,-0.01290289313,-6.458037853
0.1649843156,0.2666994035,0.007878730074,-0.001268781489,1,-0.645391047,0.007980237715,0.005015272647,26.10883713,0.1107233763,-0.03317552805,-9.148303032
0.1649843156,0.2715429962,0.006347274408,-0.0008266303921,1,-0.9007241726,0.006400875747,-0.01219876111,36.67140961,0.1169033945,-0.3467790484,-7.420091152
0.1649843156,0.276386559,0.004082233179,0.0003517841396,1,-1.020507097,0.004097362515,0.04933594167,40.23126984,0.2813631296,-0.2422139198,4.925263882
0.1649843156,0.2812301517,0.002767173108,0.0005855140625,1,-0.7941418886,0.002828440163,0.01377347857,25.42502213,0.4971163273,-0.1891380697,11.94715977
0.1649843156,0.2860737145,0.002643566811,0.001334602013,1,-0.5240437984,0.002961352468,0.0609754771,0,0.6612743139,-0.352684021,26.78688049
0.1649843156,0.2909172773,0.003431857564,0.002589099808,1,-0.3263964653,0.004298963118,0.1852061749,0,0.7348257303,-0.5572351217,37.03203583
0.1649843156,0.29576087,0.004621825647,0.004930674098,1,-0.3250609934,0.006758166943,0.2718900442,0,1.000854254,-0.7050960064,46.85182571
0.1649843156,0.3006044328,0.006705114618,0.007321207784,1,-0.459338069,0.009927670471,-0.01273316145,0,1.343188524,-0.7871440649,47.51504135
0.1649843156,0.3054480255,0.008902824484,0.008681593463,1,-0.8599746227,0.01243504509,-0.09210035205,0,1.614629984,-0.7328509092,44.27919388
0.1649843156,0.3102915883,0.01036034618,0.01042473316,1,-1.659559369,0.01469734125,-0.01639032364,18.29615211,1.598548174,-1.154582858,45.17748642
0.1649843156,0.315135181,0.008607311174,0.0141945174,1,-2.421756983,0.01660030521,0.1384555101,76.67777252,1.535931587,-1.85317719,58.76809692
0.1649843156,0.3199787438,0.006069782656,0.02007136121,1,-2.800782442,0.02096906677,0.2868250608,104.5371933,1.132066965,-1.892389178,73.17415619
0.1649843156,0.3248223364,0.0005247579538,0.02474971116,1,-3.077190399,0.02475527301,-0.3963645697,125.2256927,0.1121013165,-1.132902265,88.78536224
0.1649843156,0.3296658993,-0.008291856386,0.0236388389,1,-3.263128996,0.02505093999,-0.6561035514,128.262558,-0.6794096231,0.03376996517,109.3294678
0.1649843156,0.3345094621,-0.01857117563,0.02140826546,1,-3.840612411,0.02834082581,-0.4925782681,152.9861603,0.792574048,1.908162355,130.9408875
0.1649843156,0.3393530548,-0.02305526659,0.01201066468,1,-1.945842266,0.02599618025,-0.07346963882,76.61851501,0.5473952293,2.146006346,152.4826965
0.1649843156,0.3441966176,-0.02534466237,0.01065806113,1,-0.7749028802,0.02749447525,0.5181235075,0,0.8126382232,0.6614639759,157.1920319
0.1649843156,0.3490402102,-0.02287249267,0.01131638419,1,0.4472776651,0.02551884577,0.5606814027,0,0.5735223293,0.2888488173,153.6756592
0.1698278934,0.237637952,0.01202279329,-3.94650524e-05,1,0.1087958813,0.01202285849,-0.4457316697,0,0.6065214276,-0.4351582825,-0.1880738288
0.1698278934,0.2424815297,0.01375514083,-6.507150829e-05,1,0.09591938555,0.01375529449,-0.1401041895,0,0.5292938948,-0.2075847238,-0.2710473835
0.1698278934,0.2473251075,0.01505106222,0.000287382165,1,-0.4007070959,0.0150538059,-0.007579386234,0,0.5196020007,-0.1873479187,1.093862057
0.1698278934,0.2521686852,0.01433101762,0.0008056513616,1,-1.119717717,0.01435364503,0.0259283334,42.39727402,0.432579577,-0.186423257,3.217628479
0.1698278934,0.257012248,0.01172285993,0.001315922011,1,-1.106627584,0.01179648656,0.1266222894,44.50542831,0.1843286753,0.08956273645,6.404791355
0.1698278934,0.2618558407,0.009863791056,0.0009851522045,1,-0.8528136611,0.009912865236,0.104940623,34.72413635,0.03514701128,0.2262044847,5.70353651
0.1698278934,0.2666994035,0.007762427907,0.0007285710308,1,-0.9858469963,0.007796544582,0.003863081336,40.40861893,0.05968859792,-0.1607407331,5.361996174
0.1698278934,0.2715429962,0.005377870984,0.001782423584,1,-0.9735646248,0.005665556528,-0.01327583194,38.91702652,0.2224910259,-0.5961675644,18.33708954
0.1698278934,0.276386559,0.004124544561,0.003551852657,1,-0.8640521169,0.005443117116,0.1334570348,31.28988647,0.384934783,-0.3665092587,40.73339462
0.1698278934,0.2812301517,0.0030572291,0.004204049241,1,-0.9451912045,0.005198142026,0.08018086851,30.82865524,0.5686365962,-0.1965533048,53.97495651
0.1698278934,0.2860737145,0.002300673164,0.004892236087,1,-0.8177135587,0.005406206474,0.0225905478,15.78251362,0.721409142,-0.2388311028,64.813797
0.1698278934,0.2909172773,0.002590772463,0.005470261443,1,-0.6130920649,0.006052756682,0.05496880412,0,0.8698865175,-0.6747941971,64.6572876
0.1698278934,0.29576087,0.00354447728,0.008426900022,1,-0.4698159695,0.009141989052,0.2935842872,0,0.910649538,-0.9835309386,67.18767548
0.1698278934,0.3006044328,0.004725984298,0.01165606827,1,-0.3307075202,0.01257771254,0.2147737443,0,1.039953113,-0.9847766161,67.92977142
0.1698278934,0.3054480255,0.006979763508,0.01423701551,1,-0.5976399779,0.01585590467,0.1921710372,0,1.096655369,-1.133387566,63.88338089
0.1698278934,0.3102915883,0.007143003866,0.01807651483,1,-1.338966608,0.01943663694,0.2073827982,42.56340027,0.8218777776,-1.523710847,68.43836212
0.1698278934,0.315135181,0.004475203808,0.0226217024,1,-1.672762156,0.02306011505,0.1305678487,65.3576889,0.4979200363,-1.573306561,78.80978394
0.1698278934,0.3199787438,0.001452564611,0.02632936276,1,-1.594821095,0.02636940219,-0.1027753949,65.33635712,-0.03720480204,-1.367827177,86.84224701
0.1698278934,0.3248223364,-0.003429640085,0.02874907851,1,-1.572337508,0.0289529264,-0.45259583,55.5867691,-0.6595727205,-0.6168855429,96.80298615
0.1698278934,0.3296658993,-0.0093578659,0.02712511271,1,-1.955257654,0.02869392559,-0.06505699456,65.55495453,-1.127086878,-0.1187213212,109.0338669
0.1698278934,0.3345094621,-0.01835916936,0.02900900505,1,-1.493961811,0.03433047608,-0.4366812706,50.53874588,-0.7256448269,1.511991501,122.3288269
0.1698278934,0.3393530548,-0.02010870352,0.01768656448,1,-1.150672674,0.02678011358,-0.9301607013,18.54414749,0.5048937798,2.183062553,138.6668396
0.1698278934,0.3441966176,-0.02148704976,0.01392986625,1,-0.3880312741,0.0256073121,0.1522150636,0,0.5901420116,1.310133696,147.0450134
0.1698278934,0.3490402102,-0.01912976429,0.01207809523,1,0.1491058469,0.02262362093,0.3582014441,0,0.8242565393,1.122828484,147.7326202
0.1746714562,0.237637952,0.009123846889,0.0009270485025,1,0.3018962741,0.009170823731,-0.6255949736,0,1.210569263,-0.4945146739,5.80175209
0.1746714562,0.2424815297,0.01278671902,0.0006095996359,1,0.1590060592,0.01280124206,-0.1077615321,0,0.7935242653,-0.4670247138,2.729477406
0.1746714562,0.2473251075,0.01373750158,0.00266716769,1,-0.3453638554,0.01399402414,0.1362122595,0,0.572479248,-0.5799518824,10.9874115
0.1746714562,0.2521686852,0.01388677023,0.00407839613,1,-0.6801205873,0.01447327528,-0.04051382095,21.56580544,0.4302540123,-0.2643656433,16.36695099
0.1746714562,0.257012248,0.01252725534,0.003751409706,1,-0.8415050507,0.01307689585,-0.0618143715,33.90219879,0.1507208943,0.1011037529,16.67084694
0.1746714562,0.2618558407,0.01054090355,0.00328928954,1,-1.157553077,0.01104219537,0.03729100525,47.47977066,0.04094600677,0.02822039276,17.33053589
0.1746714562,0.2666994035,0.007118882146,0.003795343917,1,-1.464582801,0.008067411371,0.07568604499,60.06023026,-0.01067197323,-0.2705992162,28.06375694
0.1746714562,0.2715429962,0.003395392327,0.00496654911,1,-1.11046052,0.006016253028,-0.0037124753,44.42505646,0.2504652143,-0.5417436957,55.64144897
0.1746714562,0.276386559,0.002953428309,0.006401340012,1,-0.7006502748,0.007049814798,0.04097482562,21.82957458,0.4545765519,-0.5683467388,65.23251343
0.1746714562,0.2812301517,0.002203515032,0.007917845622,1,-0.7775193453,0.008218743838,0.05610066652,24.43508148,0.4973054826,-0.4369462132,74.44825745
0.1746714562,0.2860737145,0.001596190501,0.008789450862,1,-0.841557622,0.008933211677,-0.03663568199,28.47791481,0.4753342867,-0.4194459021,79.70709229
0.1746714562,0.2909172773,0.0004296894476,0.009772011079,1,-0.6965916753,0.009781453758,-0.112267077,11.17651367,0.6313155293,-0.6960514784,87.4822464
0.1746714562,0.29576087,0.001280020457,0.01161705609,1,-0.2830655277,0.01168736257,-0.06401878595,0,0.808681488,-0.928687036,83.71224976
0.1746714562,0.3006044328,0.002975551412,0.01396009885,1,-0.059112221,0.01427369099,0.1599622965,0,0.6916931868,-0.9282778502,77.96765137
0.1746714562,0.3054480255,0.004343975801,0.01688803174,1,-0.2640740573,0.01743776724,0.2555699944,0,0.4724049866,-1.175363183,75.57496643
0.1746714562,0.3102915883,0.003984618466,0.02089093439,1,-0.4996873736,0.02126754262,0.2108604312,18.42303276,-0.06284527481,-1.403718472,79.20143127
0.1746714562,0.315135181,0.001619305112,0.02470836975,1,-0.5240219831,0.02476137504,0.1505585909,0,-0.5160773993,-1.237847209,86.25038147
0.1746714562,0.3199787438,-0.001053184038,0.0276157856,1,-0.5426155925,0.02763586119,0.003437489271,0,-0.7528432012,-0.9178612232,92.18402863
0.1746714562,0.3248223364,-0.004655350465,0.02917075157,1,-0.5158338547,0.02953988872,-0.1920101345,0,-1.162432909,-0.1991033256,99.06734467
0.1746714562,0.3296658993,-0.009181999601,0.02765014209,1,-0.6198642254,0.02913485095,-0.3497486711,0,-1.177879453,0.4845728278,108.3701782
0.1746714562,0.3345094621,-0.01336283516,0.02512966283,1,-0.1694726348,0.02846164629,-0.1702125072,0,-1.441887617,1.40313375,118.0020523
0.1746714562,0.3393530548,-0.0169867482,0.02002951689,1,-0.7172051668,0.02626273409,-0.4502872825,19.48152351,-0.2942037582,1.559332609,130.3008118
0.1746714562,0.3441966176,-0.01826167293,0.01539591234,1,-0.01736733317,0.0238856189,-0.01502132416,0,0.2832304239,1.108733296,139.8666992
0.1746714562,0.3490402102,-0.01569901966,0.01458652411,1,0.1845031977,0.02142955735,0.3093683422,0,0.8736590147,0.6435781717,137.1037292
0.179515034,0.237637952,0.006597463507,0.004361756146,1,0.3830828071,0.007908946835,-0.6606943011,0,1.422879577,-0.1018123627,33.46973801
0.179515034,0.2424815297,0.01097112335,0.003008262021,1,0.1977458298,0.0113760801,-0.3111949563,0,1.103836417,-0.387845695,15.33353043
0.179515034,0.2473251075,0.01290177833,0.004733019974,1,-0.2561815083,0.01374253817,0.1126130074,0,0.6449828148,-0.5430111289,20.14557266
0.179515034,0.2521686852,0.01285431255,0.006183828693,1,-0.5776132941,0.01426439919,-0.03609994054,18.03229904,0.3735040426,-0.3228343129,25.69082832
0.179515034,0.257012248,0.01191316079,0.006121838,1,-0.8501616716,0.01339404006,-0.1103782207,32.37677765,0.29825297,-0.2355621308,27.19735718
0.179515034,0.2618558407,0.01018110011,0.006790166721,1,-1.338329315,0.01223769411,0.01086981595,53.68211746,0.2864603996,-0.3295504451,33.70084763
0.179515034,0.2666994035,0.006818352267,0.007770690136,1,-1.581029892,0.01033796649,0.1055188775,64.75416565,0.04390484095,-0.2215113342,48.73483276
0.179515034,0.2715429962,0.002735915594,0.00837416295,1,-1.214927435,0.00880975835,0.1464297175,49.23176193,0.1313955188,-0.13777861,71.90731049
0.179515034,0.276386559,0.001570181572,0.009147275239,1,-0.7585574985,0.009281062521,0.0419600457,25.19586945,0.4440506101,-0.3719055057,80.25978088
0.179515034,0.2812301517,0.00121257687,0.01037875284,1,-0.7506237626,0.01044934709,-0.007868394256,24.81013298,0.4453594089,-0.4462673068,83.3361969
0.179515034,0.2860737145,9.160991613e-05,0.01127069443,1,-0.8617972136,0.01127106696,-0.1818833947,31.68499756,0.3380191028,-0.4963875413,89.53430176
0.179515034,0.2909172773,-0.001324375393,0.0119020734,1,-0.6114628911,0.0119755296,-0.09990155697,20.69275856,0.331633985,-0.6045201421,96.34932709
0.179515034,0.29576087,-0.001263763173,0.01371485367,1,-0.1855725199,0.0137729561,-0.07088813186,0,0.6664090157,-0.7709024549,95.26467896
0.179515034,0.3006044328,0.001004593796,0.01529264729,1,0.1465494335,0.01532560866,0.05135431886,0,0.6356086731,-0.7929285765,86.24156952
0.179515034,0.3054480255,0.002524680691,0.01780420355,1,-0.03788424656,0.01798231527,0.09815055132,0,0.1123578697,-0.9134452343,81.92912292
0.179515034,0.3102915883,0.001365312608,0.02019239031,1,-0.1746618003,0.0202384945,0.02998194098,0,-0.5099221468,-0.9725784063,86.13182068
0.179515034,0.315135181,-0.0007911549183,0.02266018279,1,-0.03630873561,0.02267398871,0.1302664578,0,-0.8600995541,-0.9265391827,91.99960327
0.179515034,0.3199787438,-0.002976510907,0.02531111054,1,0.1190017164,0.02548552305,0.02890497446,0,-1.054853439,-0.5816040635,96.70700836
0.179515034,0.3248223364,-0.005324025638,0.02561723068,1,0.1514494419,0.02616462857,-0.1817911118,0,-1.334113359,0.001706197858,101.7406464
0.179515034,0.3296658993,-0.008704835549,0.02442232706,1,-0.05318832397,0.0259272866,-0.1316980422,0,-1.405118942,0.4404544532,109.6175613
0.179515034,0.3345094621,-0.01238742843,0.02284597419,1,-0.05649268627,0.02598820813,-0.1796835363,0,-1.188894272,0.7879742384,118.4672012
0.179515034,0.3393530548,-0.01473696437,0.0197354015,1,-0.2209561318,0.02463055402,-0.2737478912,0,-0.564031899,1.266465068,126.7497025
0.179515034,0.3441966176,-0.01618957892,0.01538583264,1,-0.107099995,0.02233442105,0.1010775864,0,0.153112188,0.9928423166,136.4581451
0.179515034,0.3490402102,-0.01451410074,0.01541606989,1,0.09500530362,0.02117343433,0.255895555,0,0.596827507,0.2434100956,133.27388
0.1843586117,0.237637952,0.005430586636,0.005963385105,1,0.4716140926,0.008065558039,-0.1847423166,0,1.16778338,0.2137504369,47.67728043
0.1843586117,0.2424815297,0.009400861338,0.004998319782,1,0.2716983855,0.01064703707,-0.1724095345,0,1.012940526,-0.3930402398,27.99901962
0.1843586117,0.2473251075,0.01165283471,0.007032027002,1,-0.06884539127,0.01361021586,0.007365465164,0,0.6360672116,-0.7538254261,31.10932541
0.1843586117,0.2521686852,0.01214824431,0.008685206994,1,-0.5108648539,0.01493360847,-0.07713006437,15.12674236,0.3454562426,-0.5482325554,35.56230927
0.1843586117,0.257012248,0.01085166633,0.009313845076,1,-0.9135149717,0.01430057175,0.005048900843,35.92425537,0.2629844248,-0.5057053566,40.63906479
0.1843586117,0.2618558407,0.008997349069,0.01115908474,1,-1.135118127,0.01433448493,-0.01004196703,45.48073959,0.2484588921,-0.4956327081,51.12145615
0.1843586117,0.2666994035,0.006557063665,0.01166584156,1,-1.261969209,0.01338233706,-0.0007897391915,51.60993195,0.114046216,-0.06860820204,60.66080093
0.1843586117,0.2715429962,0.003437294625,0.01148756873,1,-1.234969139,0.01199079771,0.1516231298,49.89333725,0.161020875,0.03591851145,73.34183502
0.1843586117,0.276386559,0.00135531195,0.01222626586,1,-1.005599022,0.0123011563,0.1981281042,38.6075325,0.296738416,-0.2608537972,83.67444611
0.1843586117,0.2812301517,3.873459264e-06,0.01371068321,1,-0.921343565,0.01371068414,0.008278012276,35.87136078,0.2928041518,-0.4819770455,89.98381042
0.1843586117,0.2860737145,-0.00168906746,0.01460085437,1,-0.9242155552,0.01469822787,-0.2610081136,34.14439774,0.3077055216,-0.3909312785,96.59879303
0.1843586117,0.2909172773,-0.002982231788,0.01433997415,1,-0.6417768002,0.01464679372,-0.1301257014,19.4521904,0.4129810035,-0.3660754263,101.7481384
0.1843586117,0.29576087,-0.002797257854,0.0157436952,1,-0.1166632175,0.01599026471,0.05453619361,0,0.6051266193,-0.35609442,100.0748672
0.1843586117,0.3006044328,-0.0006163213984,0.01632889546,1,0.1573974937,0.0163405221,-0.08395791054,0,0.5016794205,-0.4704585671,92.16156006
0.1843586117,0.3054480255,0.0003950324608,0.01761574112,1,-0.008203519508,0.01762017049,-0.1589206457,0,0.01551228203,-0.7655341029,88.71535492
0.1843586117,0.3102915883,-0.0005809208378,0.01926707476,1,-0.1689065546,0.01927583106,-0.07068502903,0,-0.3746041059,-0.7112308741,91.72698975
0.1843586117,0.315135181,-0.00223750365,0.02071827464,1,-0.02085232735,0.02083874494,0.04891219735,0,-0.6293497086,-0.5008986592,96.16385651
0.1843586117,0.3199787438,-0.003730224911,0.02193012647,1,0.2392926514,0.02224511281,6.030499935e-05,0,-0.9185637236,-0.2594664097,99.65338135
0.1843586117,0.3248223364,-0.005527605768,0.02197531238,1,0.2437452078,0.02265984938,-0.1216028482,0,-1.060556531,0.04937934875,104.1191025
0.1843586117,0.3296658993,-0.007686513942,0.02110196091,1,0.09461975098,0.02245829999,-0.08247981966,0,-1.103985429,0.3986793756,110.0144501
0.1843586117,0.3345094621,-0.01041653194,0.01964478754,1,-0.01924440265,0.02223559842,0.07065084577,0,-0.9081550837,0.6351423264,117.9345016
0.1843586117,0.3393530548,-0.01217844523,0.01836780272,1,-0.0244268477,0.02203839272,0.1203724742,0,-0.5013529062,0.7373786569,123.5456619
0.1843586117,0.3441966176,-0.01296318695,0.01665627025,1,-0.3118338585,0.02110629156,0.331143558,0,0.08428541571,0.6100001335,127.8927917
0.1843586117,0.3490402102,-0.01328059379,0.01701713912,1,-0.1827409714,0.0215860419,0.2920591831,0,0.05167840421,0.1430504024,127.9693604
0.1892021894,0.237637952,0.006737966556,0.007733706385,1,-0.408706665,0.01025721245,1.297541261,0,1.025753379,1.766277671,48.93609238
0.1892021894,0.2424815297,0.008232323453,0.006598525681,1,0.06114035845,0.01055043563,0.4235964417,0,0.4649738669,0.3382024169,38.71352768
0.1892021894,0.2473251075,0.009286241606,0.008147318847,1,0.1228148788,0.01235366706,0.07385057211,0,0.2060735077,-0.6968525648,41.26221848
0.1892021894,0.2521686852,0.009825319983,0.01033148635,1,-0.1931693405,0.0142575074,-0.1927586794,0,0.2348639518,-0.9510805607,46.43847656
0.1892021894,0.257012248,0.009488192387,0.01182030421,1,-0.6156651378,0.01515735406,-0.1553936303,23.27465248,0.1834444851,-0.8078335524,51.24589157
0.1892021894,0.2618558407,0.007731825579,0.01349162962,1,-0.8511642814,0.01555008721,-0.2006494403,32.6213913,0.230553925,-0.740585804,60.18370819
0.1892021894,0.2666994035,0.006482217927,0.01443552785,1,-1.078365207,0.01582414657,-0.1477379501,42.79521942,0.2344564497,-0.4871811569,65.81772614
0.1892021894,0.2715429962,0.003644288052,0.01513574924,1,-1.151939034,0.0155682927,-0.001470029354,47.20304871,0.07507944107,-0.2120003551,76.46237183
0.1892021894,0.276386559,0.001266364823,0.01545524783,1,-1.019553423,0.01550704241,0.04965507984,41.77893829,0.04380580783,-0.1823680997,85.31578827
0.1892021894,0.2812301517,-0.001081821276,0.01625957154,1,-0.8429456949,0.01629552059,0.04755036533,34.49507904,-0.05153238773,-0.3204321861,93.80652618
0.1892021894,0.2860737145,-0.003066109261,0.01723759994,1,-0.6171847582,0.01750816591,-0.03129962087,25.14367867,0.07090452313,-0.1864134371,100.0858994
0.1892021894,0.2909172773,-0.003727764124,0.01701087505,1,-0.4226853549,0.01741453633,0.04451697692,0,0.4932375848,0.05002963915,102.3604126
0.1892021894,0.29576087,-0.002724383958,0.01721089892,1,-0.1751489043,0.01742519066,0.004173771013,0,0.5977700949,0.01463533565,98.99494934
0.1892021894,0.3006044328,-0.001680765534,0.01696020365,1,-0.3300018311,0.01704328135,-0.2695176601,0,0.4892635345,-0.4157264829,95.65956116
0.1892021894,0.3054480255,-0.00195298763,0.01791907288,1,-0.4752079248,0.01802518591,-0.3005241156,7.312055588,0.3221821189,-0.7621403933,96.22007751
0.1892021894,0.3102915883,-0.002421957906,0.01919607818,1,-0.4913034737,0.01934826374,-0.1305047274,15.71225739,0.2791877687,-0.5008519292,97.19097137
0.1892021894,0.315135181,-0.002980386605,0.01971287839,1,-0.4109126329,0.01993690804,-0.0663305521,16.58306885,0.03701411188,-0.1709773391,98.59741974
0.1892021894,0.3199787438,-0.004232964478,0.01970294304,1,-0.2789242566,0.02015251666,-0.2055097967,0,-0.277164489,-0.1202144474,102.1250763
0.1892021894,0.3248223364,-0.005673845764,0.0192997437,1,-0.1398212761,0.02011647634,-0.2106910646,0,-0.4672369957,0.01355496049,106.382576
0.1892021894,0.3296658993,-0.007173298392,0.01861678995,1,-0.2378400862,0.01995096728,-0.04218130931,0,-0.442448169,0.1145788133,111.0723419
0.1892021894,0.3345094621,-0.008968864568,0.0185404662,1,-0.4014699757,0.02059585974,0.1800762117,7.933595181,-0.3023654521,0.4260548651,115.8151627
0.1892021894,0.3393530548,-0.01058238,0.0174253732,1,-0.1275928915,0.02038701624,0.09697376192,0,-0.4220445454,0.3521568775,121.2702026
0.1892021894,0.3441966176,-0.01163107622,0.01730446704,1,-0.1187261045,0.0208500959,-0.1032317057,0,-0.2579032779,0.0771875903,123.9067459
0.1892021894,0.3490402102,-0.01240661368,0.01655149832,1,0.7610923052,0.02068516612,-0.3849968314,0,-1.081324577,-0.07408350706,126.8543701
0.1940457672,0.237637952,0.02027043141,0.0129113039,1,-2.551282644,0.02403314784,1.56402564,0,-0.4133598804,4.023771286,32.49520493
0.1940457672,0.2424815297,0.01309069339,0.006954318844,1,-1.274547696,0.01482325234,0.4377686381,0,-1.127634406,1.568339348,27.97909164
0.1940457672,0.2473251075,0.008635275997,0.007435296662,1,-0.5222048163,0.01139524579,0.258297652,0,-0.8162115216,-0.5270930529,40.72968674
0.1940457672,0.2521686852,0.006607969757,0.01075841952,1,-0.3409613371,0.01262572221,-0.07077348232,0,-0.1646729708,-1.2577281,58.44118118
0.1940457672,0.257012248,0.006186200771,0.01318439469,1,-0.505591929,0.01456356235,-0.09950619936,0,0.05766546726,-1.263945341,64.86373901
0.1940457672,0.2618558407,0.004438403063,0.01639847085,1,-0.8793189526,0.01698850468,-0.1803051531,0,0.3209678233,-1.179607987,74.85521698
0.1940457672,0.2666994035,0.003481783671,0.01802459545,1,-0.9510742426,0.01835780032,-0.5129071474,0,0.5309160948,-0.726025939,79.06691742
0.1940457672,0.2715429962,0.002403334249,0.0174307283,1,-0.7596900463,0.017595632,-0.3230850101,0,0.1879479289,-0.1893270612,82.1496048
0.1940457672,0.276386559,0.0007125061238,0.01737672836,1,-0.7808428407,0.01739132963,-0.1026607826,0,0.012570858,-0.1260374039,87.65198517
0.1940457672,0.2812301517,-0.001317850896,0.01754395477,1,-0.6219421625,0.01759338193,0.008762218058,0,-0.09159728885,-0.1062230766,94.29582214
0.1940457672,0.2860737145,-0.002743577585,0.01793366857,1,-0.2682498395,0.01814231835,0.1938061565,0,0.01916935295,-0.06062705815,98.69793701
0.1940457672,0.2909172773,-0.002524287906,0.01877631806,1,-0.3606283665,0.01894524135,0.4088581204,0,0.3683546782,0.08807875216,97.65692902
0.1940457672,0.29576087,-0.002706154482,0.01948738843,1,-0.6156653166,0.01967438869,0.1607501805,0,0.3243379593,-0.1532228887,97.90592194
0.1940457672,0.3006044328,-0.003935354762,0.02029707097,1,-0.9001244903,0.02067505941,-0.2599942684,0,0.4777278304,-0.6709660292,100.9728012
0.1940457672,0.3054480255,-0.004752065521,0.02147796191,1,-0.7041663527,0.02199738473,-0.2989750206,0,0.76536268,-0.8568143845,102.4758835
0.1940457672,0.3102915883,-0.003638945753,0.02299900912,1,-0.6442261934,0.02328511141,-0.1057167798,0,0.9260721207,-0.3967993259,98.99090576
0.1940457672,0.315135181,-0.003386922879,0.02288784273,1,-0.8277846575,0.02313708328,-0.1933933794,0,0.4832149744,0.02552726865,98.4174881
0.1940457672,0.3199787438,-0.005307895597,0.02193864994,1,-0.7811313272,0.02257162146,-0.47983706,0,0.1420320868,0.03597873449,103.6009369
0.1940457672,0.3248223364,-0.006482449826,0.02038944885,1,-0.4343241453,0.02139513381,-0.3556185663,0,0.01563461125,0.02173146605,107.6371078
0.1940457672,0.3296658993,-0.007335850969,0.02011092566,1,-0.4115257263,0.0214071013,-0.0608792603,0,0.2054296881,-0.006241610274,110.0404205
0.1940457672,0.3345094621,-0.007480688859,0.02012480795,1,-0.6024346948,0.02147017978,-0.01992028952,0,0.05176836252,0.6344146729,110.3908463
0.1940457672,0.3393530548,-0.01000304613,0.01694160327,1,-0.4790988266,0.01967431977,-0.3080352545,0,-0.6788560748,0.5472525954,120.5594254
0.1940457672,0.3441966176,-0.01308933366,0.01598215476,1,-0.2948764563,0.02065816894,-1.214481235,0,-0.8408828974,0.6123405695,129.3173676
0.1940457672,0.3490402102,-0.01550418511,0.008093249984,1,1.247714996,0.01748943888,-2.268251419,0,-2.244847298,0.9892086983,152.4352417
