PIVlab, ASCII chart output - 13-Mar-2024
FRAME: 56, filenames: A:[56]2 vortices tapados mismo sentido clase 4.mp4 & B:[57]2 vortices tapados mismo sentido clase 4.mp4, conversion factor xy (px -> m): 0.00030272, conversion factor uv (px/frame -> m/s): 0.0090842
x [m],y [m],u [m/s],v [m/s],Vector type [-],vorticity [1/s],magnitude [m/s],divergence [1/s],dcev [1],simple shear [1/s],simple strain [1/s],vector direction [degrees]
0.1262357086,0.237637952,0.003018616233,-0.006723990198,1,0.1774756312,0.007370487787,0.6752347946,0,0.7074186802,0.4883527756,-65.82315063
0.1262357086,0.2424815297,0.005161643494,-0.00627140142,1,0.5050656796,0.00812237896,0.1942182183,0,0.03984764218,0.3129317164,-50.54409027
0.1262357086,0.2473251075,0.005657946225,-0.00729898829,1,0.1989143044,0.009235127829,-0.07285116613,0,-0.1717693955,0.4675110579,-52.21828461
0.1262357086,0.2521686852,0.005293122027,-0.008888687938,1,-0.09914769977,0.01034533326,-0.02504479885,0,-0.01896097511,0.499742806,-59.22663879
0.1262357086,0.257012248,0.00508587854,-0.009840833955,1,-0.2387419939,0.01107737236,0.0404510349,0,0.1292505264,0.371978879,-62.66945648
0.1262357086,0.2618558407,0.004762791563,-0.01049446873,1,-0.3528415859,0.01152467169,0.1500184834,0,0.2447088659,0.2726040184,-65.58963776
0.1262357086,0.2666994035,0.004562129267,-0.01043458655,1,-0.2553219795,0.01138831116,0.2169730067,0,0.1263232231,0.07582303882,-66.38446045
0.1262357086,0.2715429962,0.004137976095,-0.00981079787,1,-0.1307549924,0.01064775046,0.1725782454,0,-0.06224507093,0.02674990147,-67.131073
0.1262357086,0.276386559,0.003627318423,-0.009728255682,1,0.1010865718,0.0103825042,0.08771716058,0,-0.2093267888,0.1901956052,-69.55131531
0.1262357086,0.2812301517,0.003613706212,-0.01030716021,1,0.1216357946,0.01092229038,-0.08246174455,0,-0.1627381742,0.1338258237,-70.67926025
0.1262357086,0.2860737145,0.003428235883,-0.01077586133,1,-0.05640298128,0.01130804978,-0.06274996698,0,-0.09837780893,0.0004703197628,-72.35203552
0.1262357086,0.2909172773,0.002864015754,-0.01061337162,1,-0.08340093493,0.0109930085,0.05122000724,0,-0.1562848389,0.0827004537,-74.89844513
0.1262357086,0.29576087,0.00226729922,-0.01092833932,1,-0.02193517983,0.01116106007,0.02198548615,0,-0.2494025975,0.3022297621,-78.27914429
0.1262357086,0.3006044328,0.001549770124,-0.01197075658,1,-0.1113444567,0.01207065862,0.05695024133,0,-0.1453015804,0.5664453506,-82.62334442
0.1262357086,0.3054480255,0.001024214202,-0.01339611877,1,-0.314371556,0.01343521569,0.1902849674,0,-0.04587647319,0.6908024549,-85.62789154
0.1262357086,0.3102915883,-0.0001951191953,-0.01439505164,1,-0.6150150299,0.01439637411,0.3723014593,0,-0.01733657718,0.5440377593,-90.77657318
0.1262357086,0.315135181,-0.002038630191,-0.01422793698,1,-0.6068675518,0.01437324658,0.445364207,0,-0.03510805964,0.246159941,-98.1540451
0.1262357086,0.3199787438,-0.003304577898,-0.01343019027,1,-0.3393865526,0.01383077167,0.1592367887,0,-0.3348371685,0.1052870974,-103.8233643
0.1262357086,0.3248223364,-0.005304285325,-0.01396662742,1,-0.6607083082,0.01493995078,-0.3074145913,0,-0.3004785478,0.3158581853,-110.7959137
0.1262357086,0.3296658993,-0.007960161194,-0.01644906029,1,-1.540105343,0.01827390864,-0.3016415238,0,0.744230926,0.1492819488,-115.8236465
0.1262357086,0.3345094621,-0.009159153327,-0.01615070365,1,-1.552189827,0.01856704988,-0.1010812819,0,0.8408880234,-0.9136924744,-119.5578156
0.1262357086,0.3393530548,-0.01140540652,-0.01251311507,1,-0.887294054,0.0169310756,0.3858879805,0,0.03996583819,-1.277355671,-132.3484344
0.1262357086,0.3441966176,-0.0132632535,-0.008094653487,1,-0.2911946774,0.01553825289,1.50486958,0,-1.348230124,-2.057944298,-148.6040039
0.1262357086,0.3490402102,-0.01934608817,0.004743651021,1,1.605353951,0.01991917007,3.037373781,0,-4.1170578,-2.263775587,166.2229156
0.1310792714,0.237637952,0.005836571101,-0.005440583918,1,0.03276946396,0.007979067042,-0.04945936799,0,0.1956892312,0.7588165998,-42.98893738
0.1310792714,0.2424815297,0.006389849819,-0.007398057729,1,0.1826241761,0.009775552899,-0.05775669217,5.713725567,-0.0221735388,0.5112688541,-49.18217087
0.1310792714,0.2473251075,0.006613726262,-0.008196703158,1,0.1012693495,0.01053220406,0.08300612867,0,-0.09035034478,0.350666821,-51.10076141
0.1310792714,0.2521686852,0.006442736834,-0.008694493212,1,-0.08884416521,0.01082141697,0.1873061359,0,-0.02037953585,0.342756182,-53.46105576
0.1310792714,0.257012248,0.006084693596,-0.008949636482,1,-0.173557803,0.010822176,0.1943507046,0,0.03802865744,0.2671974897,-55.78893661
0.1310792714,0.2618558407,0.005786290858,-0.00904733222,1,-0.2043936551,0.01073943079,0.1408319622,4.774437904,0.03644418716,0.2565912008,-57.39873886
0.1310792714,0.2666994035,0.00527121732,-0.009510325268,1,-0.189945817,0.01087345462,0.08136864752,5.452693462,-0.0506997779,0.2047381103,-61.00203705
0.1310792714,0.2715429962,0.004620705266,-0.009644881822,1,-0.09492707998,0.01069460902,0.04074100405,0,-0.1055146083,0.2409408987,-64.40168762
0.1310792714,0.276386559,0.004300362431,-0.01048000902,1,0.002044901252,0.01132800523,0.05799432099,0,-0.18426691,0.3369141817,-67.68972015
0.1310792714,0.2812301517,0.003738098778,-0.01099585183,1,-0.05333583429,0.01161387656,0.0910242945,0,-0.1578622311,0.173093006,-71.22425842
0.1310792714,0.2860737145,0.003277408192,-0.01087751519,1,-0.1231428534,0.01136053447,0.0814858526,3.053359747,0.009640261531,0.0389610976,-73.23239136
0.1310792714,0.2909172773,0.003188341856,-0.01078988053,1,-0.07245990634,0.01125109103,0.1043845862,0,0.026021,0.2286110371,-73.53792572
0.1310792714,0.29576087,0.003052477725,-0.0114792157,1,-0.04598060995,0.01187813189,0.1336246431,0,0.01937965117,0.3944055736,-75.10888672
0.1310792714,0.3006044328,0.003059498034,-0.01205299329,1,-0.01065628044,0.01243523974,0.1834420711,0,0.03244543821,0.4449567795,-75.75702667
0.1310792714,0.3054480255,0.003158015199,-0.01274588238,1,-0.1784910858,0.01313128229,0.3127636015,0,-0.03528559953,0.4974642098,-76.08421326
0.1310792714,0.3102915883,0.002024054062,-0.01294760499,1,-0.5127564073,0.01310485695,0.425442487,6.305856228,-0.2143765837,0.4455470443,-81.1150589
0.1310792714,0.315135181,-0.000363909814,-0.01284326054,1,-0.5113047957,0.01284841541,0.3727638125,0,-0.4565774202,0.4701231718,-91.62301636
0.1310792714,0.3199787438,-0.002663958818,-0.01341917273,1,-0.3574849069,0.01368104108,0.2044640481,0,-0.6582781076,0.2562788725,-101.228302
0.1310792714,0.3248223364,-0.005283836741,-0.01309422962,1,-0.4459966421,0.01412011962,0.3029617071,0,-0.723631382,-0.2136555314,-111.9752655
0.1310792714,0.3296658993,-0.008329142816,-0.0109168971,1,-0.9777573347,0.01373147033,0.2759675086,29.20085526,-0.3297257721,-0.2895330489,-127.3421402
0.1310792714,0.3345094621,-0.01161671337,-0.01035519224,1,-1.096990347,0.01556207053,-0.2325593233,35.64506531,0.0161357522,-0.3666343689,-138.2860565
0.1310792714,0.3393530548,-0.01356434636,-0.01026749425,1,-0.6015558243,0.01701213978,-0.3930329382,15.13549137,-0.01492366195,-0.3312253654,-142.8762054
0.1310792714,0.3441966176,-0.01460267976,-0.01065456215,1,-0.2206452191,0.01807644777,-0.2379712164,0,-0.5862492323,-0.4759596884,-143.8843689
0.1310792714,0.3490402102,-0.01747260243,-0.009114778601,1,1.107093334,0.01970713213,0.2663289011,0,-2.292132139,-0.3694733679,-152.4506989
0.1359228492,0.237637952,0.006454437971,-0.005934876855,1,0.1672603786,0.00876826793,-0.1398027986,0,0.2059445083,0.4087489843,-42.59863663
0.1359228492,0.2424815297,0.007358261384,-0.00726335356,1,0.03123053908,0.01033926103,-0.03050102293,0,0.2379989028,0.4427514076,-44.62810135
0.1359228492,0.2473251075,0.007758471649,-0.008227111772,1,0.0108926557,0.01130837109,0.1111937314,0,0.09280234575,0.3782940507,-46.67922592
0.1359228492,0.2521686852,0.007860516198,-0.008557074703,1,-0.06628548354,0.01161943376,0.2182061374,0,-0.02394795418,0.3397875726,-47.42946243
0.1359228492,0.257012248,0.00732141966,-0.008816000074,1,-0.1452659667,0.0114597138,0.1501063704,0,-0.09686449915,0.3092612326,-50.29139709
0.1359228492,0.2618558407,0.006687738467,-0.009327953681,1,-0.07042726874,0.0114776548,0.05343458056,0,-0.2131466269,0.2483604252,-54.36111832
0.1359228492,0.2666994035,0.005947907455,-0.009760138579,1,-0.081448704,0.01142969448,0.08543432504,0,-0.1632910967,0.1957093477,-58.6415329
0.1359228492,0.2715429962,0.005502322223,-0.009862079285,1,-0.04091922566,0.01129319053,0.06879432499,0,-0.04327927157,0.2485233396,-60.84166718
0.1359228492,0.276386559,0.005540085491,-0.01063067,1,-0.09506417811,0.01198764704,0.1175365672,0,-0.03074060008,0.3139537275,-62.47410202
0.1359228492,0.2812301517,0.004892976955,-0.01081344113,1,-0.2785564065,0.01186893973,0.3016065657,0,-0.03700710088,0.1987996995,-65.65371704
0.1359228492,0.2860737145,0.004011629149,-0.01013271697,1,-0.2284723371,0.01089794096,0.3333809078,0,0.1425699741,0.1935935915,-68.40096283
0.1359228492,0.2909172773,0.004476903472,-0.01013637241,1,-0.1042180061,0.01108100638,0.2442920804,0,0.2721148729,0.3431952596,-66.1705246
0.1359228492,0.29576087,0.004824850708,-0.01061176229,1,-0.2390659899,0.01165712997,0.1679615378,0,0.2631309628,0.5035849214,-65.55013275
0.1359228492,0.3006044328,0.00459346408,-0.01176199038,1,-0.1588632762,0.01262712665,0.1527877003,0,0.1844143867,0.5844377875,-68.66764069
0.1359228492,0.3054480255,0.004948609509,-0.012702493,1,-0.1107043326,0.01363238972,0.2483123541,0,-0.006953369826,0.4935520887,-68.71521759
0.1359228492,0.3102915883,0.004023579881,-0.01294982806,1,-0.247814551,0.01356050279,0.2783340216,0,-0.3518779576,0.5385483503,-72.73970795
0.1359228492,0.315135181,0.002043952234,-0.01396286115,1,-0.350019604,0.01411166973,0.2824732959,0,-0.7022019625,0.6824409962,-81.67191315
0.1359228492,0.3199787438,-0.001072937157,-0.01488710288,1,-0.2888886333,0.01492571644,0.2635523677,0,-1.138914824,0.5419642329,-94.12226868
0.1359228492,0.3248223364,-0.004871724639,-0.0153113706,1,-0.1713290215,0.01606772467,0.3021550775,0,-1.26416564,-0.02339531481,-107.6498718
0.1359228492,0.3296658993,-0.008025866933,-0.01331027411,1,0.04161155224,0.01554277819,0.479475379,0,-1.52598691,-0.4603641033,-121.0892563
0.1359228492,0.3345094621,-0.01206139009,-0.01075919904,1,-0.3529300988,0.01616284251,0.2414594144,0,-1.069063306,-0.509752512,-138.2658844
0.1359228492,0.3393530548,-0.0149134025,-0.009671720676,1,-0.4026050568,0.01777503267,-0.2165772319,0,-0.5594602227,-0.4010930657,-147.0355682
0.1359228492,0.3441966176,-0.01672122814,-0.009865482338,1,-0.6836789846,0.01941461302,-0.6313071847,0,-0.3346329629,-0.2082694918,-149.4595184
0.1359228492,0.3490402102,-0.01984567568,-0.01172073651,1,-0.8973135948,0.02304835245,-0.6270623803,0,-0.3928227127,0.1390029341,-149.4341583
0.1407664269,0.237637952,0.007139232941,-0.005253214389,1,0.1028466076,0.008863684721,-0.07761320472,0,0.4122204185,0.3944942951,-36.34650421
0.1407664269,0.2424815297,0.008386616595,-0.006396559067,1,0.02798201144,0.01054757368,0.02599874139,0,0.3530101776,0.5517987013,-37.33314133
0.1407664269,0.2473251075,0.008984598331,-0.007799967192,1,-0.03906089067,0.01189800445,0.04253427684,0,0.1957232356,0.4746258259,-40.96283722
0.1407664269,0.2521686852,0.009145422839,-0.008489428088,1,-0.05831849575,0.01247834694,0.1690892577,0,-0.08102540672,0.3580476046,-42.86964798
0.1407664269,0.257012248,0.008309676312,-0.008715200238,1,-0.1187246069,0.01204182021,0.1267590374,0,-0.2730032504,0.3846626878,-46.36449814
0.1407664269,0.2618558407,0.007248058449,-0.009738604538,1,-0.1294076294,0.01213980094,0.05370958894,0,-0.2167657763,0.2997126579,-53.34114838
0.1407664269,0.2666994035,0.006632958539,-0.009906735271,1,-0.1260707676,0.01192222908,0.1518901587,0,-0.09905216843,0.1349003017,-56.19609833
0.1407664269,0.2715429962,0.006157658063,-0.009656312875,1,-0.05623869598,0.01145255938,0.08477167785,0,0.006143631414,0.138805598,-57.47507095
0.1407664269,0.276386559,0.006390319206,-0.01016845275,1,-0.1320777386,0.01200972963,0.06278563291,0,0.1329443306,0.09779614955,-57.85287094
0.1407664269,0.2812301517,0.006161855534,-0.009825889021,1,-0.2369315028,0.01159812789,0.2403356731,0,0.1212176681,0.01568567008,-57.90800476
0.1407664269,0.2860737145,0.005829850212,-0.009080342948,1,-0.2136484683,0.0107907271,0.3195766509,0,0.1872272193,0.1422679126,-57.2983284
0.1407664269,0.2909172773,0.006033882499,-0.008967082947,1,-0.2168500423,0.0108081596,0.2513819933,0,0.3149830699,0.2444537729,-56.06368637
0.1407664269,0.29576087,0.006305165123,-0.009046785533,1,-0.1859570444,0.01102721412,0.176175192,0,0.3090942502,0.4700113535,-55.12540054
0.1407664269,0.3006044328,0.006630307063,-0.01039030124,1,-0.2090464532,0.01232555602,0.1225276291,0,0.30115363,0.7824883461,-57.45705414
0.1407664269,0.3054480255,0.006751293316,-0.01224335656,1,-0.2479428947,0.01398140658,0.1096008718,6.353645802,0.1138230562,0.7416425943,-61.12656021
0.1407664269,0.3102915883,0.005980687216,-0.01345164422,1,-0.2552278936,0.01472125575,0.1864113957,0,-0.2488551587,0.6624493003,-66.02976227
0.1407664269,0.315135181,0.00430972781,-0.01454908308,1,-0.3847491741,0.01517397631,0.1068724692,0,-0.5944988132,0.9501945972,-73.49966431
0.1407664269,0.3199787438,0.001237623394,-0.01753634028,1,-0.440821439,0.01757995784,0.1528358459,0,-1.26109612,0.9453048706,-85.96305084
0.1407664269,0.3248223364,-0.00393364206,-0.01838746853,1,-0.448877275,0.01880352385,0.166947633,0,-1.507155895,0.3679027855,-102.0753021
0.1407664269,0.3296658993,-0.008236575872,-0.01850968227,1,-0.05739158392,0.02025955357,0.1756972969,0,-1.797146082,-0.766507864,-113.9884644
0.1407664269,0.3345094621,-0.01291621197,-0.0138238389,1,-0.0986866951,0.01891895942,0.4124387801,0,-1.618949533,-1.132379532,-133.0559845
0.1407664269,0.3393530548,-0.01655608043,-0.01102723461,1,-0.2939860821,0.01989230327,-0.04893517494,0,-0.8937770128,-1.052306771,-146.334259
0.1407664269,0.3441966176,-0.01866923459,-0.008963930421,1,-0.6558473706,0.02070971578,-0.002825379372,21.79705429,-0.02143621445,-0.9021599293,-154.3522644
0.1407664269,0.3490402102,-0.01983655617,-0.006671237759,1,-1.667066216,0.02092831582,0.8407625556,0,1.185059667,-0.105928421,-161.4116821
0.1456100047,0.237637952,0.007989276201,-0.004436400719,1,0.3453241885,0.009138390422,-0.004090458155,0,0.549713254,0.5131525993,-29.04317093
0.1456100047,0.2424815297,0.01015686803,-0.005689054262,1,0.1558013558,0.01164161973,0.09965220094,0,0.3137070835,0.6474943161,-29.25401497
0.1456100047,0.2473251075,0.01026337687,-0.007089916617,1,-0.1087999791,0.01247412618,0.05241140723,0,0.1618344337,0.6672468185,-34.63662338
0.1456100047,0.2521686852,0.01041374449,-0.00866705738,1,-0.08152847737,0.0135485772,0.0594664216,1.791355729,-0.01444336772,0.5701112151,-39.76963043
0.1456100047,0.257012248,0.009798530489,-0.009563260712,1,-0.0471226126,0.01369186491,0.1079050675,0,-0.3687224388,0.3317111731,-44.30382156
0.1456100047,0.2618558407,0.008399566635,-0.009751079604,1,-0.1216434687,0.01286997553,0.1552075148,0,-0.3865616918,0.1688361168,-49.2584343
0.1456100047,0.2666994035,0.00733699929,-0.009629271924,1,-0.08160295337,0.01210596692,0.1914246231,0,-0.2929818034,0.1519591659,-52.69450378
0.1456100047,0.2715429962,0.006585236173,-0.009559925646,1,-0.08698160201,0.01160851028,0.1412242353,0,-0.1234255657,0.08294977993,-55.43946838
0.1456100047,0.276386559,0.006317875814,-0.00934701506,1,-0.2143496722,0.01128194388,0.08316023648,5.19341898,0.1209889501,-0.01618943736,-55.94428253
0.1456100047,0.2812301517,0.006133036222,-0.009078717791,1,-0.1725158691,0.01095615141,0.1701340973,0,0.1582151353,-0.06852638721,-55.95940781
0.1456100047,0.2860737145,0.006248609163,-0.008191044442,1,-0.1239754483,0.01030234527,0.2402147353,0,0.2778882682,-0.07325705886,-52.66149139
0.1456100047,0.2909172773,0.00687852269,-0.007560397498,1,-0.08506150544,0.01022123732,0.1539957225,0,0.437300384,0.1587232947,-47.70376968
0.1456100047,0.29576087,0.007954705507,-0.00821394287,1,-0.01495687664,0.01143443026,0.09954401851,0,0.448202014,0.456800431,-45.91856003
0.1456100047,0.3006044328,0.008976979181,-0.009290796705,1,-0.2265067101,0.01291917358,0.09725150466,0,0.4571146965,0.6621869802,-45.98417282
0.1456100047,0.3054480255,0.009071673267,-0.01095025148,1,-0.5164217949,0.01421981957,0.2022067904,10.94944096,0.3426088393,0.9512738585,-50.36014557
0.1456100047,0.3102915883,0.008135102689,-0.01291896123,1,-0.4650917053,0.01526694,0.263166368,12.52986526,0.07122282684,1.094896317,-57.80127716
0.1456100047,0.315135181,0.007163938601,-0.01497879997,1,-0.4999232888,0.01660380885,0.1740702987,11.88779163,-0.3030182719,1.40068531,-64.43952179
0.1456100047,0.3199787438,0.00424599275,-0.01886016689,1,-0.9316582084,0.0193322096,0.3786770105,0,-1.018361807,1.505617857,-77.31251526
0.1456100047,0.3248223364,-0.002281135181,-0.0204372257,1,-1.1056844,0.02056413889,0.06930649281,0,-2.018761635,0.6632359624,-96.3687973
0.1456100047,0.3296658993,-0.01088750362,-0.02173691057,1,-0.9551655054,0.02431113087,-0.316804111,0,-1.784004807,-0.7946580052,-116.6052094
0.1456100047,0.3345094621,-0.01554847881,-0.01812271029,1,-0.4784758091,0.02387860604,-0.1298850775,0,-1.453948975,-2.021060467,-130.6281433
0.1456100047,0.3393530548,-0.02024735324,-0.01257685479,1,-0.5970354676,0.02383553237,0.2973075509,0,-0.5500743985,-2.041882277,-148.1530914
0.1456100047,0.3441966176,-0.02110459469,-0.006792662665,1,-0.05260461569,0.02217079513,1.119598627,0,0.8703686595,-1.909280539,-162.1588745
0.1456100047,0.3490402102,-0.01628644951,0.002093756804,1,-0.4127278924,0.01642048359,2.556290627,0,2.402220011,-1.113059759,172.6743317
0.1504535824,0.237637952,0.009604915045,-0.004263239913,1,0.4051706195,0.0105085494,0.07702192664,0,0.5860652924,0.6420961618,-23.93453026
0.1504535824,0.2424815297,0.01200547908,-0.005631730426,1,0.1837322861,0.01326076593,0.1353227794,0,0.4078560472,0.5948773623,-25.13111687
0.1504535824,0.2473251075,0.01247031894,-0.00648912834,1,-0.1185657904,0.01405765396,0.1324326396,0,0.157659173,0.6553447843,-27.49093056
0.1504535824,0.2521686852,0.01219483092,-0.008164496161,1,-0.3010106385,0.01467558835,-0.04476261139,9.08184433,-0.1183756962,0.7364308834,-33.80249023
0.1504535824,0.257012248,0.01043899171,-0.01027289405,1,-0.242427066,0.01464598533,-0.1002090573,0,-0.4548348188,0.4896979332,-44.54053116
0.1504535824,0.2618558407,0.00881758891,-0.01102175657,1,-0.1284764111,0.0141148502,0.008409172297,0,-0.3139294088,0.1441912651,-51.33961105
0.1504535824,0.2666994035,0.008296164684,-0.01093056519,1,-0.1916264594,0.01372237597,0.1946578026,0,-0.1333660483,-0.0508063063,-52.80194855
0.1504535824,0.2715429962,0.007243462373,-0.009832832031,1,-0.2064970136,0.01221279334,0.3431117833,0,-0.1200110614,-0.1495717764,-53.62238312
0.1504535824,0.276386559,0.006714697462,-0.00854421407,1,-0.1968340278,0.01086695679,0.135043025,4.05384922,0.0751343295,-0.1971214414,-51.83702469
0.1504535824,0.2812301517,0.006654000375,-0.008223967627,1,-0.2146453559,0.01057872269,0.1272809207,0,0.1989184022,-0.1638941765,-51.02372742
0.1504535824,0.2860737145,0.006638522726,-0.007133884821,1,-0.2016902119,0.009744859301,0.2208110839,0,0.3863809109,-0.1481290907,-47.05990982
0.1504535824,0.2909172773,0.00754856132,-0.006436982658,1,-0.05798666179,0.009920459241,0.1574007571,0,0.5455064178,0.08917734772,-40.45565414
0.1504535824,0.29576087,0.008999862708,-0.006803439464,1,-0.09964346886,0.01128203515,0.154722333,0,0.6695001125,0.2872989476,-37.08742905
0.1504535824,0.3006044328,0.0103087062,-0.00707912771,1,-0.2504225671,0.0125053376,0.21260719,0,0.9396659136,0.4766961932,-34.47791672
0.1504535824,0.3054480255,0.01233826671,-0.008082575165,1,-0.5165834427,0.01474994421,0.2698156536,0,0.9810878038,1.049164176,-33.22808456
0.1504535824,0.3102915883,0.0125585692,-0.01085396297,1,-0.7774488926,0.01659898087,0.3936758041,0,0.6946408749,1.531839252,-40.83578873
0.1504535824,0.315135181,0.0119371796,-0.01359535847,1,-1.05478096,0.01809226349,0.3936759233,25.6600666,0.6017652154,1.860016227,-48.71578217
0.1504535824,0.3199787438,0.01036435179,-0.01795629598,1,-2.377556801,0.02073278464,0.4875811338,77.1820755,-0.1665740013,2.390032291,-60.00651169
0.1504535824,0.3248223364,-0.0003855157702,-0.02281002887,1,-3.78758812,0.02281328663,0.6853839159,117.6645203,-1.164201975,1.628474832,-90.96826935
0.1504535824,0.3296658993,-0.0136200292,-0.02252423018,1,-2.827388525,0.02632196993,-0.3514631689,68.31073761,-1.9106462,-1.231272101,-121.1606598
0.1504535824,0.3345094621,-0.02333448455,-0.018548619,1,-2.302352667,0.02980854549,-0.02818322182,76.53753662,-0.04839611053,-2.448801994,-141.5187683
0.1504535824,0.3393530548,-0.02500606328,-0.0107997749,1,-1.111251473,0.02723854408,0.2010329962,0,1.28475225,-2.70078516,-156.6411591
0.1504535824,0.3441966176,-0.02249412052,-0.004493437707,1,0.4475983381,0.02293853648,1.340656757,0,2.062923431,-2.326664686,-168.7032471
0.1504535824,0.3490402102,-0.01284615509,0.006963181775,1,1.971342564,0.01461196784,2.825963736,0,2.012462854,-1.904665232,151.5403595
0.1552971601,0.237637952,0.01147238072,-0.003560223151,1,0.2692137361,0.01201210637,0.1859819591,0,0.6479878426,0.6167669296,-17.2406826
0.1552971601,0.2424815297,0.01369364932,-0.004603493493,1,0.04131139815,0.01444673631,0.1145823747,0,0.4968563914,0.5670942664,-18.5814743
0.1552971601,0.2473251075,0.01407903805,-0.005751999561,1,-0.1599110067,0.01520870812,0.1642087102,0,0.174413532,0.820532918,-22.22249985
0.1552971601,0.2521686852,0.0137638934,-0.007782450877,1,-0.4091709852,0.01581174508,-0.05259743333,13.19328499,-0.08509005606,0.9466807842,-29.48490906
0.1552971601,0.257012248,0.01168505009,-0.01059207413,1,-0.7306203842,0.0157712549,-0.04430273175,23.07521057,-0.2242924571,0.5475913286,-42.19116592
0.1552971601,0.2618558407,0.00913869869,-0.01064933557,1,-0.7928519249,0.01403296739,0.2038908005,25.44499397,0.03900936246,-0.05314875394,-49.36554337
0.1552971601,0.2666994035,0.008033755235,-0.009347083047,1,-0.6229432821,0.01232514437,0.1501181871,17.6532383,0.2892980576,-0.1612861902,-49.32115936
0.1552971601,0.2715429962,0.00752266217,-0.009141024202,1,-0.594207108,0.01183844451,0.2198542207,17.37795639,0.1778699905,-0.05212818086,-50.54711533
0.1552971601,0.276386559,0.00601719413,-0.008029715158,1,-0.5468350053,0.01003408991,0.04826787114,16.52064514,0.2233210206,-0.3781595826,-53.15336609
0.1552971601,0.2812301517,0.005955697037,-0.007075589616,1,-0.3516073227,0.009248475544,0.01923587918,0,0.4720669985,-0.5355273485,-49.9118576
0.1552971601,0.2860737145,0.006600650027,-0.005342676304,1,-0.2217696905,0.008491924033,0.1465004683,0,0.6588747501,-0.356901288,-38.98728561
0.1552971601,0.2909172773,0.008072842844,-0.004637331702,1,-0.1365808845,0.009309974499,0.1336202919,0,0.8581590056,-0.04272459075,-29.87461281
0.1552971601,0.29576087,0.01009566989,-0.004488536157,1,-0.2438794076,0.01104850695,0.2183237076,0,1.119849801,-0.01101522893,-23.96993637
0.1552971601,0.3006044328,0.01231567375,-0.003526510671,1,-0.2838261127,0.01281062514,0.25111413,0,1.391392708,0.08752189577,-15.97871017
0.1552971601,0.3054480255,0.01546025462,-0.003696164349,1,-0.5491825342,0.01589594595,0.1597774774,0,1.611581206,0.626843214,-13.44562435
0.1552971601,0.3102915883,0.0174614843,-0.005788779818,1,-1.356274843,0.01839601621,0.321702987,0,1.897118092,0.9945580959,-18.34123802
0.1552971601,0.315135181,0.01807987131,-0.006955190096,1,-1.852017879,0.01937153563,0.4361743331,0,2.001174927,0.9238964915,-21.04135704
0.1552971601,0.3199787438,0.0181839373,-0.008151100017,1,-3.656022549,0.01992726885,0.8770616055,102.3734665,1.766168833,1.037162781,-24.144701
0.1552971601,0.3248223364,0.008926219307,-0.007730652578,1,-6.941963196,0.01180848759,-0.117505908,229.8161926,-0.6428315639,1.770663977,-40.8945694
0.1552971601,0.3296658993,-0.0185536053,-0.01729659736,1,-6.939367294,0.02536549792,-0.02948787808,229.9154358,-0.5906615257,-0.1379113793,-137.0081329
0.1552971601,0.3345094621,-0.02754594944,-0.007205496542,1,-4.288030624,0.02847276814,1.233515859,127.9100952,1.438589215,-2.136920929,-165.3409729
0.1552971601,0.3393530548,-0.03235509619,-0.0009716246277,1,-1.89542377,0.0323696807,0.3289061785,0,2.23929143,-1.371652365,-178.2799072
0.1552971601,0.3441966176,-0.02588040009,0.001031290623,1,0.6989346743,0.02590093948,0.5451516509,0,3.539879799,-0.1288441569,177.7180634
0.1552971601,0.3490402102,-0.01182406861,0.002292926423,1,3.679127693,0.01204433944,0.6519469023,0,2.124965668,0.1309964359,169.0254059
0.1601407379,0.237637952,0.0134930918,-0.002428618027,1,0.1508539617,0.01370991301,0.09523148835,0,0.5982372761,0.5067639947,-10.20340443
0.1601407379,0.2424815297,0.01530723274,-0.003425262868,1,0.1027597189,0.0156857837,-0.004936084151,0,0.6708213091,0.4990680814,-12.61315727
0.1601407379,0.2473251075,0.01723999158,-0.004869801458,1,-0.1638257951,0.01791458204,0.1245848238,0,0.4153259397,0.7789610624,-15.77345753
0.1601407379,0.2521686852,0.01652539335,-0.006594785023,1,-0.9041790962,0.01779269055,0.1236231327,29.7841301,0.003338903189,0.7328130007,-21.75544739
0.1601407379,0.257012248,0.01287670899,-0.007820455357,1,-1.53964901,0.01506549586,0.2069028169,50.62657547,0.09904587269,0.2890295088,-31.27170753
0.1601407379,0.2618558407,0.009547719732,-0.006992571987,1,-1.249302506,0.01183448359,0.3119444251,39.03409576,0.2924400866,0.04181309044,-36.21835327
0.1601407379,0.2666994035,0.008242071606,-0.006512053311,1,-0.7041954398,0.01050421782,0.2094530165,18.06274605,0.3961868882,0.0237730518,-38.31223297
0.1601407379,0.2715429962,0.008055856451,-0.006093216594,1,-0.9604338408,0.0101006981,0.2131027877,29.32434082,0.3152020276,-0.1374954581,-37.10280228
0.1601407379,0.276386559,0.00511684129,-0.004813903477,1,-1.074638486,0.007025363389,0.1750949174,34.10455322,0.2689212561,-0.2086667866,-43.25273132
0.1601407379,0.2812301517,0.004153302405,-0.004234436899,1,-0.5455553532,0.005931304768,0.03389215469,0,0.6493192911,-0.3677713573,-45.55420303
0.1601407379,0.2860737145,0.005619429983,-0.002868415089,1,-0.1273531914,0.00630918378,0.1112325191,0,0.9192329645,-0.428773731,-27.04185295
0.1601407379,0.2909172773,0.007988821715,-0.001618882758,1,-0.1970347166,0.008151199669,0.2181128561,0,1.102263689,-0.3331953585,-11.45549393
0.1601407379,0.29576087,0.01000397746,-0.0001981110254,1,-0.4274868071,0.01000593882,0.2003170401,0,1.245083809,-0.3475853801,-1.134493113
0.1601407379,0.3006044328,0.01194891613,0.00103492511,1,-0.2389039993,0.01199365128,0.1836568415,0,1.507459641,-0.3492886424,4.950175285
0.1601407379,0.3054480255,0.01614832506,0.002383251907,1,-0.4246052504,0.0163232442,0.309279114,0,1.866734624,-0.4895463288,8.39539814
0.1601407379,0.3102915883,0.01893398166,0.004904098343,1,-1.461095572,0.0195587799,0.1048499793,0,1.951737761,-0.4494155049,14.52109337
0.1601407379,0.315135181,0.01852478832,0.0050678798,1,-2.149884462,0.01920549944,-0.04459264874,0,2.294831991,-0.7470510006,15.30020428
0.1601407379,0.3199787438,0.01963604614,0.008306509815,1,-4.212591648,0.02132070437,-0.05802798271,123.953476,1.961547852,-0.6015154719,22.9295063
0.1601407379,0.3248223364,0.007621683646,0.007700303569,1,-6.435376167,0.01083442383,-0.4453952014,212.554306,-0.5980377197,-0.4288183749,45.29399109
0.1601407379,0.3296658993,-0.0144308405,0.008226218633,1,-7.697363853,0.01661083475,0.5307343006,255,0.4027576447,0.223438561,150.3149567
0.1601407379,0.3345094621,-0.02771019749,0.009188709781,1,-4.483701706,0.02919396199,0.3114888966,142.7363892,1.257605791,0.1048605144,161.6544647
0.1601407379,0.3393530548,-0.03005668521,0.009227039292,1,-1.153249264,0.03144109622,0.3674535751,0,2.64646244,0.3513105512,162.9341431
0.1601407379,0.3441966176,-0.02047770284,0.009266899899,1,0.8293679953,0.02247691713,-0.5479632616,0,3.50684309,1.473592281,155.651535
0.1601407379,0.3490402102,-0.009053908288,-0.0005645225174,1,2.151635647,0.009071490727,-1.792565227,0,2.565439224,2.266992807,-176.4321594
0.1649843156,0.237637952,0.01438819245,-0.00139328721,1,0.05737471581,0.0144554954,0.02398455888,0,0.6441000104,0.2134130299,-5.531017303
0.1649843156,0.2424815297,0.01608701609,-0.001852042973,1,0.009191095829,0.01619327441,-0.009187608957,0,0.8305270672,0.3115558028,-6.567353725
0.1649843156,0.2473251075,0.01845543273,-0.002946832916,1,-0.3295113146,0.01868921705,-0.01575510204,0,0.7063180208,0.3011126518,-9.072004318
0.1649843156,0.2521686852,0.01791210845,-0.003386816708,1,-1.127765059,0.01822948642,0.1928321868,36.17775345,0.2258898318,0.1325657517,-10.70706749
0.1649843156,0.257012248,0.01408713683,-0.002654928248,1,-1.526912928,0.01433513407,0.2806403637,49.85623932,0.06932145357,0.2383098006,-10.67304325
0.1649843156,0.2618558407,0.01085215062,-0.003181785345,1,-1.149795651,0.01130897552,0.2377186865,37.14476013,0.1332468987,0.5189916492,-16.34082222
0.1649843156,0.2666994035,0.009163403884,-0.004017295782,1,-0.90807724,0.01000533067,0.2678901553,27.11816406,0.2962818444,0.2225925624,-23.67295647
0.1649843156,0.2715429962,0.007888872176,-0.002962382976,1,-1.047264814,0.008426744491,0.2090542614,31.90331459,0.3641297221,-0.3061055541,-20.58186722
0.1649843156,0.276386559,0.005854586139,-0.001522079227,1,-1.040568233,0.006049206946,0.3219189644,31.27468491,0.3075677156,-0.02374736965,-14.57317829
0.1649843156,0.2812301517,0.004338527098,-0.001288121333,1,-0.7499081492,0.004525712691,0.2643170357,12.82013035,0.5863985419,0.006527364254,-16.53630829
0.1649843156,0.2860737145,0.005062614568,-0.0002734549635,1,-0.3173091114,0.005069994368,0.161114499,0,0.9732115269,-0.4467113614,-3.091802359
0.1649843156,0.2909172773,0.007515431847,0.001655921573,1,-0.2439162433,0.007695699576,0.2095985562,0,1.135767221,-0.5927307606,12.42578983
0.1649843156,0.29576087,0.00938236434,0.003612689441,1,-0.3241916299,0.01005386934,0.1468669176,0,1.149612665,-0.5295371413,21.05925369
0.1649843156,0.3006044328,0.01151342317,0.004932137206,1,-0.2414454222,0.01252537034,0.1958766878,0,1.316013098,-0.5864847898,23.1893959
0.1649843156,0.3054480255,0.01458711643,0.007402118295,1,-0.4451173544,0.01635772921,0.1481940746,0,1.328582287,-1.051209807,26.905159
0.1649843156,0.3102915883,0.01579255424,0.01074154302,1,-1.036568761,0.01909935847,-0.00102263689,12.49751091,0.9660358429,-1.481544018,34.22216797
0.1649843156,0.315135181,0.01424548402,0.01457313914,1,-1.60919416,0.02037916146,0.5760172009,13.88623619,1.443373203,-1.697567225,45.65139771
0.1649843156,0.3199787438,0.01498938724,0.02175382525,1,-2.576036215,0.0264179986,-0.3273596764,82.56163788,0.6036128402,-1.559880495,55.43136978
0.1649843156,0.3248223364,0.004691897891,0.02054294944,1,-5.040030956,0.02107194066,-0.536965549,162.3425903,-1.13104713,-0.5747777224,77.1346283
0.1649843156,0.3296658993,-0.01490071043,0.02193697169,1,-5.177179337,0.02651908621,0.4577815235,167.8048401,-1.062283039,0.4453894198,124.186348
0.1649843156,0.3345094621,-0.02552932873,0.02060297132,1,-3.008582354,0.03280593082,0.576559782,98.1039505,0.1237323284,1.506532907,141.0953827
0.1649843156,0.3393530548,-0.02887370624,0.01743257418,1,-0.7088423371,0.03372811154,0.314627409,0,1.561989784,1.67790103,148.878418
0.1649843156,0.3441966176,-0.02139704302,0.01399984956,1,1.380256891,0.02557008527,-1.073556542,0,2.614220858,1.638355613,146.8037109
0.1649843156,0.3490402102,-0.009526141919,0.004297216889,1,1.476406813,0.01045052428,-2.141901016,0,3.425285578,1.864477277,155.7200012
0.1698278934,0.237637952,0.01464294549,0.0004132315516,1,-0.008968651295,0.01464877557,0.1187060103,0,0.8880010843,0.06101711839,1.616487741
0.1698278934,0.2424815297,0.0167717766,0.0005529418704,1,-0.0928145349,0.01678088866,0.05358603597,0,0.9143555164,0.1084861606,1.888277292
0.1698278934,0.2473251075,0.01862214319,0.0001473185548,1,-0.5247570276,0.0186227262,-0.1853659153,0,0.7992869616,-0.0633085072,0.4532537162
0.1698278934,0.2521686852,0.01810148358,-3.825265958e-05,1,-1.071369886,0.0181015227,-0.09767338634,32.83436584,0.4041226804,-0.04888948426,-0.1210791618
0.1698278934,0.257012248,0.01539028436,-8.896972577e-05,1,-1.124644279,0.0153905414,0.2163484693,36.49830627,0.1153535247,0.3690873981,-0.3312176168
0.1698278934,0.2618558407,0.01321290527,-0.0007780556334,1,-1.136190176,0.01323579438,0.3671815991,35.40076065,0.150860399,0.4889256954,-3.370029688
0.1698278934,0.2666994035,0.0106177628,-0.0006786466693,1,-1.414578915,0.01063942909,0.3695074618,44.62086868,0.2528088093,0.05547560751,-3.657151461
0.1698278934,0.2715429962,0.007585781161,0.0007429820835,1,-1.259031057,0.007622079458,0.2215965241,38.75656509,0.4214881659,-0.2727786303,5.593937874
0.1698278934,0.276386559,0.006561058573,0.001715897699,1,-0.9407739043,0.006781725213,0.2422866821,25.18006325,0.5029522777,-0.06638723612,14.65616703
0.1698278934,0.2812301517,0.005465158261,0.002238068264,1,-1.008800507,0.00590566732,0.3086082339,26.6608429,0.5287960172,-0.03543998301,22.26987267
0.1698278934,0.2860737145,0.004236119334,0.003382321913,1,-0.6638234258,0.005420775618,0.2092115283,0,0.8017246127,-0.3741716743,38.60555649
0.1698278934,0.2909172773,0.00613309117,0.005063721444,1,-0.2735588849,0.007953369059,0.08428397775,0,1.08171463,-0.650308013,39.54442215
0.1698278934,0.29576087,0.008150484413,0.006940375082,1,-0.2908852398,0.0107051013,0.07995218039,0,1.101006269,-0.6457252502,40.41536331
0.1698278934,0.3006044328,0.0100569753,0.008578596637,1,-0.4052790999,0.01321873907,0.09752714634,0,1.153489113,-0.7353135943,40.46416855
0.1698278934,0.3054480255,0.01177449804,0.01097430382,1,-0.5818389058,0.01609577984,0.09568798542,0,0.9320096374,-1.148283482,42.98543549
0.1698278934,0.3102915883,0.01175305434,0.01460386906,1,-0.5635635853,0.01874586008,0.2478909492,0,0.8356715441,-1.585242271,51.17322159
0.1698278934,0.315135181,0.01309247408,0.01985322684,1,-0.8367842436,0.02378157899,0.2794065475,17.88083839,0.5770583153,-1.600096464,56.59661484
0.1698278934,0.3199787438,0.01049505174,0.02370738797,1,-1.522541285,0.02592655644,-0.06328827143,44.58390427,-0.718695581,-1.463192463,66.12145233
0.1698278934,0.3248223364,0.002236868488,0.02663377114,1,-2.804718018,0.02672754042,-0.0003327131271,80.06855011,-1.438284755,-0.9190033674,85.19921112
0.1698278934,0.3296658993,-0.0100562619,0.02815704048,1,-2.65506053,0.02989895269,0.5515927076,71.76750946,-1.444699526,1.020968556,109.6541443
0.1698278934,0.3345094621,-0.01762057655,0.0243603196,1,-1.496052504,0.03006509505,0.6334685683,39.71492004,-0.6406856179,2.270904779,125.8793869
0.1698278934,0.3393530548,-0.02040571906,0.02022599056,1,-0.3719538748,0.0287312381,0.5594651699,0,0.3468736708,2.441672802,135.2534485
0.1698278934,0.3441966176,-0.01774205454,0.01524370071,1,0.7116606832,0.02339125797,-0.4501215219,0,1.354598761,1.893387198,139.3313446
0.1698278934,0.3490402102,-0.01039763074,0.008875023574,1,0.5685707927,0.01367028803,-1.693441629,0,2.464063883,0.9362911582,139.5171967
0.1746714562,0.237637952,0.01525869407,0.002951249015,1,-0.1453690231,0.01554148085,0.07631324232,0,0.8115419149,0.04534146935,10.94665432
0.1746714562,0.2424815297,0.01687202416,0.003026256105,1,-0.2778008878,0.01714127883,0.02242560312,0,0.6891221404,-0.08390450478,10.16874599
0.1746714562,0.2473251075,0.01725096069,0.003466267139,1,-0.5465366244,0.0175957568,-0.06826879084,0,0.6147087216,-0.2197227031,11.36125946
0.1746714562,0.2521686852,0.01720222086,0.003759834915,1,-0.6820985079,0.01760831475,-0.05209581554,9.70274353,0.6143336296,-0.02831614017,12.32907104
0.1746714562,0.257012248,0.01692273654,0.003351088613,1,-0.9563082457,0.01725134254,0.1162706912,26.80159187,0.5013853312,0.2623816729,11.20096588
0.1746714562,0.2618558407,0.01499876659,0.003052134998,1,-1.448847175,0.01530615985,0.2751672864,46.42985535,0.2718458176,0.1290510297,11.5022068
0.1746714562,0.2666994035,0.01122183912,0.004058814142,1,-1.714145303,0.01193329971,0.3561674356,55.37791443,0.1950619221,-0.08259813488,19.88449287
0.1746714562,0.2715429962,0.007640968077,0.005177330226,1,-1.299889684,0.009229796007,0.2688217759,40.48500443,0.3676714003,-0.02267672122,34.12059402
0.1746714562,0.276386559,0.006706567481,0.005470709875,1,-0.9791275263,0.008654866368,0.06105322763,26.38369942,0.5704768896,-0.1416906267,39.20495987
0.1746714562,0.2812301517,0.005661636591,0.00615933584,1,-1.053423643,0.008366094902,0.01175613701,29.89263344,0.5490548611,-0.2678553462,47.41090393
0.1746714562,0.2860737145,0.004263618495,0.00682502985,1,-0.8673943877,0.008047327399,0.05262301862,17.64625359,0.6841033101,-0.3728795648,58.00684357
0.1746714562,0.2909172773,0.004773854744,0.008220284246,1,-0.4237169027,0.009505933151,0.1053079069,0,0.9147555828,-0.6233650446,59.85451126
0.1746714562,0.29576087,0.006642002612,0.01035441365,1,-0.1981922984,0.01230162941,0.1985042989,0,0.9518510699,-0.6813942194,57.32121658
0.1746714562,0.3006044328,0.008424259722,0.01248214114,1,-0.3542221487,0.01505895145,0.1812000275,0,0.9419680834,-0.7231184244,55.98438644
0.1746714562,0.3054480255,0.009488795884,0.01473455038,1,-0.4749213457,0.01752553135,0.1374182105,0,0.6588224173,-0.9024527669,57.2191658
0.1746714562,0.3102915883,0.009314998984,0.017518837,1,-0.5740622282,0.0198413413,0.228048861,15.67171574,0.2354352474,-1.152466774,61.99982452
0.1746714562,0.315135181,0.007848629728,0.02142118476,1,-0.2341438681,0.02281377092,0.0832913518,6.06735611,-0.1208062321,-1.594904423,69.877388
0.1746714562,0.3199787438,0.007595770527,0.02564730868,1,-0.6115220785,0.02674846165,-0.07992994785,0,-0.9595481157,-1.265041232,73.50268555
0.1746714562,0.3248223364,0.0002390291775,0.02716136351,1,-1.161766171,0.02716241591,0.05838759243,0,-1.910274863,-0.3859393001,89.49578857
0.1746714562,0.3296658993,-0.007283899467,0.02779944055,1,-0.7363954186,0.02873785049,0.3856035173,0,-1.67935133,0.8842782974,104.6823578
0.1746714562,0.3345094621,-0.01146179158,0.02474600077,1,-0.5020036697,0.02727154642,0.28908813,0,-0.9542720318,1.710594058,114.8525009
0.1746714562,0.3393530548,-0.01433748379,0.02091426589,1,-0.212549895,0.02535685338,0.2659352422,0,-0.3954083622,1.841637373,124.432045
0.1746714562,0.3441966176,-0.01440648455,0.017113965,1,-0.05275513232,0.02237039618,-0.067032516,0,0.2889503837,1.468215942,130.0905762
0.1746714562,0.3490402102,-0.01319345366,0.01347817108,1,-0.3024351895,0.01886076108,-0.7796123028,0,0.8033158779,0.7216675282,134.3883972
0.179515034,0.237637952,0.01523218863,0.005048097111,1,-0.1654083133,0.01604689471,-0.08102087677,0,0.6781741381,-0.1587338746,18.3357048
0.179515034,0.2424815297,0.01647399925,0.005236301571,1,-0.2348558754,0.01728616469,-0.0877327919,0,0.6467512846,-0.2371667624,17.63298988
0.179515034,0.2473251075,0.01722723618,0.005771892145,1,-0.2752402425,0.01816844568,0.02830148488,0,0.5308371186,-0.1791496575,18.52314758
0.179515034,0.2521686852,0.01771200262,0.00624110736,1,-0.4815566242,0.01877941564,0.1310891658,0,0.4809532464,-0.116575107,19.41072464
0.179515034,0.257012248,0.01722431369,0.006971471477,1,-0.9612288475,0.01858166791,0.1381568462,28.10386848,0.4365676343,-0.1333644539,22.03544235
0.179515034,0.2618558407,0.01517076511,0.007556241937,1,-1.415112019,0.01694841869,0.2285985351,45.16606522,0.3246993423,-0.1011704206,26.47693825
0.179515034,0.2666994035,0.01194281504,0.008568732999,1,-1.442449093,0.01469877642,0.2988059223,46.74790955,0.1226058602,0.03790596128,35.65869141
0.179515034,0.2715429962,0.008778002113,0.008819931187,1,-1.35725677,0.01244365331,0.1873809844,44.36059952,0.1655076742,0.05260816216,45.13651276
0.179515034,0.276386559,0.006170485634,0.009221515618,1,-1.305925488,0.01109555084,-0.01594505459,41.68360901,0.3658604324,-0.2595365644,56.21193695
0.179515034,0.2812301517,0.004224723671,0.009999785572,1,-1.150773525,0.01085559744,-0.03183884919,35.46361923,0.4311502874,-0.3777803779,67.09684753
0.179515034,0.2860737145,0.002684934298,0.01089711022,1,-0.8818071485,0.01122300699,-0.03373534977,14.95501614,0.7577499747,-0.353112042,76.15861511
0.179515034,0.2909172773,0.003623845056,0.01154670678,1,-0.3312322199,0.01210201252,0.07456503063,0,0.9767547846,-0.2585731447,72.57593536
0.179515034,0.29576087,0.005811573006,0.01251069084,1,0.02964022756,0.01379462797,0.3201637864,0,0.7566195726,-0.3632315993,65.08378601
0.179515034,0.3006044328,0.007432155311,0.01485678554,1,-0.02398258448,0.01661207341,0.2844866812,0,0.4900484681,-0.5320544243,63.42333984
0.179515034,0.3054480255,0.008068999276,0.01646567136,1,-0.2264529765,0.01833649538,0.1736654192,0,0.1941248477,-0.5836139321,63.89284515
0.179515034,0.3102915883,0.007275571581,0.01852472685,1,-0.3411494493,0.01990224794,0.1296039522,9.511269569,-0.1333198994,-0.6831246614,68.55762482
0.179515034,0.315135181,0.005770870019,0.02040218562,1,-0.1710619926,0.02120264433,0.07883566618,0,-0.509216547,-0.6431456804,74.20615387
0.179515034,0.3199787438,0.003980589565,0.0220216997,1,-6.073713303e-05,0.02237856947,-0.1136578023,0,-1.057116747,-0.6517169476,79.75399017
0.179515034,0.3248223364,0.0006503487239,0.02300831676,1,-0.09826600552,0.02301750705,0.2580960989,0,-1.529887795,-0.06564553082,88.38092041
0.179515034,0.3296658993,-0.00390549982,0.02358976752,1,-0.09933316708,0.02391087636,0.4232459962,0,-1.673189402,0.5963811874,99.40055847
0.179515034,0.3345094621,-0.007934975438,0.02216972597,1,-0.09718966484,0.02354698628,0.2071469128,0,-1.201859117,1.084486961,109.6932678
0.179515034,0.3393530548,-0.01019754354,0.0193403028,1,-0.009178191423,0.02186406218,0.1861823201,0,-0.61439991,1.274417162,117.8012848
0.179515034,0.3441966176,-0.0109553244,0.01689877547,1,-0.07095050812,0.02013920993,0.1133604646,0,-0.02830398269,1.168261766,122.9549866
0.179515034,0.3490402102,-0.01067829039,0.01423080638,1,-0.1696594805,0.01779161952,-0.01314401627,0,0.2840514183,1.088504791,126.8832626
0.1843586117,0.237637952,0.01409742329,0.007037206087,1,0.4883104563,0.01575625688,-0.1494167447,0,0.007572844625,-0.2564380169,26.52762985
0.1843586117,0.2424815297,0.01529834792,0.007296388969,1,0.03093279898,0.01694924012,-0.2699522078,0,0.4692950845,-0.3387772739,25.49832726
0.1843586117,0.2473251075,0.01652031578,0.007370565552,1,-0.08398389816,0.0180899445,-0.08271294087,0,0.4915695786,-0.3150695264,24.04411697
0.1843586117,0.2521686852,0.01727252081,0.008421826176,1,-0.3756906986,0.01921632513,0.04507645965,0,0.4635666013,-0.5228638649,25.99318123
0.1843586117,0.257012248,0.01694594882,0.01012142468,1,-0.6757546663,0.01973850094,0.138828963,18.98583221,0.3337458372,-0.4923616946,30.84889793
0.1843586117,0.2618558407,0.01561597455,0.01147904713,1,-1.107028723,0.01938110404,0.1197943985,35.54413223,0.2619469166,-0.1935802698,36.31900024
0.1843586117,0.2666994035,0.0128527293,0.01163927931,1,-1.364278078,0.01733970828,0.1537267119,45.05555725,-0.04224431515,-0.06799180806,42.16361618
0.1843586117,0.2715429962,0.008803374134,0.01255295798,1,-1.53032589,0.01533219311,0.1947422326,50.4720726,-0.01408582926,-0.2034873068,54.95806503
0.1843586117,0.276386559,0.005372250918,0.01356813498,1,-1.282325745,0.01459299028,0.05613572896,41.94368362,0.2240666151,-0.205767557,68.39910126
0.1843586117,0.2812301517,0.003677614033,0.01382150687,1,-0.925881505,0.01430240832,0.1752075553,28.4185524,0.3101470172,-0.0721751377,75.10002136
0.1843586117,0.2860737145,0.002389892936,0.01476635225,1,-0.473605305,0.01495850086,0.30751881,0,0.5159260631,0.1559539139,80.80656433
0.1843586117,0.2909172773,0.003882597201,0.01455562096,1,-0.0275632143,0.01506454963,0.08015431464,0,0.8623815179,0.2640592456,75.06454468
0.1843586117,0.29576087,0.006433400325,0.01387559436,1,0.07471174002,0.01529446803,0.08735607564,0,0.6153873801,0.001413498074,65.12526703
0.1843586117,0.3006044328,0.007225146051,0.01497189049,1,0.07219556719,0.01662408561,0.2270905375,0,0.1486696899,-0.3708264828,64.23894501
0.1843586117,0.3054480255,0.007503178436,0.0167716518,1,-0.06008818746,0.01837351359,0.2570227385,0,-0.06196368486,-0.4766467214,65.89756775
0.1843586117,0.3102915883,0.006633978337,0.01852547564,1,-0.1367353201,0.01967747323,0.2476830184,0,-0.3562532067,-0.3741001189,70.29753876
0.1843586117,0.315135181,0.005115350243,0.01978330687,1,-0.04663841426,0.02043394372,0.1924888492,0,-0.5201656818,-0.2208213806,75.50260925
0.1843586117,0.3199787438,0.003888618667,0.02052737586,1,-0.1099383533,0.02089245245,0.07146403939,0,-0.7043712139,-0.02018001489,79.27323914
0.1843586117,0.3248223364,0.001171178534,0.02022719197,1,-0.2484694719,0.02026106976,0.07060346007,0,-1.038569808,0.1430768222,86.686203
0.1843586117,0.3296658993,-0.002345256275,0.02017634548,1,-0.1195652485,0.02031219192,0.2425633669,0,-1.196994781,0.4142848253,96.63018036
0.1843586117,0.3345094621,-0.005205662455,0.01939544827,1,-0.0517000556,0.02008189075,0.2880073786,0,-0.9636031389,0.7408788204,105.0238876
0.1843586117,0.3393530548,-0.007262956351,0.0179828275,1,-0.04612067342,0.01939413883,0.334712863,0,-0.571849227,0.7630989552,111.9929428
0.1843586117,0.3441966176,-0.008198847994,0.01732052676,1,0.001910880208,0.01916303113,0.2903613448,0,-0.150954321,0.7666770816,115.3310089
0.1843586117,0.3490402102,-0.007984859869,0.01567575522,1,-0.1627271771,0.0175922513,0.1356410384,0,0.2510864437,0.8147946,116.9932175
0.1892021894,0.237637952,0.0132663995,0.002719607204,1,0.7458264828,0.01354228985,0.7842396498,0,-0.6388100982,-1.131673098,11.5851059
0.1892021894,0.2424815297,0.01352557074,0.00735954335,1,0.5788272619,0.01539818011,0.1844724715,17.46257401,-0.1588595062,-1.021252632,28.55152893
0.1892021894,0.2473251075,0.01530054584,0.008559630252,1,0.03609377146,0.01753208414,-0.1208451688,0,0.3504451513,-0.7291913033,29.22408867
0.1892021894,0.2521686852,0.015397802,0.01030611526,1,-0.3541674018,0.01852858067,-0.06414577365,0,0.3978138566,-0.745757699,33.79533768
0.1892021894,0.257012248,0.01551195048,0.0118610654,1,-0.2714188099,0.01952704415,-0.003033488989,7.504482269,0.1507591605,-0.8042732477,37.40299606
0.1892021894,0.2618558407,0.01481337752,0.01418698207,1,-0.4239204228,0.0205111336,-0.1253124475,11.14717007,-0.2272246182,-0.7676147819,43.76262665
0.1892021894,0.2666994035,0.01235807873,0.01497210655,1,-0.8785382509,0.01941355318,-0.1688439548,25.79514122,-0.3762641251,-0.5770083666,50.46349716
0.1892021894,0.2715429962,0.008735644631,0.01616395824,1,-1.061836004,0.01837348752,0.05638261139,33.10116577,-0.3652797937,-0.2627487183,61.61145401
0.1892021894,0.276386559,0.005445732269,0.01651784405,1,-0.6645985842,0.01739238761,0.03088269755,21.39447403,-0.1636890471,0.06750278175,71.75324249
0.1892021894,0.2812301517,0.004723769147,0.01598658599,1,-0.2555058897,0.0166698806,0.1543570608,4.61486578,0.1489871442,0.3252765536,73.53846741
0.1892021894,0.2860737145,0.004929800518,0.0156899821,1,-0.04318482429,0.01644622907,0.4185238779,0,0.1603095829,0.4452320039,72.55725861
0.1892021894,0.2909172773,0.005291070323,0.01585722342,1,0.05845803767,0.01671666652,0.2418299764,0,0.2123613656,0.357547462,71.54772186
0.1892021894,0.29576087,0.006241535302,0.01512949541,1,0.08571707457,0.01636637934,-0.02471633255,0,0.2125931382,0.1053588986,67.58185577
0.1892021894,0.3006044328,0.00673595909,0.01522719394,1,0.1761436164,0.01665054262,0.08132915944,5.159145355,-0.0184713155,-0.1926608384,66.13713837
0.1892021894,0.3054480255,0.007005233318,0.01645658724,1,0.2112196833,0.01788553968,0.08507215977,0,-0.2262289673,-0.3762151599,66.94153595
0.1892021894,0.3102915883,0.006663260516,0.01746147498,1,0.235369727,0.01868962683,0.07375961542,0,-0.5185475945,-0.2673172057,69.11325836
0.1892021894,0.315135181,0.005633639172,0.01810861938,1,0.1252670288,0.01896470413,0.1659357101,0,-0.6278444529,-0.1811306328,72.71894836
0.1892021894,0.3199787438,0.004228987731,0.01914251782,1,-0.2475908697,0.01960408874,0.08477535844,0,-0.5675737858,-0.1367106885,77.54225159
0.1892021894,0.3248223364,0.001685325755,0.01918140426,1,-0.5937095881,0.01925530098,0.1011876091,13.23094845,-0.4288799763,0.2604426444,84.97874451
0.1892021894,0.3296658993,-0.0007240045234,0.01837115362,1,-0.4304040372,0.01838541403,0.2210631967,0,-0.5269100666,0.5160014629,92.25684357
0.1892021894,0.3345094621,-0.002951485338,0.01775285229,1,-0.284291774,0.01799652725,0.2928563654,0,-0.5737934113,0.6184954047,99.43932343
0.1892021894,0.3393530548,-0.004880206659,0.01679389551,1,-0.08774520457,0.01748860627,0.3263388872,0,-0.5076806545,0.6555358768,106.2035522
0.1892021894,0.3441966176,-0.005835476797,0.01615836099,1,0.05143322796,0.01717979647,0.2430205345,0,-0.298063904,0.3583796024,109.8568268
0.1892021894,0.3490402102,-0.00607478153,0.01623514481,1,-0.3239011765,0.01733444259,0.01140647382,0,0.2250882834,-0.02029884234,110.5145798
0.1940457672,0.237637952,0.01241460256,0.0003306113358,1,0.2518244982,0.01241900399,0.5245992541,0,-0.7346346974,-0.8763214946,1.52547431
0.1940457672,0.2424815297,0.01124533825,0.003723345697,1,0.7495379448,0.01184571348,0.4131320715,0,-0.7519131899,-1.354680896,18.31977272
0.1940457672,0.2473251075,0.01240309794,0.008893150836,1,0.1483728737,0.01526187919,0.2628082633,0,0.2860894799,-1.459216356,35.64091873
0.1940457672,0.2521686852,0.01334969047,0.01206410583,1,-0.2976500094,0.01799324527,-0.0849673748,0,0.4282557666,-0.7607345581,42.10409927
0.1940457672,0.257012248,0.013035696,0.01216627657,1,-0.2755298615,0.01783108711,-0.4732922912,0,-0.1495027244,-0.549197495,43.02419281
0.1940457672,0.2618558407,0.01129101217,0.01243175846,1,-0.02943208814,0.01679391414,-0.5304884911,0,-0.7541953325,-0.9239592552,47.75303268
0.1940457672,0.2666994035,0.00924013555,0.01407208294,1,-0.1741627008,0.01683459617,-0.2829378545,0,-0.5457985997,-1.004516721,56.70994568
0.1940457672,0.2715429962,0.007803823799,0.01592678204,1,-0.3011198044,0.01773589663,0.006049707532,0,-0.3990541101,-0.3908151984,63.89600754
0.1940457672,0.276386559,0.005848788656,0.01599432901,1,-0.07804530859,0.01703017578,0.06813466549,0,-0.29421404,0.09829454124,69.91359711
0.1940457672,0.2812301517,0.006000756752,0.01578070037,1,0.1173248589,0.01688311622,0.2386293411,0,0.03231100366,0.2886617184,69.18023682
0.1940457672,0.2860737145,0.006573561579,0.01575199328,1,0.0682297051,0.01706859656,0.2898563743,0,0.09383523464,0.3888819814,67.34843445
0.1940457672,0.2909172773,0.006785728503,0.01530106366,1,0.1406766772,0.01673823968,0.1783239096,0,-0.08897165209,0.4388471842,66.08363342
0.1940457672,0.29576087,0.006823998876,0.01449012849,1,0.1216980219,0.0160165783,-0.01103302091,0,-0.1423080266,0.2515426576,64.78232574
0.1940457672,0.3006044328,0.006685902365,0.01402925793,1,0.1718644798,0.01554095745,0.006461469457,0,-0.3227847517,-0.02713078819,64.51900482
0.1940457672,0.3054480255,0.006093004718,0.01465283521,1,0.2702618837,0.01586916111,-0.1011542156,0,-0.4745396376,-0.2755213082,67.42127991
0.1940457672,0.3102915883,0.005696467124,0.01487381849,1,0.4257246256,0.0159273427,-0.04654298723,0,-0.6427650452,-0.3526633382,69.04385376
0.1940457672,0.315135181,0.005041752476,0.0161355529,1,0.1947663277,0.01690489054,0.3014219999,0,-0.6199481487,-0.5458226204,72.64794159
0.1940457672,0.3199787438,0.003637065878,0.01897751354,1,-0.1846755743,0.01932289451,0.3825849891,0,-0.2528088093,-0.6270001531,79.15074921
0.1940457672,0.3248223364,0.002922762884,0.02102555707,1,-0.629761517,0.0212277323,0.3309817612,0,0.1317221969,0.1799782217,82.08602905
0.1940457672,0.3296658993,0.00122477382,0.01970891096,1,-0.6596103907,0.01974692941,0.08931568265,0,-0.1072264016,0.7153698206,86.44403076
0.1940457672,0.3345094621,-0.0007914591697,0.01799322478,1,-0.4348736405,0.01801062189,0.05780634284,0,-0.335619539,0.8341071606,92.51861572
0.1940457672,0.3393530548,-0.002507169731,0.01594883762,1,-0.2894910276,0.01614469849,0.2457438707,0,-0.6384305954,0.7341255546,98.93382263
0.1940457672,0.3441966176,-0.005285919644,0.01562771015,1,-0.4603476524,0.01649746299,0.3597655594,0,-0.6794629097,-0.1328435838,108.6876068
0.1940457672,0.3490402102,-0.008027930744,0.01833482832,1,-0.9996094704,0.02001533285,0.1556619406,0,-0.1326125562,-0.9621522427,113.6462784
