PIVlab, ASCII chart output - 13-Mar-2024
FRAME: 79, filenames: A:[79]2 vortices tapados mismo sentido clase 4.mp4 & B:[80]2 vortices tapados mismo sentido clase 4.mp4, conversion factor xy (px -> m): 0.00030272, conversion factor uv (px/frame -> m/s): 0.0090842
x [m],y [m],u [m/s],v [m/s],Vector type [-],vorticity [1/s],magnitude [m/s],divergence [1/s],dcev [1],simple shear [1/s],simple strain [1/s],vector direction [degrees]
0.1262357086,0.237637952,0.002393621951,-0.007552251685,1,-0.006710350513,0.007922495715,0.8113836646,0,0.8495963216,1.155297995,-72.41442871
0.1262357086,0.2424815297,0.004434913862,-0.008385139517,1,0.4759773612,0.009485727176,0.456581533,0,0.3379972577,0.6587796807,-62.12556458
0.1262357086,0.2473251075,0.00633617118,-0.008531614207,1,0.3913940489,0.01062711235,0.05076453835,0,0.1216683686,0.2280648649,-53.39984894
0.1262357086,0.2521686852,0.006919971667,-0.009243907407,1,0.1378331482,0.01154711284,-0.1370453686,0,-0.02646782994,0.1786821634,-53.18154526
0.1262357086,0.257012248,0.006875576917,-0.01006086264,1,-0.1217834651,0.01218583249,-0.0535152778,0,0.02114629373,0.2224951982,-55.65136337
0.1262357086,0.2618558407,0.006432527676,-0.01058078557,1,-0.2256452739,0.01238266658,-0.05814963579,0,-0.02849663049,0.2634775043,-58.70273209
0.1262357086,0.2666994035,0.005644620862,-0.0116186887,1,-0.2868427038,0.0129172625,0.01322986931,0,-0.006687343121,0.2095337808,-64.08847809
0.1262357086,0.2715429962,0.005010792054,-0.01153159887,1,-0.2029656768,0.01257321797,0.2992582917,0,0.03238409013,0.2157761455,-66.51374817
0.1262357086,0.276386559,0.004818395711,-0.01121433638,1,-0.009866386652,0.01220566593,0.1484060287,0,-0.2849482298,0.2219025195,-66.74855042
0.1262357086,0.2812301517,0.003582834499,-0.01188758481,1,0.06062394381,0.01241577137,0.09220495075,0,-0.3218546212,0.3231584728,-73.22756958
0.1262357086,0.2860737145,0.003553104587,-0.01233297773,1,0.1901356131,0.01283459738,-0.1201992333,0,-0.2110583633,0.2421269715,-73.92842865
0.1262357086,0.2909172773,0.003481493797,-0.01364253461,1,-0.1548664719,0.01407975703,-0.166036278,0,-0.2000012249,0.3642862737,-75.68400574
0.1262357086,0.29576087,0.001834275317,-0.01490163617,1,-0.4080379009,0.01501410455,0.2666627467,0,-0.2448695004,0.5072112083,-82.98262787
0.1262357086,0.3006044328,0.0003190861316,-0.01480764989,1,0.01885257661,0.0148110874,0.6731408238,0,-0.3760173321,0.8863123059,-88.76554108
0.1262357086,0.3054480255,0.0001043201119,-0.0159341488,1,0.4326068759,0.01593448967,0.7700647116,0,-0.5487611294,1.080374956,-89.62489319
0.1262357086,0.3102915883,-0.000243516115,-0.01631066203,1,0.3402350843,0.01631247997,0.515252471,0,-0.5712451935,0.7761093378,-90.85535431
0.1262357086,0.315135181,-0.001014595153,-0.01719762944,1,0.1982867718,0.01722753234,0.02570185065,0,-0.5669056773,0.5739463568,-93.37631989
0.1262357086,0.3199787438,-0.00202895049,-0.01896612719,1,-0.2162556052,0.01907434501,-0.2900620103,0,-0.4192476273,0.3039585948,-96.10613251
0.1262357086,0.3248223364,-0.004092704505,-0.02007481456,1,-0.4216378331,0.02048776299,-0.5045030117,0,-0.4783228636,0.1027506888,-101.5231247
0.1262357086,0.3296658993,-0.006387980189,-0.02190740779,1,-1.256497383,0.02281974629,-0.6772179008,0,-0.145424664,-0.2126744241,-106.2561569
0.1262357086,0.3345094621,-0.01088300254,-0.0223248601,1,-1.51381588,0.02483624592,-0.1260229051,0,0.02457648516,-0.360953927,-115.988472
0.1262357086,0.3393530548,-0.01360122673,-0.0207695011,1,-0.8211839199,0.02482670918,0.489626497,0,0.2413064241,-1.099091768,-123.2193985
0.1262357086,0.3441966176,-0.01369168423,-0.01462977938,1,0.2582928538,0.0200372804,1.440868258,0,-1.00584507,-2.190714359,-133.1028748
0.1262357086,0.3490402102,-0.0172220543,-0.003179648193,1,2.052650213,0.01751311868,2.372107029,0,-3.510398865,-2.35584259,-169.5394745
0.1310792714,0.237637952,0.007156495005,-0.005478464067,1,-0.1970314682,0.009012713097,-0.03716880083,0,0.1885996163,1.301029205,-37.43490219
0.1310792714,0.2424815297,0.007136074826,-0.008719297126,1,-0.02462145314,0.01126719546,0.04050466418,0,-0.00532748457,0.8057172298,-50.70230865
0.1310792714,0.2473251075,0.007011434995,-0.009184830822,1,0.04894772917,0.01155514363,0.06701872498,0,-0.07274582237,0.257479459,-52.64292908
0.1310792714,0.2521686852,0.007020806894,-0.009641808458,1,0.06113918498,0.01192712039,0.0527911,1.106802225,-0.004698511213,0.1621912122,-53.93928528
0.1310792714,0.257012248,0.00728480937,-0.009714717977,1,-0.05897529796,0.0121426601,0.05534239858,0,0.04018339887,0.1506286263,-53.13474274
0.1310792714,0.2618558407,0.006929786876,-0.01010333467,1,-0.1320236772,0.0122515019,-0.08263759315,1.421859026,-0.09522643685,0.1703769714,-55.55412292
0.1310792714,0.2666994035,0.006184105761,-0.01094021369,1,-0.1077832282,0.01256707776,-0.03621410951,3.511502981,-0.03089402989,0.1409893036,-60.52210236
0.1310792714,0.2715429962,0.006258092821,-0.01096163318,1,-0.009621672332,0.01262224745,0.01950428635,0,-0.08718769252,0.2136398554,-60.27757263
0.1310792714,0.276386559,0.005715202074,-0.01188052446,1,-0.01257063448,0.01318371668,-0.06800064445,0,-0.3320793509,0.3144090474,-64.30982971
0.1310792714,0.2812301517,0.004588753916,-0.01281386428,1,-0.04897975922,0.01361072343,0.06026017666,0,-0.3364409506,0.354269594,-70.29711914
0.1310792714,0.2860737145,0.003848386928,-0.01330458187,1,0.06691806018,0.01384998113,0.05217723548,0,-0.1963975281,0.2458315641,-73.86734009
0.1310792714,0.2909172773,0.003961612005,-0.01375184115,1,-0.01760176197,0.01431109756,0.01962781698,0,-0.01129381917,0.2677700222,-73.92943573
0.1310792714,0.29576087,0.003708428936,-0.01450647786,1,-0.06117593497,0.01497298665,0.1499020308,0,0.08886798471,0.5653175712,-75.66004944
0.1310792714,0.3006044328,0.004095740616,-0.01576393843,1,0.1479776949,0.01628732122,0.1479148865,0,0.03313874826,0.933352828,-75.43560028
0.1310792714,0.3054480255,0.004585680552,-0.01831080765,1,-0.02434435487,0.01887628622,0.1690438092,0,-0.2258551419,0.7376585007,-75.94026184
0.1310792714,0.3102915883,0.002883879934,-0.0185180679,1,-0.1930182874,0.0187412817,0.3737330437,0,-0.66338557,0.52650249,-81.14823914
0.1310792714,0.315135181,0.000437621813,-0.01905075833,1,-0.2344460189,0.01905578375,0.291596204,0,-0.7729035616,0.4855977595,-88.68406677
0.1310792714,0.3199787438,-0.001995295985,-0.01945772953,1,-0.4210633636,0.01955976523,0.1334351599,0,-0.7151386142,0.3732031882,-95.85493469
0.1310792714,0.3248223364,-0.005065660924,-0.02021209337,1,-0.3329013288,0.02083721757,0.03147483245,0,-1.01895237,-0.01830181479,-104.0699539
0.1310792714,0.3296658993,-0.008543104865,-0.01921663247,1,-0.6607556343,0.02103006467,-0.09977388382,0,-0.7837787867,-0.4327690601,-113.9684067
0.1310792714,0.3345094621,-0.01206235401,-0.01859921031,1,-0.7995755672,0.0221682433,-0.09897062182,20.78492165,-0.5494506359,-0.3096105456,-122.9650726
0.1310792714,0.3393530548,-0.01507721841,-0.01819638163,1,-0.529464066,0.02363114059,-0.1957652271,16.59842873,-0.1818476766,-0.383222729,-129.6445923
0.1310792714,0.3441966176,-0.01550764777,-0.0176912453,1,0.2678616047,0.02352588624,-0.2746730447,0,-0.7025499344,-0.5934962034,-131.2368927
0.1310792714,0.3490402102,-0.01718266495,-0.01665213704,1,1.112794518,0.02392775938,-0.3821488023,0,-1.804437041,-0.8112139106,-135.8983307
0.1359228492,0.237637952,0.008515219204,-0.005684420466,1,-0.06179178506,0.0102382414,-0.4157892168,0,0.06940183789,0.660798192,-33.72549438
0.1359228492,0.2424815297,0.008533649147,-0.008291687816,1,-0.2496972084,0.01189853996,-0.1913551092,3.68151021,0.1243109107,0.5181668997,-44.17609787
0.1359228492,0.2473251075,0.007907900959,-0.00912104547,1,-0.1769346893,0.01207180135,0.03830224276,5.898552895,0.05875851959,0.3007341027,-49.07487488
0.1359228492,0.2521686852,0.007961253636,-0.009562796913,1,-0.06123038381,0.01244301628,0.1271364391,0,0.05406852067,0.2220117152,-50.22182083
0.1359228492,0.257012248,0.007873211987,-0.009580580518,1,-0.1297744066,0.01240060478,0.000849634409,3.084638357,-0.09810552001,0.1742253304,-50.58702087
0.1359228492,0.2618558407,0.00685749948,-0.01040255558,1,-0.1170666814,0.01245947275,-0.152656734,0,-0.2382708788,0.1912398934,-56.60661316
0.1359228492,0.2666994035,0.006152106915,-0.0112462705,1,-0.02870171517,0.01281900983,-0.1009450704,0,-0.1194237843,0.2097219378,-61.31978607
0.1359228492,0.2715429962,0.006140042096,-0.01190729532,1,0.1125850081,0.01339715626,-0.1398100704,0,-0.1415336132,0.173105076,-62.72193527
0.1359228492,0.276386559,0.00601189211,-0.01276189927,1,0.05087240413,0.01410705131,-0.1083675995,0,-0.1643016785,0.1750237346,-64.77575684
0.1359228492,0.2812301517,0.005590638611,-0.01327992324,1,-0.08329771459,0.0144087337,0.03394326568,0,-0.1263326406,0.2087037563,-67.16967773
0.1359228492,0.2860737145,0.004996531177,-0.01360836532,1,-0.07380354404,0.01449665241,0.1790127158,0,-0.07425136864,0.2475693524,-69.83847809
0.1359228492,0.2909172773,0.004873525351,-0.01361198165,1,-0.0150992088,0.01445812173,0.1741224676,0,0.07744163275,0.2910861373,-70.30101013
0.1359228492,0.29576087,0.005298491567,-0.01417488791,1,-0.03013598174,0.01513279416,0.1152364761,0,0.171097219,0.4769316912,-69.50455475
0.1359228492,0.3006044328,0.005556282122,-0.01536388043,1,-0.1993460357,0.01633772068,-0.00647354126,7.130924702,0.03366374224,0.5582520962,-70.11769104
0.1359228492,0.3054480255,0.004495996516,-0.01691018045,1,-0.4360114932,0.01749766245,-0.1640706956,13.77554035,0.1388253421,0.5017673969,-75.11093903
0.1359228492,0.3102915883,0.004116837867,-0.01858891919,1,-0.301454097,0.01903933473,-0.0796816498,10.33707809,-0.05906414986,0.5181215405,-77.51241302
0.1359228492,0.315135181,0.002749798354,-0.01980568655,1,-0.3959346414,0.01999566518,0.3058590293,0,-0.3662808537,0.6778117418,-82.09564972
0.1359228492,0.3199787438,0.0004249878402,-0.02039050125,1,-0.5989657044,0.02039493062,0.1837164462,0,-0.8005573153,0.9253302813,-88.80599213
0.1359228492,0.3248223364,-0.004028900061,-0.02339775115,1,-0.6656522751,0.02374208905,0.09142774343,0,-1.273488164,0.5276296735,-99.77004242
0.1359228492,0.3296658993,-0.008967389353,-0.02250327915,1,-0.3931767344,0.02422419563,0.3405421972,0,-1.43050015,-0.1310918033,-111.7269211
0.1359228492,0.3345094621,-0.0128619941,-0.02111336216,1,-0.1468403935,0.02472255938,0.1075080931,0,-1.388843775,-0.5980618,-121.3492355
0.1359228492,0.3393530548,-0.01640559547,-0.01908579655,1,-0.2412219346,0.02516766079,-0.2823801339,0,-0.7982429266,-0.6505638361,-130.6813965
0.1359228492,0.3441966176,-0.017896723,-0.0193300359,1,-0.4734255672,0.02634279802,-0.5971078873,0,-0.8885005116,-0.963847518,-132.7950897
0.1359228492,0.3490402102,-0.02300219052,-0.01730946451,1,-1.598325849,0.02878746763,-0.2160991132,0,-0.5098067522,-1.050426602,-143.0380402
0.1407664269,0.237637952,0.0083432151,-0.004843017552,1,0.1690409482,0.00964697171,-0.5119594336,0,-0.01386722177,0.3406095207,-30.13404083
0.1407664269,0.2424815297,0.008719013073,-0.0069077597,1,-0.08880950511,0.01112377364,-0.2862544358,0,0.1528879404,0.3744585812,-38.38851547
0.1407664269,0.2473251075,0.008653583936,-0.008043232374,1,-0.1500164866,0.01181431767,-0.09015008807,0,0.1485547721,0.3590198457,-42.90648651
0.1407664269,0.2521686852,0.008711933158,-0.009083349258,1,-0.135890618,0.01258590538,-0.05187985301,4.442895412,0.02836966142,0.2615449131,-46.19567871
0.1407664269,0.257012248,0.008132798597,-0.009561327286,1,-0.123331055,0.0125523461,-0.09869793057,0,-0.206025824,0.2330913842,-49.61574173
0.1407664269,0.2618558407,0.007116667461,-0.01069039665,1,-0.1022567004,0.01284256764,-0.08438635617,0,-0.191291526,0.2910191715,-56.34803391
0.1407664269,0.2666994035,0.006710974965,-0.0113796331,1,-0.08757209033,0.01321110316,-0.04506626725,1.800199151,-0.05639333278,0.2650515735,-59.47063446
0.1407664269,0.2715429962,0.006419359706,-0.01219247654,1,-0.03478352726,0.01377913821,-0.09216354042,0,-0.10414657,0.2264240384,-62.23311996
0.1407664269,0.276386559,0.006038056221,-0.01292273682,1,-0.1074336916,0.01426377427,-0.01497687399,3.728233814,-0.02786424384,0.1563491225,-64.95600128
0.1407664269,0.2812301517,0.005764033645,-0.01302230731,1,-0.1214398369,0.01424094662,0.03642126918,2.3577075,0.0959450677,0.1157044172,-66.12449646
0.1407664269,0.2860737145,0.005914570298,-0.01330675092,1,-0.06350057572,0.0145619968,0.1421162486,0,0.1565833688,0.2001943588,-66.03586578
0.1407664269,0.2909172773,0.006214885972,-0.01330361236,1,-0.05530964583,0.01468369458,0.2071666718,0,0.1920001805,0.2536278367,-64.96000671
0.1407664269,0.29576087,0.006576641463,-0.01353178918,1,-0.1199736595,0.01504531596,0.08621580899,0,0.2342357039,0.3611623645,-64.07959747
0.1407664269,0.3006044328,0.006768323015,-0.01463533752,1,-0.2833645046,0.01612461731,0.08682096004,6.146754265,0.2100095451,0.4986552596,-65.18113708
0.1407664269,0.3054480255,0.006221340969,-0.01552654058,1,-0.5173608661,0.01672658324,0.1334207654,17.27040863,0.1538226604,0.6926552653,-68.16448212
0.1407664269,0.3102915883,0.005007497501,-0.01734403335,1,-0.4746476412,0.01805243827,-0.01338174939,14.31010056,0.2642177939,0.6845707893,-73.89573669
0.1407664269,0.315135181,0.005202107597,-0.0189071279,1,-0.5094604492,0.01960972883,0.1256777346,16.79522896,0.1727178097,0.7636609077,-74.61629486
0.1407664269,0.3199787438,0.003376458306,-0.0204341542,1,-0.7500894666,0.02071123198,0.1285552084,0,-0.750725925,1.005813003,-80.6174469
0.1407664269,0.3248223364,-0.00206720829,-0.02315619402,1,-1.058888555,0.02324828319,0.2004593611,0,-1.192561507,0.9864145517,-95.10140228
0.1407664269,0.3296658993,-0.00752861565,-0.02424098924,1,-0.8663152456,0.02538317628,0.3384251297,0,-1.687833667,0.6395994425,-107.2534256
0.1407664269,0.3345094621,-0.01443838887,-0.02461495064,1,-0.6008521914,0.02853704244,-0.09986102581,0,-1.890568256,-0.7908034325,-120.3945999
0.1407664269,0.3393530548,-0.01959600486,-0.02089435607,1,-0.7126944065,0.02864572406,-0.02193880081,0,-1.069019079,-1.036324739,-133.1634064
0.1407664269,0.3441966176,-0.02306825668,-0.01970169321,1,-0.6217253208,0.03033646569,0.09812963009,21.64901733,-0.1465447843,-1.866233587,-139.5006561
0.1407664269,0.3490402102,-0.02331718057,-0.01137981005,1,-1.215111971,0.02594592609,1.592633963,0,1.112327099,-1.843610048,-153.9855957
0.1456100047,0.237637952,0.007685272489,-0.006570350379,1,0.4463987648,0.01011102926,-0.166200012,0,0.08031949401,0.06117615476,-40.52804184
0.1456100047,0.2424815297,0.008960872889,-0.007121007424,1,0.167911768,0.01144578494,-0.07267016172,1.323014617,0.1469216347,0.1553724408,-38.47338867
0.1456100047,0.2473251075,0.009210192598,-0.007674892433,1,-0.06690325588,0.01198881213,-0.07157700509,0,0.07018797845,0.2682920098,-39.80458832
0.1456100047,0.2521686852,0.008976782672,-0.008767189458,1,-0.06363244355,0.01254775841,-0.1426482946,0,-0.07800593972,0.3334935904,-44.32324982
0.1456100047,0.257012248,0.008524157107,-0.009981119074,1,-0.03627532721,0.01312569994,-0.1310765147,0,-0.1946368515,0.295594275,-49.5017395
0.1456100047,0.2618558407,0.00785834156,-0.01083380263,1,-0.1412865371,0.01338375174,-0.004857040942,2.128713369,-0.1284591705,0.2251660526,-54.04460144
0.1456100047,0.2666994035,0.007217622828,-0.01109525375,1,-0.1386867166,0.01323626656,-0.06772904098,3.238485336,-0.08181110024,0.2232661694,-56.95541763
0.1456100047,0.2715429962,0.006790343206,-0.01224326063,1,-0.06719225645,0.01400022116,-0.036134094,1.443137765,-0.04036940262,0.228390336,-60.98642349
0.1456100047,0.276386559,0.006696639583,-0.01237649843,1,-0.1500738859,0.01407205407,0.09543519467,3.710809231,0.0545098111,0.0920785591,-61.58319855
0.1456100047,0.2812301517,0.00632747123,-0.01222700253,1,-0.1325399727,0.01376722474,0.04419110715,0.6029115319,0.123847954,0.07843711972,-62.63844299
0.1456100047,0.2860737145,0.006654539146,-0.01254237164,1,-0.07717008144,0.01419837959,0.05303160101,0,0.2377849519,0.09166324884,-62.05116272
0.1456100047,0.2909172773,0.007105419412,-0.01241411734,1,-0.1400712878,0.01430375129,0.07363574207,0,0.3074812889,0.05647399649,-60.21464157
0.1456100047,0.29576087,0.007465402596,-0.01245924737,1,-0.09915402532,0.01452463679,0.04261167347,0,0.3647969663,0.1582426429,-59.07056427
0.1456100047,0.3006044328,0.008392081596,-0.01297418494,1,-0.2418530881,0.01545174792,0.04102286696,0,0.4548686445,0.2887743413,-57.10403442
0.1456100047,0.3054480255,0.008497159928,-0.01365925092,1,-0.5421727896,0.01608654298,0.07548005879,15.35861397,0.3306994438,0.4958267808,-58.11504745
0.1456100047,0.3102915883,0.007367793936,-0.01501016691,1,-0.6725699306,0.01672093011,0.214677304,18.70723534,0.3753142953,0.8014856577,-63.85572433
0.1456100047,0.315135181,0.007057379,-0.01650150307,1,-0.5432701111,0.01794731803,-0.06180098653,17.47809792,0.2442338765,1.049653649,-66.8445282
0.1456100047,0.3199787438,0.005919388495,-0.02039358392,1,-0.7423905134,0.02123528719,-0.05798339844,23.49035454,-0.3595970571,1.499481797,-73.8142395
0.1456100047,0.3248223364,0.001719816122,-0.02404520661,1,-0.9845459461,0.02410663292,0.2998066545,0,-1.110938072,1.556890726,-85.90892792
0.1456100047,0.3296658993,-0.004230251536,-0.02648236789,1,-1.726628423,0.02681810595,0.2672061324,0,-2.17459321,0.9516187906,-99.07566071
0.1456100047,0.3345094621,-0.01717599668,-0.02736020274,1,-2.002845049,0.03230473027,0.1212807,44.98239899,-1.569127321,-1.049483061,-122.1194916
0.1456100047,0.3393530548,-0.02153137699,-0.02081168257,1,-1.348656654,0.02994538844,0.6458420753,37.71712875,-0.5682476759,-1.487238407,-135.9737549
0.1456100047,0.3441966176,-0.0264606718,-0.01702846214,1,-1.064337254,0.03146642074,0.8587886095,13.36692429,0.509698689,-2.191714764,-147.2371674
0.1456100047,0.3490402102,-0.02421781234,-0.006036332808,1,-0.5219262838,0.02495876141,1.192476511,0,1.448040247,-3.34635663,-166.0041199
0.1504535824,0.237637952,0.007834523916,-0.00661615096,1,0.1635531634,0.01025442407,0.06482220441,0,0.3670727611,0.2272129655,-40.18064499
0.1504535824,0.2424815297,0.00911958795,-0.007009427063,1,0.1077763811,0.01150212809,0.05147259682,0,0.258040905,0.2090151012,-37.54632187
0.1504535824,0.2473251075,0.009606388398,-0.007379220333,1,0.01946415752,0.01211344637,-0.06916980445,0,0.08721714467,0.373383522,-37.52994156
0.1504535824,0.2521686852,0.009636307135,-0.009152968414,1,-0.07019533962,0.01329041924,-0.162541613,0,-0.06952293962,0.446336329,-43.52643967
0.1504535824,0.257012248,0.008929653093,-0.01032836363,1,-0.1761204898,0.01365334354,-0.0589863658,4.014031887,-0.1237726808,0.2456020713,-49.15409851
0.1504535824,0.2618558407,0.008183751255,-0.01062826626,1,-0.2199957371,0.01341394149,0.005101181567,7.402805805,-0.08253312111,0.1652695537,-52.40377808
0.1504535824,0.2666994035,0.007464331109,-0.01110415161,1,-0.07276418805,0.01337977685,-0.08276577294,0,-0.09925401211,0.2133565992,-56.09057999
0.1504535824,0.2715429962,0.007350567728,-0.01206255797,1,-0.1005846336,0.01412572619,-0.03385240957,3.431624889,-0.006368838251,0.1370270997,-58.64310455
0.1504535824,0.276386559,0.006946293637,-0.01193181984,1,-0.1483354717,0.01380649582,-0.001075133681,4.978894234,-0.05659046769,-0.05931420997,-59.79351044
0.1504535824,0.2812301517,0.006357992999,-0.01178047247,1,-0.1139556915,0.01338669471,-0.0776270926,2.535837173,0.04564200714,-0.1087152809,-61.64399338
0.1504535824,0.2860737145,0.006615411025,-0.01178124174,1,-0.109542802,0.01351152547,-0.02534358203,0,0.2101071328,-0.1584307104,-60.68488693
0.1504535824,0.2909172773,0.006845082622,-0.01113585662,1,-0.1837114096,0.01307143643,-0.009842664003,0,0.3765614033,-0.1123774499,-58.42143631
0.1504535824,0.29576087,0.007549494971,-0.01128460653,1,-0.146252647,0.01357708406,-0.005823869258,0,0.4602021575,0.01995355636,-56.21715164
0.1504535824,0.3006044328,0.008365721442,-0.01126071159,1,-0.2200277448,0.01402814779,-0.01342959702,0,0.5171252489,-0.01051655598,-53.39088821
0.1504535824,0.3054480255,0.008988509886,-0.01129871607,1,-0.3070152998,0.01443794649,0.03830311447,0,0.6298428774,0.2463751435,-51.49656677
0.1504535824,0.3102915883,0.009929361753,-0.01226852462,1,-0.4849395752,0.01578318514,0.0752351284,0,0.6910555363,0.858555913,-51.01549911
0.1504535824,0.315135181,0.00998684857,-0.01509279106,1,-0.6722433567,0.01809777692,-0.2189514339,0,0.7608361244,1.084122419,-56.50753021
0.1504535824,0.3199787438,0.0103584677,-0.01858006418,1,-1.416059256,0.02127243765,-0.4340656102,39.81178665,0.7840886116,1.357088327,-60.86014175
0.1504535824,0.3248223364,0.00692584971,-0.02376838401,1,-2.798613071,0.02475688793,-0.106110394,100.8657455,0.3244893551,1.510603189,-73.75444794
0.1504535824,0.3296658993,-0.001625142293,-0.02641074173,1,-4.777633667,0.02646069415,0.3130415082,171.9105988,-0.5614230633,0.05410429835,-93.52116394
0.1504535824,0.3345094621,-0.0189342089,-0.02251420543,1,-4.815226555,0.02941757441,0.3988071084,173.9892883,0.2635843754,-1.520509243,-130.0634918
0.1504535824,0.3393530548,-0.02367137372,-0.0171143841,1,-2.71489048,0.02921020426,0.3030712605,96.07061005,0.5284531116,-1.851633072,-144.1331024
0.1504535824,0.3441966176,-0.02952438779,-0.01207772736,1,-2.30797863,0.03189923242,1.26350069,69.6472168,0.2272248268,-1.89041996,-157.7516937
0.1504535824,0.3490402102,-0.03374966606,-0.001838124008,1,-1.022368073,0.03379968554,1.975214839,0,-0.722319603,-2.252887726,-176.8825531
0.1552971601,0.237637952,0.009099767543,-0.005584587343,1,-0.07974627614,0.01067676861,0.1460235119,0,0.5433696508,0.4799098372,-31.53771591
0.1552971601,0.2424815297,0.01022256538,-0.006393189542,1,-0.07196348906,0.01205710229,0.08575475216,0,0.3989754319,0.4495639801,-32.02185059
0.1552971601,0.2473251075,0.0106836753,-0.007346725557,1,-0.1414665729,0.01296592783,-0.05396874249,0,0.1680582911,0.4354923964,-34.51470947
0.1552971601,0.2521686852,0.0103513645,-0.008763932623,1,-0.2234805822,0.01356308442,-0.1023707241,7.095855236,-0.03575599194,0.3891763687,-40.25276184
0.1552971601,0.257012248,0.009428044781,-0.009727568366,1,-0.3241521716,0.01354672015,-0.06545755267,11.50497437,-0.02018399537,0.2244230211,-45.89582062
0.1552971601,0.2618558407,0.008683545515,-0.01016799174,1,-0.3535917401,0.01337131299,-0.1247425377,11.97171021,0.0278211683,0.1841181815,-49.50241089
0.1552971601,0.2666994035,0.007850149646,-0.01122355927,1,-0.2504348159,0.01369646471,-0.09407336265,8.318626404,-0.03725908697,0.2401686907,-55.02971649
0.1552971601,0.2715429962,0.007290077861,-0.01178691909,1,-0.3210467398,0.01385917328,-0.1226259694,10.74307442,0.02250492573,0.02366364747,-58.26367188
0.1552971601,0.276386559,0.006404139102,-0.01193212438,1,-0.3677237928,0.01354210451,-0.1040437967,12.79182911,-0.0173573494,-0.1727823168,-61.7769165
0.1552971601,0.2812301517,0.005424907431,-0.01145397872,1,-0.315458566,0.01267372258,-0.0662266314,9.005167007,0.1833815873,-0.2598855495,-64.65652466
0.1552971601,0.2860737145,0.005764414091,-0.01099412236,1,-0.195559293,0.01241366938,0.003121986985,0,0.4202966392,-0.35892272,-62.33118057
0.1552971601,0.2909172773,0.006513436791,-0.009700392373,1,-0.1389512122,0.01168428268,0.08082503825,0,0.5042651892,-0.2231415808,-56.12017441
0.1552971601,0.29576087,0.007533840835,-0.009521836415,1,-0.2597693205,0.01214183401,0.05881807953,0,0.623686254,-0.00243113935,-51.64835358
0.1552971601,0.3006044328,0.008276096545,-0.009403727017,1,-0.2504339814,0.01252692565,0.2218935788,0,0.7339980602,0.1392416954,-48.64941406
0.1552971601,0.3054480255,0.009876021184,-0.009121505544,1,-0.1915513575,0.0134438714,0.2777625024,0,0.9378151894,0.2592671216,-42.72560501
0.1552971601,0.3102915883,0.01189068332,-0.009314143099,1,-0.5899218917,0.01510435715,0.08789921552,0,0.8731589913,0.1784863174,-38.07210922
0.1552971601,0.315135181,0.01124790218,-0.009560271166,1,-1.397404313,0.01476191357,-0.08892531693,31.69728661,1.087599635,-0.00162351504,-40.3632164
0.1552971601,0.3199787438,0.01039012056,-0.009736996144,1,-2.214764118,0.01423951238,-0.1730237305,53.19277573,1.652098179,-0.3055813015,-43.1414032
0.1552971601,0.3248223364,0.008522585966,-0.008918218315,1,-4.29041481,0.01233568322,0.132377401,143.8986359,1.639053583,-0.6266015172,-46.29949188
0.1552971601,0.3296658993,-0.002451952314,-0.006060822867,1,-7.054709435,0.006538015325,0.2485325634,255,0.6272847652,-1.02276969,-112.0261688
0.1552971601,0.3345094621,-0.02260904759,-0.002760586329,1,-6.299141884,0.02277695946,0.06583562493,226.8193359,0.8114619255,-0.1320610493,-173.0385895
0.1552971601,0.3393530548,-0.02903195657,-0.005102294963,1,-3.184262514,0.02947690524,-0.5405693054,94.28801727,1.762141228,-0.1300418079,-170.032196
0.1552971601,0.3441966176,-0.02949720435,-0.004749007989,1,-0.8707020283,0.02987705171,0.4600696862,0,1.586952209,0.352861613,-170.8539429
0.1552971601,0.3490402102,-0.02556274273,-0.00458302442,1,1.844369531,0.0259703286,1.586171031,0,-0.2197648287,1.517633557,-169.8356934
0.1601407379,0.237637952,0.01086628065,-0.003598040668,1,-0.1042176783,0.0114464825,0.02771565318,0,0.4536144435,0.4944603741,-18.32073021
0.1601407379,0.2424815297,0.01171244588,-0.00472839782,1,-0.2624906003,0.01263087988,0.006878644228,0,0.3838982284,0.4780122042,-21.98427963
0.1601407379,0.2473251075,0.01145432796,-0.005880012643,1,-0.4319930971,0.0128754098,-0.1578280777,10.10994434,0.2901612818,0.5679395199,-27.1734333
0.1601407379,0.2521686852,0.01102547254,-0.008243709803,1,-0.3791332245,0.01376661938,-0.09080843627,13.35253525,0.01685641706,0.5236262083,-36.78534698
0.1601407379,0.257012248,0.009699614719,-0.008856070228,1,-0.5927457213,0.01313440129,0.01098725945,21.38887405,0.06542253494,0.1218873784,-42.3971138
0.1601407379,0.2618558407,0.008471341804,-0.008780863136,1,-0.5117026567,0.01220111363,-0.1549448967,16.21087646,0.1963036954,0.09601592273,-46.02782822
0.1601407379,0.2666994035,0.008171955124,-0.01007161848,1,-0.5149791241,0.01296990179,-0.1399460137,16.70112038,0.1846229434,0.1940376163,-50.94466019
0.1601407379,0.2715429962,0.006871236023,-0.01039853878,1,-0.6988612413,0.01246368699,-0.08586195856,24.42617607,0.1689863205,-0.05217317492,-56.54372406
0.1601407379,0.276386559,0.005605464801,-0.01023479272,1,-0.7506399155,0.01166928466,0.006150260568,24.68022156,0.3185640872,-0.2073773146,-61.29104233
0.1601407379,0.2812301517,0.00477844337,-0.009364301339,1,-0.6088609695,0.01051302347,0.06810217351,14.20486069,0.4615726471,-0.2284755111,-62.96555328
0.1601407379,0.2860737145,0.004892062396,-0.008798295632,1,-0.3423316479,0.01006689016,0.0287239626,0,0.6266921759,-0.2487398386,-60.92489624
0.1601407379,0.2909172773,0.006155761424,-0.008020387962,1,-0.1057987511,0.01011039224,0.06066468358,0,0.7108364105,-0.3094697595,-52.4932518
0.1601407379,0.29576087,0.007822609507,-0.007005520631,1,-0.1518704295,0.01050097775,0.02710771561,0,0.9692717195,-0.2883305252,-41.84596634
0.1601407379,0.3006044328,0.01011490822,-0.006492538378,1,-0.3227621317,0.01201933529,0.1437602192,0,1.100502372,-0.09923762083,-32.69551849
0.1601407379,0.3054480255,0.01158965472,-0.005828541704,1,-0.7614367604,0.01297274046,0.1451830417,0,0.9895144701,-0.125393793,-26.69823456
0.1601407379,0.3102915883,0.0112196207,-0.005181978457,1,-1.275077701,0.01235851087,0.04620084167,34.35383987,0.8536150455,-0.5261158943,-24.79067993
0.1601407379,0.315135181,0.009548268281,-0.003056481248,1,-1.693995833,0.01002554223,0.174305588,48.20999908,1.037598014,-0.9264018536,-17.75030899
0.1601407379,0.3199787438,0.00804030709,0.0001493835443,1,-2.333770752,0.00804169476,0.2355343103,69.9040451,1.29812479,-1.417776108,1.06439507
0.1601407379,0.3248223364,0.004532036837,0.004951456096,1,-3.577806473,0.006712397095,0.2300865054,126.2862778,0.8080507517,-1.968331575,47.53232193
0.1601407379,0.3296658993,-0.005375219975,0.01079759281,1,-4.864471436,0.01206155028,0.05393517017,176.622345,-0.04658532143,-1.386141539,116.4648743
0.1601407379,0.3345094621,-0.01925497688,0.0119265588,1,-4.099419117,0.02264943533,0.3021026552,147.9148712,-0.3485969305,1.118376493,148.2258759
0.1601407379,0.3393530548,-0.0269195307,0.006843906827,1,-2.314936876,0.02777589113,-0.4921794534,73.53913116,1.007656455,2.006066322,165.7355652
0.1601407379,0.3441966176,-0.02558689192,-0.0001738883293,1,-0.2097858787,0.02558748238,-1.287167549,0,1.903447866,2.569449902,-179.6106262
0.1601407379,0.3490402102,-0.01871614717,-0.01183591969,1,1.173911691,0.02214459516,-1.60187912,0,1.663133264,3.213567734,-147.6911163
0.1649843156,0.237637952,0.01162896771,-0.002882684115,1,0.067215994,0.01198093314,-0.05594297126,0,0.3218369484,0.100829944,-13.92230892
0.1649843156,0.2424815297,0.01257117186,-0.003262354992,1,-0.1533832997,0.01298758388,0.1106002331,0,0.3683306575,0.310087204,-14.54796028
0.1649843156,0.2473251075,0.01267008204,-0.003848914756,1,-0.3847501576,0.01324179489,-0.1284490079,1.800836205,0.3592688143,0.6114112735,-16.89772224
0.1649843156,0.2521686852,0.01244775113,-0.006845925935,1,-0.7306566238,0.01420609746,-0.06600290537,25.46531105,0.194182843,0.4895303249,-28.80960083
0.1649843156,0.257012248,0.01007163338,-0.006539679132,1,-0.8754765987,0.01200854685,0.1695397645,31.156147,0.0393936336,0.1474036425,-32.99633408
0.1649843156,0.2618558407,0.008398118429,-0.006738707889,1,-0.585919261,0.01076747756,0.000788345933,20.23124123,0.1813656539,0.268215239,-38.7437973
0.1649843156,0.2666994035,0.008112146519,-0.007834982127,1,-0.6346538663,0.01127802581,-0.08568140864,20.65983963,0.2678537965,0.08871942759,-44.00428772
0.1649843156,0.2715429962,0.006621493958,-0.0075834319,1,-0.818667531,0.01006740425,0.05890470371,28.04832458,0.2648070157,-0.1644075215,-48.87407684
0.1649843156,0.276386559,0.005429480225,-0.006753352005,1,-0.8288879395,0.008665276691,0.1828234196,25.05288696,0.4214686155,-0.08850118518,-51.201828
0.1649843156,0.2812301517,0.004648126662,-0.006269250065,1,-0.6873824,0.0078043947,0.07777735591,15.34586525,0.5365166068,-0.01570143178,-53.44614792
0.1649843156,0.2860737145,0.004698750097,-0.006300580222,1,-0.5449692011,0.0078597432,0.005505956709,0,0.6812744737,-0.1027394906,-53.28572464
0.1649843156,0.2909172773,0.005308330059,-0.005744956434,1,-0.3913317323,0.007821949199,0.05705170333,0,0.7154387832,-0.3990331888,-47.26211929
0.1649843156,0.29576087,0.006268587895,-0.004091497511,1,-0.2817376852,0.007485689595,0.02708470821,0,0.9389822483,-0.6407939196,-33.1324234
0.1649843156,0.3006044328,0.008491745219,-0.002510034479,1,-0.4573432505,0.008854942396,-0.06450265646,0,1.221919417,-0.7769637108,-16.46690178
0.1649843156,0.3054480255,0.009971871972,-0.0006406369503,1,-0.9299548268,0.009992429055,-0.1566120684,0,1.151781082,-0.8805357218,-3.675881386
0.1649843156,0.3102915883,0.009566177614,0.0009963460034,1,-1.486552715,0.009617923759,0.03478619456,39.99023819,0.9979043007,-0.8552693129,5.946087837
0.1649843156,0.315135181,0.007605065592,0.003670416074,1,-1.874855638,0.008444463834,0.3310305774,59.2374115,0.862724185,-1.0848701,25.76324844
0.1649843156,0.3199787438,0.004663840402,0.007854371332,1,-2.160695314,0.009134690277,0.1877908111,74.93891144,0.611880362,-1.599030018,59.29862213
0.1649843156,0.3248223364,0.0001032604778,0.01232502144,1,-2.632057667,0.01232545357,0.1880629063,95.13404846,-0.1692677736,-1.756907225,89.51998138
0.1649843156,0.3296658993,-0.008904597722,0.01727498509,1,-2.345107794,0.01943494193,0.03335610032,78.26522064,-0.9235824943,-0.6029094458,117.2693787
0.1649843156,0.3345094621,-0.01572884619,0.01540681347,1,-1.937173247,0.02201741375,-0.03174948692,65.51805878,-0.7044132948,1.265647173,135.5925903
0.1649843156,0.3393530548,-0.02169932798,0.01099094376,1,-1.49406147,0.02432409674,0.008885264397,54.19882965,-0.06625705957,2.057001591,153.1372986
0.1649843156,0.3441966176,-0.02328637056,0.005486603826,1,-0.548758626,0.02392400242,-0.5126399994,0,1.362810493,2.213523388,166.7420807
0.1649843156,0.3490402102,-0.01775640436,-0.002213441301,1,-0.5797230005,0.01789383031,-1.395467639,0,2.86313796,1.784009099,-172.8943939
0.1698278934,0.237637952,0.01108369417,-0.002364764223,1,0.379168272,0.01133315451,-0.1459550709,0,0.7218294144,-0.2133963853,-12.04377556
0.1698278934,0.2424815297,0.01375007816,-0.002201435622,1,0.02950996161,0.01392519195,0.06242537871,0,0.5299729705,0.04416090623,-9.096059799
0.1698278934,0.2473251075,0.01379359327,-0.002276298823,1,-0.4164808393,0.01398015581,0.004369869828,11.27660751,0.2774890065,0.3270119429,-9.37082386
0.1698278934,0.2521686852,0.01307686046,-0.003764177673,1,-0.8616133928,0.01360784099,-0.1155742109,28.54450989,0.3333174288,0.3280090094,-16.05847931
0.1698278934,0.257012248,0.0112347547,-0.004424825311,1,-0.7864437103,0.01207471732,0.1037957966,28.05198288,0.1045967042,0.3722505271,-21.49707603
0.1698278934,0.2618558407,0.009774281643,-0.005064459052,1,-0.7331527472,0.01100842096,0.1406023502,25.85491943,0.1038484275,0.4039257169,-27.39054108
0.1698278934,0.2666994035,0.00818667002,-0.005700252485,1,-0.8912084699,0.009975692257,-0.01095462125,31.64419746,0.1863458753,0.006839440204,-34.84890366
0.1698278934,0.2715429962,0.006360224914,-0.005150645971,1,-0.7635428905,0.008184229955,-0.01183389127,25.08625412,0.324952215,-0.3259940147,-39.00129318
0.1698278934,0.276386559,0.006062321831,-0.004178593401,1,-0.678029418,0.007362906355,0.1301995516,18.93004799,0.4135324359,-0.2237526178,-34.57743835
0.1698278934,0.2812301517,0.005079112947,-0.003436251078,1,-0.7694963813,0.006132308394,0.1181876212,22.75538826,0.4306523204,-0.1542771608,-34.08014297
0.1698278934,0.2860737145,0.004421104211,-0.002858889056,1,-0.7796239853,0.005264922511,-0.03018476814,15.03357983,0.6599258184,-0.1905196607,-32.88856506
0.1698278934,0.2909172773,0.004499347415,-0.002659658901,1,-0.6483590603,0.005226654001,-0.01691301167,0,0.7369210124,-0.3815236688,-30.58822632
0.1698278934,0.29576087,0.004850061145,-0.001092868857,1,-0.4549382329,0.00497166533,0.172641784,0,0.7728546262,-0.7152885795,-12.69843102
0.1698278934,0.3006044328,0.006039200351,0.001641100855,1,-0.5182752609,0.006258206908,0.1382464767,0,0.872576952,-0.965767324,15.20253086
0.1698278934,0.3054480255,0.006566149183,0.004254507832,1,-0.5934168696,0.007824011147,0.0009471178055,0,0.8424779773,-1.074824095,32.94104385
0.1698278934,0.3102915883,0.007245547138,0.006851682439,1,-0.9037408829,0.009972136468,0.1439578235,16.63656998,0.765586555,-1.084202766,43.39962006
0.1698278934,0.315135181,0.005896987859,0.01020319946,1,-1.559670925,0.01178472582,0.2986596823,54.4168396,0.3125171065,-1.090166211,59.97402573
0.1698278934,0.3199787438,0.00120486063,0.01357856859,1,-1.741009235,0.01363191847,0.2435081005,62.47228622,-0.1096416116,-1.135012507,84.92928314
0.1698278934,0.3248223364,-0.00306678284,0.01688017137,1,-1.433960438,0.01715649478,0.02392092347,48.87411118,-0.4941093624,-0.8234471083,100.2971573
0.1698278934,0.3296658993,-0.008133895695,0.01768286154,1,-0.9175494909,0.01946391165,0.2613560259,0,-1.190756917,0.05131306499,114.7018433
0.1698278934,0.3345094621,-0.01327849738,0.01789752766,1,-0.8658053875,0.02228542045,0.1371935308,0,-0.9467705488,0.9471882582,126.5723801
0.1698278934,0.3393530548,-0.01691324823,0.01375958882,1,-0.5924745798,0.02180330828,-0.03799057007,19.49303818,-0.2478200644,1.78144598,140.8703003
0.1698278934,0.3441966176,-0.01734852977,0.009084945545,1,-0.4342489243,0.01958335191,0.06080490351,0,0.450565815,1.902365804,152.360199
0.1698278934,0.3490402102,-0.01683421619,0.004839845467,1,-0.7083661556,0.01751613431,-0.2111986279,0,0.9207347631,1.541673899,163.960022
0.1746714562,0.237637952,0.009888423607,-0.001222980791,1,0.4304203391,0.009963764809,-0.1484046578,0,0.8905066848,-0.3072349727,-7.050426483
0.1746714562,0.2424815297,0.01308743004,-0.0008383272798,1,0.2088973969,0.01311425306,-0.06228327006,0,0.6967822313,-0.2141044736,-3.665126085
0.1746714562,0.2473251075,0.01427515317,-0.0004876229505,1,-0.2667742372,0.01428347919,-0.03348450735,0,0.3471412659,0.01190913189,-1.956397772
0.1746714562,0.2521686852,0.013476694,-0.001058194903,1,-0.6580655575,0.01351817418,-0.1551038474,21.11444092,0.2662562132,0.2033588737,-4.489673615
0.1746714562,0.257012248,0.01237739716,-0.002223862335,1,-0.7055314779,0.01257559285,-0.02326020598,24.53756905,0.2015413344,0.3125326633,-10.18572712
0.1746714562,0.2618558407,0.01103557833,-0.002684633713,1,-0.986210227,0.0113574313,0.06881593913,35.53388214,0.101495862,0.1497291327,-13.6727972
0.1746714562,0.2666994035,0.008092214353,-0.002615771722,1,-1.35317719,0.008504481055,-0.03938817605,48.9710083,0.1040224433,-0.116480872,-17.91319275
0.1746714562,0.2715429962,0.004985200707,-0.00231122924,1,-1.050309658,0.005494907498,-0.0746697709,35.05460358,0.4070114195,-0.3119894266,-24.87329292
0.1746714562,0.276386559,0.004976349417,-0.001466295449,1,-0.7251660228,0.005187877454,-0.07322275639,13.42793465,0.619484663,-0.4562007189,-16.41775894
0.1746714562,0.2812301517,0.004473324399,-0.0004562457034,1,-0.7649909854,0.004496531095,0.04927407205,21.34854507,0.4869740605,-0.3921921253,-5.823604584
0.1746714562,0.2860737145,0.003629752668,0.0006719803787,1,-0.685516119,0.003691430902,0.007557615638,18.47159386,0.4594737291,-0.2858195305,10.48848534
0.1746714562,0.2909172773,0.003378473921,0.0009647450061,1,-0.6203926206,0.003513519419,-0.07839775831,0,0.6225578189,-0.3227260709,15.93703365
0.1746714562,0.29576087,0.003640239825,0.001855403534,1,-0.4714921713,0.004085813183,0.08111378551,0,0.6996532679,-0.5923368931,27.00760651
0.1746714562,0.3006044328,0.004483589903,0.004226655699,1,-0.3410187364,0.006161753088,0.1719381511,0,0.5743655562,-0.7486245632,43.31038284
0.1746714562,0.3054480255,0.004770473111,0.006314220838,1,-0.2702363431,0.007913709618,0.2240046859,0,0.3793385327,-0.778393805,52.92849731
0.1746714562,0.3102915883,0.005012034904,0.00908185076,1,-0.3352080584,0.01037306711,0.2540835738,6.412334442,0.128929764,-1.072264433,61.10684586
0.1746714562,0.315135181,0.003771348158,0.01273849048,1,-0.7192575932,0.01328503713,0.2966872454,22.07930756,-0.2441332787,-1.081253648,73.50812531
0.1746714562,0.3199787438,0.0003457762359,0.01575601473,1,-0.8313872814,0.01575980894,0.2904025018,10.30901909,-0.7254472375,-0.5640827417,88.74280548
0.1746714562,0.3248223364,-0.003769300878,0.01687725633,1,-0.4738928378,0.0172930453,0.0321816653,0,-1.123261094,-0.008216341957,102.5896149
0.1746714562,0.3296658993,-0.007390162908,0.01595168561,1,-0.2532354891,0.0175804086,0.1136023402,0,-1.131543875,0.4981546402,114.8575439
0.1746714562,0.3345094621,-0.01047656685,0.01501465309,1,-0.04247736931,0.0183084216,0.238828212,0,-1.168325186,0.9183638096,124.9056473
0.1746714562,0.3393530548,-0.01325477939,0.01266030222,1,-0.01138669252,0.01832954958,0.214702785,0,-0.6701443791,1.297040462,136.3141022
0.1746714562,0.3441966176,-0.0137776155,0.009772266261,1,0.3105201721,0.0168914143,0.02186286449,10.75642586,0.09055221826,1.46358192,144.6524658
0.1746714562,0.3490402102,-0.01131215412,0.005677223671,1,0.5625687242,0.01265684329,-0.09262359142,0,0.4554613233,1.598287582,153.3493347
0.179515034,0.237637952,0.008876771666,-0.0001363034535,1,0.5794113874,0.008877818473,-0.1303134263,0,0.8800895214,-0.2533514798,-0.8797115684
0.179515034,0.2424815297,0.0124113746,0.0001616687223,1,0.1895794272,0.01241242792,-0.08904761821,0,0.8039670587,-0.2611409426,0.7462841272
0.179515034,0.2473251075,0.01368909143,0.0006972440169,1,-0.3292065561,0.01370683685,-0.1291226447,0,0.5148569942,-0.2429168224,2.915799618
0.179515034,0.2521686852,0.01331058703,0.0007128396537,1,-0.5611872673,0.01332966052,-0.2110378295,14.16829109,0.3437391222,-0.06061191857,3.065509081
0.179515034,0.257012248,0.01263586618,-3.135447696e-05,1,-0.7463080883,0.0126359053,-0.1333809197,25.26468658,0.2347509563,-0.028310325,-0.142172724
0.179515034,0.2618558407,0.01083282009,0.0002039220853,1,-1.23708272,0.01083473954,-0.01965521276,44.52598953,0.1626375318,-0.3064578176,1.078435302
0.179515034,0.2666994035,0.007431707345,0.001357796369,1,-1.482220173,0.007554726209,0.07414791733,53.39105606,0.1721541286,-0.2776724398,10.35392094
0.179515034,0.2715429962,0.004487413913,0.001907991245,1,-1.170057893,0.004876198713,0.09676970541,40.29822922,0.3579133451,-0.1048416197,23.03457832
0.179515034,0.276386559,0.003498021979,0.002334316494,1,-0.7364033461,0.004205376375,-0.03159812093,19.0562706,0.5156473517,-0.1801946163,33.71616364
0.179515034,0.2812301517,0.003418165259,0.002627729904,1,-0.5466082096,0.004311474971,-0.09945553541,10.15951061,0.4589253366,-0.1722598672,37.55144501
0.179515034,0.2860737145,0.003073323052,0.002686949912,1,-0.4772996008,0.004082280211,-0.0572912693,13.33688259,0.299395591,-0.2086114883,41.16260529
0.179515034,0.2909172773,0.002556476044,0.003360658884,1,-0.4819945693,0.004222510848,0.04029020667,12.40616894,0.3375957608,-0.3504759669,52.73950958
0.179515034,0.29576087,0.002373916097,0.004579656292,1,-0.3780598342,0.005158365238,0.1005194783,0,0.5204138756,-0.4598452449,62.59952927
0.179515034,0.3006044328,0.003245979082,0.006074829027,1,-0.2601317763,0.006887665018,0.05422742665,0,0.5712676048,-0.5282166004,61.88295364
0.179515034,0.3054480255,0.003880926641,0.007400769275,1,-0.1805372983,0.008356613107,0.120144248,0,0.1881043762,-0.5043811798,62.32770157
0.179515034,0.3102915883,0.003282630816,0.009099766612,1,-0.1707689464,0.009673749097,0.2112125456,0,-0.1975623667,-0.8424979448,70.16370392
0.179515034,0.315135181,0.00209688535,0.01250449754,1,-0.1553654969,0.01267909259,0.2044403553,0,-0.5472886562,-0.8261883259,80.48061371
0.179515034,0.3199787438,-0.0001207290115,0.01409169659,1,-0.1424697638,0.01409221441,0.03352477401,0,-0.8996504545,-0.220505029,90.49085999
0.179515034,0.3248223364,-0.002950705122,0.01373491064,1,-0.04879301786,0.01404828951,0.1098179892,0,-0.9938409328,0.2466968596,102.1247025
0.179515034,0.3296658993,-0.005170807708,0.0134287132,1,-0.07215064764,0.01438984275,0.2748083472,0,-0.9029273987,0.5412456393,111.0595093
0.179515034,0.3345094621,-0.007673556916,0.01244440489,1,-0.02186110616,0.01462007873,0.2217268348,0,-0.8907299042,0.8121712804,121.659111
0.179515034,0.3393530548,-0.009591013193,0.01056884974,1,0.131134212,0.01427193452,0.1804927289,0,-0.643176496,1.094050765,132.2230988
0.179515034,0.3441966176,-0.01015367359,0.008019515313,1,0.2853667736,0.01293869037,-0.01912397146,2.661583424,-0.275129199,1.270787477,141.6978302
0.179515034,0.3490402102,-0.009541426785,0.004321063403,1,0.4331726432,0.01047427393,-0.4164952934,0,-0.1803657413,1.110656977,155.6354675
0.1843586117,0.237637952,0.008030112833,0.0002333770244,1,0.5880782604,0.008033503778,-0.09180954099,0,0.7998014688,-0.8780589104,1.664703369
0.1843586117,0.2424815297,0.01139126439,0.002137507079,1,0.07506376505,0.01159007475,0.06578737497,0,0.8422412872,-0.6294193268,10.62764835
0.1843586117,0.2473251075,0.01247315109,0.00360066467,1,-0.4236980677,0.01298246067,-0.08512213826,0,0.5826039314,-0.3302672207,16.10201263
0.1843586117,0.2521686852,0.0121609373,0.003324886318,1,-0.6519076228,0.01260726992,-0.2336638272,14.01986122,0.4704469442,-0.01219676435,15.29136562
0.1843586117,0.257012248,0.0115942331,0.002527973382,1,-0.946610868,0.01186662912,0.02382885665,31.33917046,0.3881573677,-0.1351721883,12.30010223
0.1843586117,0.2618558407,0.009456024505,0.004095020238,1,-1.236948013,0.01030463912,0.1860274076,42.95153809,0.3104003072,-0.4063745737,23.41547585
0.1843586117,0.2666994035,0.007106427569,0.005397318397,1,-1.181633234,0.008923696354,0.1194231138,41.70783615,0.2505196631,-0.08592054993,37.21660233
0.1843586117,0.2715429962,0.004946103785,0.005089618266,1,-0.9598929882,0.007097052876,-0.005644910038,33.00841904,0.3083265126,0.1593589187,45.81929398
0.1843586117,0.276386559,0.003950514831,0.004598109517,1,-0.7119330764,0.006062109955,-0.03767978773,22.62036705,0.3426080942,0.1017799377,49.3321228
0.1843586117,0.2812301517,0.003157249652,0.004414134193,1,-0.6112354994,0.005427043885,-0.03936212137,19.69458389,0.2791085243,-0.00547279045,54.42541122
0.1843586117,0.2860737145,0.002341832034,0.004433963913,1,-0.5486329794,0.005014400464,-0.03509704769,16.99496841,0.2841201127,-0.1425303966,62.15888214
0.1843586117,0.2909172773,0.001876065042,0.004934494384,1,-0.4708530307,0.005279095843,0.01636207104,10.0986948,0.3795952201,-0.3497447968,69.1835022
0.1843586117,0.29576087,0.001899817609,0.006207230967,1,-0.4061931968,0.006491458043,0.1581851542,0,0.4705508947,-0.5270745754,72.98247528
0.1843586117,0.3006044328,0.002187786624,0.008253603242,1,-0.2045417726,0.008538640104,0.05100359023,0,0.4129773676,-0.3397271037,75.15399933
0.1843586117,0.3054480255,0.002909391653,0.008099765517,1,-0.1210252568,0.008606437594,-0.1382358074,0,0.07283122092,-0.2824414968,70.24198914
0.1843586117,0.3102915883,0.001954355044,0.008952074684,1,-0.2310243249,0.00916292239,0.06631067395,2.210647106,-0.2127650529,-0.4994725585,77.68480682
0.1843586117,0.315135181,0.0007598634111,0.01084018033,1,-0.05283921957,0.01086677983,0.1612087637,0,-0.4662465453,-0.4863449335,85.99029541
0.1843586117,0.3199787438,-0.0005598771968,0.01208855119,1,0.0291057229,0.01210150961,0.1693049669,0,-0.6076774597,-0.1320554912,92.65174103
0.1843586117,0.3248223364,-0.00204249355,0.01229984313,1,-0.009707838297,0.01246827655,0.2159253359,0,-0.5844118595,0.2491234243,99.42841339
0.1843586117,0.3296658993,-0.003437541891,0.01192775369,1,-0.02771738172,0.01241321862,0.1779638976,0,-0.6796765327,0.4863367677,106.0768204
0.1843586117,0.3345094621,-0.005468800664,0.01080621965,1,-0.01799577475,0.01211124193,0.1478942633,0,-0.7343173623,0.770963788,116.8430099
0.1843586117,0.3393530548,-0.007081429008,0.008909868076,1,0.04112251103,0.01138122939,0.1200425625,0,-0.5048883557,0.8940074444,128.4771576
0.1843586117,0.3441966176,-0.007715086453,0.007057460491,1,-0.06790114194,0.01045611314,-0.2082116604,0,-0.1114082113,1.072735071,137.5489502
0.1843586117,0.3490402102,-0.007949927822,0.002705502789,1,-0.2184847444,0.008397684433,-0.7483474612,0,0.1215148419,1.048648238,161.2056427
0.1892021894,0.237637952,0.004179138225,0.0008891943144,1,0.9728842974,0.00427268818,-0.08681696653,0,1.299089551,-1.320763707,12.01168728
0.1892021894,0.2424815297,0.009681379423,0.003877552692,1,0.510796845,0.01042902283,0.2274085581,0,1.037228823,-0.7392635345,21.82691765
0.1892021894,0.2473251075,0.01167712081,0.005571345799,1,-0.1787966788,0.01293812413,0.1896522939,0,0.6822184324,-0.2793189287,25.50657654
0.1892021894,0.2521686852,0.01211974211,0.006149051245,1,-0.6670929193,0.01359040104,0.1555092931,0,0.7536913157,-0.02253159136,26.90133667
0.1892021894,0.257012248,0.01209656615,0.00643369928,1,-1.260738492,0.01370107289,0.1972897053,35.40027618,0.7746946812,-0.1226333752,28.00679588
0.1892021894,0.2618558407,0.009765551426,0.007698623464,1,-1.380021691,0.01243522484,0.3281483054,45.84446335,0.4504223764,-0.05603900552,38.25030136
0.1892021894,0.2666994035,0.007593979593,0.008294540457,1,-1.260017991,0.01124579646,0.1819622815,43.71930695,0.3240132332,0.1092706844,47.52466202
0.1892021894,0.2715429962,0.005231939722,0.008050710894,1,-1.201980472,0.009601413272,-0.009877085686,40.88822174,0.4204335213,0.1661233306,56.98125076
0.1892021894,0.276386559,0.003808496054,0.007442068774,1,-0.9506399035,0.008359965868,-0.03989686817,28.58808136,0.5313350558,0.1893820763,62.89879608
0.1892021894,0.2812301517,0.003201003885,0.006940180436,1,-0.7912274599,0.007642808836,0.03686572611,23.29122734,0.4618169963,0.1858495623,65.2395401
0.1892021894,0.2860737145,0.00221297075,0.006720453966,1,-0.7984425426,0.007075432222,0.1008393615,26.11284447,0.3319898248,-0.01058496535,71.77386475
0.1892021894,0.2909172773,0.0009417109541,0.007479871158,1,-0.7156950235,0.007538918406,0.1957925111,20.84284782,0.3800342083,-0.2389647216,82.8242569
0.1892021894,0.29576087,0.0005871712929,0.008826234378,1,-0.4890722632,0.008845743723,0.05329543352,0,0.6760855317,-0.274140209,86.19396973
0.1892021894,0.3006044328,0.001847524196,0.00906583108,1,-0.27789101,0.009252169169,-0.2192525715,0,0.5372389555,-0.1188090295,78.48143005
0.1892021894,0.3054480255,0.001843343372,0.008339728229,1,-0.3702572584,0.008541017771,-0.2161346972,6.880932331,0.2333860397,-0.2414002866,77.53621674
0.1892021894,0.3102915883,0.001184577704,0.009188206866,1,-0.4292908907,0.009264252149,0.1667410135,13.19277954,0.1565007567,-0.279705584,82.65373993
0.1892021894,0.315135181,0.0005220631137,0.010502127,1,-0.2176846862,0.01051509473,0.2986801565,0,-0.01455809921,-0.07690612227,87.15415192
0.1892021894,0.3199787438,5.969174526e-05,0.01100738812,1,-0.06275247782,0.01100755017,0.1738147736,0,-0.1891828477,0.08108163625,89.68929291
0.1892021894,0.3248223364,-0.0006982052582,0.01095128711,1,0.01517501473,0.01097352151,0.07111643255,0,-0.4307577908,0.2231713533,93.64798737
0.1892021894,0.3296658993,-0.001953215804,0.01027089823,1,0.09035471082,0.01045497041,0.06419555843,0,-0.6116220951,0.4722508788,100.7673569
0.1892021894,0.3345094621,-0.003222996369,0.008974845521,1,0.08158379793,0.009536013938,0.2032281011,0,-0.6444254518,0.6877241731,109.7539444
0.1892021894,0.3393530548,-0.004679383244,0.007924203761,1,0.05238220096,0.009202696383,0.3419634104,0,-0.6187591553,0.5827069283,120.5626068
0.1892021894,0.3441966176,-0.005966287106,0.00780878542,1,-0.651989758,0.009827192873,0.002014711499,23.6012516,-0.05152189732,0.4059157372,127.3815689
0.1892021894,0.3490402102,-0.008086896501,0.005967877805,1,-1.686385751,0.01005054545,-0.6670846939,0,0.8107508421,0.09305670857,143.5738373
0.1940457672,0.237637952,0.00121238688,0.001813377487,1,1.398859501,0.002181334421,-0.01916104555,0,1.780471325,-1.205863714,56.23412704
0.1940457672,0.2424815297,0.008912054822,0.004687320907,1,0.9504256248,0.0100695435,0.4561743438,0,1.284793377,-0.7738422155,27.74225426
0.1940457672,0.2473251075,0.01203884371,0.007771058474,1,-0.05228108168,0.01432910003,0.6444296241,0,0.8560196757,-0.4950677752,32.8421936
0.1940457672,0.2521686852,0.01280502509,0.01020656526,1,-0.8462788463,0.01637506112,0.6179592013,0,0.8291413188,-0.3349936008,38.55747223
0.1940457672,0.257012248,0.01195583679,0.01238675229,1,-1.438722014,0.0172155071,0.2552755773,0,1.019400239,-0.313385278,46.01414871
0.1940457672,0.2618558407,0.01077400707,0.01296091825,1,-1.441433311,0.01685421728,0.2787047029,0,0.7314623594,0.1377047002,50.26430511
0.1940457672,0.2666994035,0.008517037146,0.01306969672,1,-1.509361982,0.01559989993,0.1892303228,0,0.4623854756,0.1919166744,56.90920639
0.1940457672,0.2715429962,0.005702894647,0.01294790674,1,-1.407727003,0.01414819062,-0.03629715741,0,0.6144127846,0.230762884,66.2289505
0.1940457672,0.276386559,0.004674558062,0.01177617069,1,-1.046242118,0.01267003082,-0.07560838759,0,0.7433861494,0.4332209229,68.34937286
0.1940457672,0.2812301517,0.004235988483,0.01048335247,1,-0.9271984696,0.01130682416,0.02096585929,0,0.5358406901,0.4063978195,67.99794006
0.1940457672,0.2860737145,0.002778986236,0.009909301065,1,-0.9235665798,0.01029159967,0.09191778302,0,0.3931654394,0.1418001503,74.33425903
0.1940457672,0.2909172773,0.001666957047,0.01024174411,1,-0.7713918686,0.01037651487,0.3501496613,0,0.3690348864,-0.05068257451,80.75553894
0.1940457672,0.29576087,0.0008301388007,0.01185076311,1,-0.7397068739,0.01187980361,0.2524930835,0,0.5091751814,-0.1521674395,85.99301147
0.1940457672,0.3006044328,0.0005503590219,0.01220174879,1,-0.6615656018,0.01221415401,-0.3532032371,0,0.6333109736,-0.1824194789,87.41742706
0.1940457672,0.3054480255,0.0006932854303,0.01102355868,1,-0.4656493068,0.01104533765,-0.2800061107,0,0.6425523162,-0.1948734075,86.40132904
0.1940457672,0.3102915883,0.001407202333,0.01178940199,1,-0.419280231,0.01187308785,0.1285960972,0,0.6547998786,-0.03667039424,83.19329071
0.1940457672,0.315135181,0.001834043185,0.01182403974,1,-0.3485330939,0.011965435,0.2385358512,0,0.1973083466,0.3032042086,81.1830368
0.1940457672,0.3199787438,0.0006747334264,0.01147617586,1,-0.3498143852,0.0114959944,-0.0468686223,0,-0.1562435329,0.3008303642,86.63520813
0.1940457672,0.3248223364,-0.0006170877605,0.01013993286,1,0.01122654974,0.01015869249,-0.2876247764,0,-0.3237961531,0.3211196661,93.48256683
0.1940457672,0.3296658993,-0.0008392217569,0.008527674712,1,0.3045402765,0.008568869904,-0.06423105299,0,-0.4152679443,0.5242191553,95.62046814
0.1940457672,0.3345094621,-0.001153404126,0.007289737463,1,0.1658609957,0.007380420808,0.1311688125,0,-0.5299502611,0.7234028578,98.99097443
0.1940457672,0.3393530548,-0.002602716442,0.005659142975,1,-0.005751758814,0.006228967104,0.7050025463,0,-0.9410359263,0.1524903476,114.6983414
0.1940457672,0.3441966176,-0.005739243701,0.009965873323,1,-1.284353971,0.01150032878,0.9905407429,0,-0.3936537504,-0.8967905045,119.9371948
0.1940457672,0.3490402102,-0.01073027682,0.01480057836,1,-2.854030609,0.01828102767,0.4524155259,0,0.7931498289,-1.543914557,125.9417496
