PIVlab, ASCII chart output - 13-Mar-2024
FRAME: 8, filenames: A:[8]2 vortices tapados mismo sentido clase 4.mp4 & B:[9]2 vortices tapados mismo sentido clase 4.mp4, conversion factor xy (px -> m): 0.00030272, conversion factor uv (px/frame -> m/s): 0.0090842
x [m],y [m],u [m/s],v [m/s],Vector type [-],vorticity [1/s],magnitude [m/s],divergence [1/s],dcev [1],simple shear [1/s],simple strain [1/s],vector direction [degrees]
0.1262357086,0.237637952,0.002038643928,5.569009591e-05,1,2.454404593,0.002039404586,-0.1786822081,0,-1.063245535,2.657808304,1.564772606
0.1262357086,0.2424815297,0.005407737568,-0.006813690998,1,0.8272004128,0.00869885087,-0.5543425083,0,0.2590538561,1.52380991,-51.56246185
0.1262357086,0.2473251075,0.007300000638,-0.01001000218,1,-0.1336568892,0.01238911413,-0.3219512999,0,0.6667802334,0.4034172595,-53.89783096
0.1262357086,0.2521686852,0.007989961654,-0.01032707002,1,0.008335337043,0.01305709966,-0.1823276877,0,0.2808179259,0.01796076447,-52.27120209
0.1262357086,0.257012248,0.008700534701,-0.01098011341,1,-0.2510637939,0.01400936116,-0.278858453,0,0.3082947433,-0.3124339879,-51.60704041
0.1262357086,0.2618558407,0.00826716423,-0.01016444433,1,-0.3570869565,0.01310198195,-0.02976097167,0,-0.04496690631,-0.4675132632,-50.87711334
0.1262357086,0.2666994035,0.006753155496,-0.008859826252,1,-0.2544501424,0.01114009134,0.212755397,0,-0.4646027088,-0.2725248337,-52.68455124
0.1262357086,0.2715429962,0.004784375895,-0.007813951932,1,-0.1292514056,0.009162318893,0.3249802291,0,-0.3859881163,-0.137046814,-58.5214386
0.1262357086,0.276386559,0.004257552791,-0.006621962413,1,0.09953089058,0.007872556336,0.3040370941,0,-0.2161313444,0.03965368867,-57.2612381
0.1262357086,0.2812301517,0.004219612572,-0.006533390377,1,0.06777387112,0.007777552586,0.3941085041,0,-0.03988146409,0.3739262521,-57.14346695
0.1262357086,0.2860737145,0.004392651841,-0.006524208002,1,-0.008007571101,0.007865156047,0.3255938292,0,0.1131572053,0.482128799,-56.04821014
0.1262357086,0.2909172773,0.004728911445,-0.007291577291,1,-0.1815004051,0.008690782823,0.08645950258,0,0.2625955939,0.4615817666,-57.03480148
0.1262357086,0.29576087,0.004785442725,-0.008341141976,1,-0.4211196005,0.009616398253,0.2165536284,0,0.3735248744,0.4567070603,-60.15644073
0.1262357086,0.3006044328,0.004498382565,-0.008454779163,1,-0.4514354467,0.009576990269,0.2615665197,0,0.2801561952,0.5589294434,-61.98469543
0.1262357086,0.3054480255,0.00395583827,-0.009781442583,1,-0.711950779,0.01055107918,0.3164806068,0,0.4555326402,0.8253390789,-67.98046875
0.1262357086,0.3102915883,0.00325640128,-0.010919475,1,-0.6435042024,0.01139469538,0.6793487072,0,0.5783209205,0.9378524423,-73.39438629
0.1262357086,0.315135181,0.003640118055,-0.01103352569,1,0.1442908347,0.01161848288,0.2885895669,0,0.3338401616,0.6830277443,-71.741539
0.1262357086,0.3199787438,0.005572265945,-0.01282996684,1,0.08074058592,0.01398778707,-0.532656908,0,0.1418096274,-0.004899710417,-66.52390289
0.1262357086,0.3248223364,0.004718057346,-0.01358975843,1,-0.560167253,0.0143854646,-0.7370696068,0,-0.7022821903,-0.3218546212,-70.85415649
0.1262357086,0.3296658993,-0.0005425059935,-0.01484109275,1,-1.118455052,0.01485100482,-0.0468211323,0,-1.042897582,0.4233096242,-92.09347534
0.1262357086,0.3345094621,-0.005750589538,-0.01586686634,1,-1.166775584,0.01687681116,0.7879200578,0,-0.6864204407,0.8703171611,-109.9219131
0.1262357086,0.3393530548,-0.009518604726,-0.01524018962,1,-0.1639950573,0.01796850562,1.177602887,0,0.5456379652,0.8787389994,-121.9877625
0.1262357086,0.3441966176,-0.003902072553,-0.01441929583,1,1.43645978,0.01493794657,-0.4954934716,0,2.107857943,-1.283056974,-105.142395
0.1262357086,0.3490402102,0.007648574188,-0.011425565,1,2.483965397,0.01374933496,-3.367342234,0,2.285488844,-4.603503227,-56.2006073
0.1310792714,0.237637952,0.008042545058,-0.008463289589,1,0.8094688654,0.011675179,0.815805316,0,-0.9279636741,0.7028012276,-46.46018982
0.1310792714,0.2424815297,0.007755575702,-0.008189617656,1,0.01782070845,0.01127913129,0.3870687783,0,-0.1303927898,0.3061841428,-46.55925369
0.1310792714,0.2473251075,0.007497293409,-0.008071518503,1,-0.3283164203,0.01101629809,-0.06113237143,4.142933846,0.2945242822,0.2439229488,-47.11228561
0.1310792714,0.2521686852,0.007591900881,-0.009667176753,1,-0.1538024545,0.01229191851,-0.1628115028,0,0.106577009,0.1580160409,-51.85647583
0.1310792714,0.257012248,0.0072685536,-0.009625469334,1,-0.1862038076,0.0120615717,-0.05648013204,5.033891678,0.07698161155,-0.1098743305,-52.94217682
0.1310792714,0.2618558407,0.007062874734,-0.009408557788,1,-0.1172896475,0.011764572,-0.06155988574,3.086269617,-0.01900352165,-0.1145578027,-53.10494614
0.1310792714,0.2666994035,0.006608407013,-0.009368769825,1,-0.1187964231,0.01146494132,0.0735360533,0,-0.2576536536,-0.1273166239,-54.80217743
0.1310792714,0.2715429962,0.005239509512,-0.008435712196,1,-0.07751059532,0.009930443019,0.244909972,0,-0.235999465,-0.164362371,-58.15514755
0.1310792714,0.276386559,0.005089896731,-0.007386427373,1,0.1467024386,0.008970304392,0.2016322315,0,0.02674690261,-0.13729164,-55.42974854
0.1310792714,0.2812301517,0.006079624873,-0.006794108078,1,0.08550487459,0.009117112495,0.2350231111,0,0.1744027287,-0.003572002053,-48.17661667
0.1310792714,0.2860737145,0.006348779425,-0.006230773404,1,-0.1009039357,0.008895478211,0.2240568399,0,0.09605682641,0.1047161296,-44.46253586
0.1310792714,0.2909172773,0.006056147628,-0.006216073874,1,-0.1581321508,0.008678507991,0.1579853594,0,0.1719965786,0.1963688433,-45.74661255
0.1310792714,0.29576087,0.006415932905,-0.006416686811,1,-0.2356657386,0.009074032307,0.1740094423,0,0.324297905,0.2704155147,-45.00336838
0.1310792714,0.3006044328,0.006485444494,-0.006683024112,1,-0.2299319506,0.009312561713,0.2415247411,0,0.2929314971,0.3524687886,-45.85960007
0.1310792714,0.3054480255,0.00672107609,-0.006954052951,1,-0.2374292612,0.009671179578,0.3058605194,0,0.379362464,0.5696030855,-45.97602844
0.1310792714,0.3102915883,0.0071729091,-0.007960481569,1,-0.3154768646,0.01071540453,0.2260071039,4.58031559,0.1651926339,0.9734764695,-47.97909927
0.1310792714,0.315135181,0.005993162747,-0.01057447866,1,-0.2233886868,0.01215473562,0.01000007987,0,-0.3758559227,0.9848145247,-60.45729065
0.1310792714,0.3199787438,0.004270421341,-0.01268207096,1,-0.2510731816,0.01338175777,-0.3009487689,0,-0.5416442752,0.3926399648,-71.39012909
0.1310792714,0.3248223364,0.002153574256,-0.01393392961,1,-0.04405871034,0.01409937162,-0.3527008593,0,-0.761369586,0.05526995659,-81.2141037
0.1310792714,0.3296658993,0.0003692668688,-0.01465810928,1,-0.2138373554,0.01466275938,0.04208128154,0,-0.5889344215,0.2009770572,-88.55691528
0.1310792714,0.3345094621,-0.001734701334,-0.01470355131,1,-0.4106158614,0.01480552647,0.467261374,0,-0.6026560664,0.2326216698,-96.72855377
0.1310792714,0.3393530548,-0.004538594279,-0.01352161355,1,-0.6608784795,0.01426298916,0.6219926476,0,-0.6758671403,0.2276075631,-108.5545731
0.1310792714,0.3441966176,-0.008209332824,-0.01279331651,1,-0.944678545,0.01520072669,-0.3814758062,21.62701416,-0.5245819092,-0.7149858475,-122.6878433
0.1310792714,0.3490402102,-0.01165507175,-0.01190623175,1,-0.8459072113,0.01666130498,-2.042320967,0,-0.5768957138,-2.408612967,-134.389267
0.1359228492,0.237637952,0.009394121356,-0.008359686472,1,-0.3945601583,0.01257512905,0.2899397016,0,0.1350146085,-0.05200295895,-41.66540527
0.1359228492,0.2424815297,0.00876555685,-0.00753157353,1,-0.2765234709,0.01155679859,0.4041541219,0,0.02696379274,0.1220368594,-40.66995239
0.1359228492,0.2473251075,0.008185359649,-0.006993229501,1,-0.1769326925,0.01076593529,0.105971694,4.445537567,0.01200864464,0.42274791,-40.50919724
0.1359228492,0.2521686852,0.007966734469,-0.009065903723,1,-0.03482981771,0.01206894591,-0.05756311119,0,-0.02516198531,0.5023806095,-48.69235229
0.1359228492,0.257012248,0.007894785143,-0.009705356322,1,0.03736853972,0.01251085848,0.2146702111,0,-0.1514595449,0.3431877792,-50.87350082
0.1359228492,0.2618558407,0.007414125837,-0.009688388556,1,-0.05572775751,0.01219975948,0.2385750115,0,-0.2337523997,0.2028647959,-52.57465363
0.1359228492,0.2666994035,0.006492665503,-0.009532391094,1,-0.2436192036,0.01153348107,0.2274485976,0,-0.2187687457,-0.001057013869,-55.74058914
0.1359228492,0.2715429962,0.005174513906,-0.008581603877,1,-0.224258244,0.01002095453,0.2141335011,0,-0.1728602946,-0.266795218,-58.91096878
0.1359228492,0.276386559,0.00456919102,-0.007202975452,1,-0.01905681007,0.00852996856,0.1748983562,0,0.05335963517,-0.3368713558,-57.61109543
0.1359228492,0.2812301517,0.005340662319,-0.006102807354,1,0.006512135267,0.008109681308,0.02197466791,0,0.2858122289,-0.3151234388,-48.81031799
0.1359228492,0.2860737145,0.005985086784,-0.005570214707,1,-0.08654180169,0.008176096715,-0.03663207591,0,0.3145947158,-0.1213283539,-42.94378281
0.1359228492,0.2909172773,0.00644525094,-0.005692575593,1,-0.1051064283,0.008599225432,0.02414809354,0,0.301853478,0.03626807034,-41.45159149
0.1359228492,0.29576087,0.00693804631,-0.005628918763,1,-0.1440213919,0.008934271522,0.05751653761,0,0.3360656202,0.1049355492,-39.05282593
0.1359228492,0.3006044328,0.007375432178,-0.005922253244,1,-0.1232187599,0.009458862245,0.1047434509,0,0.3829774261,0.3452783823,-38.76343155
0.1359228492,0.3054480255,0.008196207695,-0.006793968379,1,0.006244301796,0.01064592972,0.1062750518,0,0.342826575,0.6573275328,-39.65587997
0.1359228492,0.3102915883,0.009066184051,-0.008591318503,1,0.05199930817,0.01249025483,-0.03053179383,1.323679566,0.002168243751,0.9972298145,-43.4595108
0.1359228492,0.315135181,0.00845857244,-0.01177201141,1,-0.13942267,0.01449578162,-0.01710629463,0,-0.490236938,1.148571253,-54.30152893
0.1359228492,0.3199787438,0.006016378757,-0.01423736848,1,-0.1928438246,0.01545637287,0.06633609533,0,-0.8768495321,1.158936024,-67.09221649
0.1359228492,0.3248223364,0.003277429845,-0.01706410386,1,-0.04049241543,0.01737599447,0.221685037,0,-1.070590019,0.7214258909,-79.12784576
0.1359228492,0.3296658993,0.0006347641465,-0.01665790193,1,-0.1271523237,0.01666999049,0.06900762022,0,-1.036884785,0.01386696286,-87.81774902
0.1359228492,0.3345094621,-0.002360656857,-0.01679702662,1,-0.2170732319,0.01696209982,-0.1992811561,0,-1.029581904,-0.4769919217,-97.99995422
0.1359228492,0.3393530548,-0.00540350657,-0.01531278808,1,-0.3306069076,0.016238207,-0.02801465988,0,-1.08409214,-0.9390144348,-109.4366913
0.1359228492,0.3441966176,-0.009212861769,-0.01238452829,1,-0.7905412316,0.01543545816,0.1938665807,0,-0.965667069,-0.8776965141,-126.6455841
0.1359228492,0.3490402102,-0.01390983816,-0.01012258884,1,-0.9672835469,0.01720320806,0.5900661349,0,-0.9721761346,-0.3439263105,-143.9555359
0.1407664269,0.237637952,0.009195010178,-0.005898253061,1,-0.2634670734,0.01092417538,-0.2135516256,0,0.7214808464,0.125619337,-32.67864609
0.1407664269,0.2424815297,0.01030422281,-0.006719653495,1,-0.1297956109,0.01230165642,0.2949466705,0,0.308006376,0.554695487,-33.10942459
0.1407664269,0.2473251075,0.01005818788,-0.007156366482,1,0.001893717796,0.01234425884,0.2254877985,0,-0.1170593649,0.8243625164,-35.43172455
0.1407664269,0.2521686852,0.009746409021,-0.009620349854,1,-0.005769660231,0.01369465701,0.2080665827,0,-0.0123173669,0.9066641331,-44.62706375
0.1407664269,0.257012248,0.00997058209,-0.01054007281,1,0.02202479169,0.01450881269,0.3619477451,0,-0.13462466,0.4962460101,-46.59044266
0.1407664269,0.2618558407,0.009201022796,-0.01027083397,1,-0.047453776,0.01378944702,0.3688902259,0,-0.4203057885,0.1022137851,-48.14474869
0.1407664269,0.2666994035,0.007704952266,-0.009248404764,1,-0.2969867587,0.01203741226,0.2815811038,0,-0.5735648274,-0.1486941576,-50.201931
0.1407664269,0.2715429962,0.004984438419,-0.008186762221,1,-0.2912651896,0.009584764019,0.1726980656,0,-0.4106094837,-0.2841403186,-58.66521835
0.1407664269,0.276386559,0.004305367824,-0.007035672665,1,-0.08914302289,0.008248447441,0.1923494041,0,0.02210531384,-0.3744765818,-58.53611374
0.1407664269,0.2812301517,0.004659736063,-0.00544129638,1,-0.02996538579,0.00716385711,0.1133589149,0,0.2938855886,-0.4539562464,-49.42440033
0.1407664269,0.2860737145,0.005583685823,-0.004287837539,1,-0.1259127408,0.007040106226,0.001622259617,0,0.4746316671,-0.2453786433,-37.5214653
0.1407664269,0.2909172773,0.006348778028,-0.004244931974,1,-0.180879131,0.007637174334,-0.04826099798,0,0.5151560903,-0.08882801235,-33.76755524
0.1407664269,0.29576087,0.007202782203,-0.004091348033,1,-0.144602567,0.008283670992,-0.008662304841,0,0.6228404641,-0.01149256807,-29.59758377
0.1407664269,0.3006044328,0.008665160276,-0.004231223371,1,-0.03529754281,0.009643041529,0.117512241,0,0.6994475126,0.3719609976,-26.02639389
0.1407664269,0.3054480255,0.01041964442,-0.005323790479,1,-0.007537811995,0.01170092914,0.145269841,0,0.6661472321,0.9650396109,-27.06420708
0.1407664269,0.3102915883,0.01185518596,-0.008201842196,1,-0.1407416165,0.01441581268,-0.04460591078,0,0.3583197594,1.390259981,-34.67687607
0.1407664269,0.315135181,0.0114735011,-0.01227367483,1,-0.2010115087,0.01680132002,0.002012789249,4.551990509,-0.1396590471,1.61100173,-46.92988205
0.1407664269,0.3199787438,0.01020512171,-0.01599510573,1,-0.1362858117,0.01897334866,0.3648151755,0,-0.8447856903,1.737687349,-57.46150208
0.1407664269,0.3248223364,0.006721605081,-0.01892328821,1,-0.6270517111,0.0200816039,0.4735103548,0,-1.320774078,1.107207894,-70.44482422
0.1407664269,0.3296658993,0.0007706763572,-0.01906446926,1,-0.247359097,0.01908004098,0.07067277282,0,-2.174801588,0.0119787734,-87.68509674
0.1407664269,0.3345094621,-0.005010282621,-0.01863900013,1,-0.3514677286,0.01930065453,-0.5074625611,0,-1.71170783,-0.8983494639,-105.0458221
0.1407664269,0.3393530548,-0.009222474881,-0.01717117801,1,-0.2133227289,0.01949111186,-0.3244764209,0,-1.130979776,-1.356244326,-118.2398071
0.1407664269,0.3441966176,-0.01152151637,-0.01364155207,1,0.1466248482,0.01785601489,0.2443709373,0,-0.4027164578,-0.8377318382,-130.1841125
0.1407664269,0.3490402102,-0.01046287455,-0.01192992926,1,0.2845317423,0.01586804911,0.8500692844,0,0.1525990963,0.1433117092,-131.2516479
0.1456100047,0.237637952,0.008968214504,-0.003589014756,1,0.604677856,0.009659704752,-0.8474378586,0,1.010925412,-0.09508869052,-21.81093216
0.1456100047,0.2424815297,0.01288086455,-0.005411045626,1,0.08549872041,0.01397125889,0.0820632875,0,0.802724123,0.9038469791,-22.78649712
0.1456100047,0.2473251075,0.01327039115,-0.007569388021,1,-0.002214871347,0.01527739875,0.3729622066,0,0.1023794264,1.134088039,-29.7002964
0.1456100047,0.2521686852,0.01336601935,-0.009097618051,1,-0.2158703208,0.01616839878,0.484901309,0,-0.03577828407,1.082541466,-34.24126816
0.1456100047,0.257012248,0.01205151342,-0.01046410017,1,-0.3492322862,0.01596046239,0.3807379007,0,-0.4084854424,0.8755598068,-40.96715927
0.1456100047,0.2618558407,0.009695954621,-0.01149432641,1,-0.1155368686,0.01503765583,0.2848560214,0,-0.8992500901,0.3690744042,-49.8509407
0.1456100047,0.2666994035,0.00713631371,-0.01087201852,1,-0.09128722548,0.01300491299,0.1105225831,0,-0.9536468983,-0.3714907765,-56.7193985
0.1456100047,0.2715429962,0.004634734709,-0.009159657173,1,-0.0899874866,0.01026548073,0.191010803,0,-0.6221451759,-0.6777443886,-63.16085052
0.1456100047,0.276386559,0.003687043907,-0.006664135493,1,-0.1443987489,0.007616101298,0.2143403292,0,-0.05045349523,-0.7406246662,-61.04570389
0.1456100047,0.2812301517,0.003690952668,-0.004534210078,1,-0.1351880431,0.005846553948,0.174138397,0,0.3658831716,-0.6522557735,-50.85360718
0.1456100047,0.2860737145,0.004804433789,-0.002661431208,1,-0.1653323323,0.005492340308,0.012667045,0,0.5968942046,-0.444214642,-28.9843998
0.1456100047,0.2909172773,0.005781249609,-0.002321274951,1,-0.2824409902,0.006229860708,-0.05943281204,0,0.7027895451,-0.2142114639,-21.87634277
0.1456100047,0.29576087,0.006840424612,-0.001911748783,1,-0.1091060042,0.007102548145,-0.005692301784,0,0.9277125001,0.003016823437,-15.61451244
0.1456100047,0.3006044328,0.009746233933,-0.002363458276,1,0.2216678262,0.01002870966,0.02868041396,0,1.16855514,0.3629733324,-13.63107586
0.1456100047,0.3054480255,0.01357407775,-0.003530922579,1,0.1687555015,0.01402579807,0.01615300775,0,1.036496162,0.8028891087,-14.58078957
0.1456100047,0.3102915883,0.01558396406,-0.006174075883,1,-0.248683691,0.01676243171,-0.08774906397,0,0.8055563569,1.552345037,-21.61254692
0.1456100047,0.315135181,0.01627133414,-0.01147484593,1,-0.1806685776,0.01991051063,0.1695154905,0,0.3078575134,2.542754173,-35.19219971
0.1456100047,0.3199787438,0.01620001346,-0.01766904257,1,0.09236967564,0.02397155575,0.9697566628,0,-1.194359303,2.81743145,-47.48357773
0.1456100047,0.3248223364,0.01093376148,-0.02042420208,1,-0.8620215654,0.02316668257,0.3992196918,0,-2.268911839,2.117903233,-61.83835983
0.1456100047,0.3296658993,0.00103509333,-0.02599361911,1,-1.137238264,0.02601421997,-0.4763394892,0,-3.013338327,0.135039717,-87.71962738
0.1456100047,0.3345094621,-0.009169816971,-0.02338545583,1,-0.9082159996,0.02511901967,-0.4213857651,0,-2.101811409,-1.708881855,-111.4109573
0.1456100047,0.3393530548,-0.01354420837,-0.01975753158,1,-0.1232569814,0.02395424061,-0.1537908912,0,-0.4789909124,-1.875689507,-124.4314728
0.1456100047,0.3441966176,-0.01208685152,-0.01504530571,1,0.3959697485,0.01929904707,0.5609047413,0,0.5219236612,-1.296382785,-128.7771301
0.1456100047,0.3490402102,-0.009098320268,-0.01076161489,1,0.4144123197,0.01409226004,1.081023216,0,0.819601953,-0.6877839565,-130.2125854
0.1504535824,0.237637952,0.004629809409,-0.003930561244,1,2.614727497,0.006073256955,-0.3280438185,0,1.700160027,-0.6108284593,-40.3302002
0.1504535824,0.2424815297,0.01507955603,-0.003245716449,1,0.9812201858,0.01542490441,0.2024482191,0,1.646567345,0.7638503313,-12.1469965
0.1504535824,0.2473251075,0.0173577033,-0.006649755873,1,-0.1805975586,0.01858787611,0.2434116602,0,0.6469643116,1.379419804,-20.96189308
0.1504535824,0.2521686852,0.01733843982,-0.008748060092,1,-0.4210493565,0.01942035183,0.4995404482,0,0.1522093862,1.361985683,-26.77309799
0.1504535824,0.257012248,0.01605555788,-0.0108270701,1,-0.5221333504,0.01936508156,0.2727461457,0,-0.5039788485,1.370849609,-33.9937706
0.1504535824,0.2618558407,0.01236838568,-0.01406680979,1,-0.6293977499,0.01873104647,-0.03786855936,0,-1.355627775,0.4985615611,-48.67612076
0.1504535824,0.2666994035,0.006440932397,-0.01342531107,1,-0.4761295319,0.01489041932,0.03776910901,0,-1.535086155,-0.6440616846,-64.37015533
0.1504535824,0.2715429962,0.002626906615,-0.01076430921,1,-0.2202377319,0.0110802073,0.1287434697,0,-0.7469530702,-1.284399748,-76.28568268
0.1504535824,0.276386559,0.00175626867,-0.006580641493,1,-0.1886795163,0.006810970604,0.2680143714,0,0.1302580237,-1.332040548,-75.05695343
0.1504535824,0.2812301517,0.002343937522,-0.003014318878,1,-0.1926355958,0.003818397876,0.2756617069,0,0.5512925386,-0.9599347711,-52.13132477
0.1504535824,0.2860737145,0.003493451513,-0.0005959339906,1,-0.1860661507,0.003543916158,0.1225118935,0,0.7392587662,-0.6086497307,-9.680675507
0.1504535824,0.2909172773,0.005023360718,0.0005271085538,1,-0.2415678799,0.005050939973,0.04715129733,0,1.004716873,-0.2680077553,5.990208626
0.1504535824,0.29576087,0.007189823315,0.0009305632557,1,-0.06296724081,0.007249793503,0.05073023587,0,1.206503034,0.08624313027,7.374672413
0.1504535824,0.3006044328,0.01056216564,0.000355099095,1,0.03694111109,0.01056813262,-0.1318099648,0,1.448926449,0.291716665,1.925553918
0.1504535824,0.3054480255,0.01438673865,-0.001120820874,1,0.02788096666,0.014430332,-0.2722967267,0,1.70367074,0.4401203394,-4.454717159
0.1504535824,0.3102915883,0.01894907095,-0.003095548367,1,0.05095529556,0.01920025237,-0.3461648226,0,2.059850454,1.467915773,-9.27796936
0.1504535824,0.315135181,0.02461059019,-0.009907460772,1,0.08450627327,0.02652996406,-0.5778062344,0,1.897415161,3.372151852,-21.92818642
0.1504535824,0.3199787438,0.02854866162,-0.02222747728,1,-0.7393390536,0.0361813046,-0.04982531071,18.71618271,-0.4368793368,3.218463421,-37.90368652
0.1504535824,0.3248223364,0.01891348511,-0.02573767118,1,-3.495994329,0.0319397524,-0.1406612396,74.1442337,-2.580319166,1.082407713,-53.68946838
0.1504535824,0.3296658993,-0.00088243559,-0.02815150656,1,-4.348689079,0.02816533297,-0.7492038012,104.1837997,-2.720876694,-1.021193266,-91.7953949
0.1504535824,0.3345094621,-0.01532839984,-0.02442027256,1,-2.271820545,0.02883243933,-0.1988646984,53.92450333,-1.479535818,-2.110117912,-122.1161499
0.1504535824,0.3393530548,-0.01905242167,-0.01889420301,1,-0.1031892002,0.0268325489,-0.3654124737,0,0.153676331,-2.716729641,-135.2388916
0.1504535824,0.3441966176,-0.01508386154,-0.01303148456,1,0.7223334908,0.01993345097,-0.2683448792,0,1.444294691,-2.111371279,-139.1751099
0.1504535824,0.3490402102,-0.008558189496,-0.009967361577,1,1.222530127,0.01313738525,0.08003157377,0,1.472028494,-1.185195684,-130.6501007
0.1552971601,0.237637952,0.004420713522,-0.008018793538,1,3.179592133,0.009156623855,1.589077711,0,2.246352673,-0.8184025884,-61.13230896
0.1552971601,0.2424815297,0.01756120659,-0.002188384766,1,1.57371068,0.0176970344,0.6013342142,0,1.876215816,-0.3190115392,-7.103280067
0.1552971601,0.2473251075,0.02113070153,-0.003561027581,1,-0.2568022013,0.02142865956,0.2407749593,0,1.252194405,1.093989253,-9.565824509
0.1552971601,0.2521686852,0.02238246612,-0.006320994813,1,-0.9454477429,0.0232578963,0.1503478885,18.9109211,0.7145633698,1.55739665,-15.77012157
0.1552971601,0.257012248,0.02001239732,-0.01037616748,1,-1.684623122,0.0225424245,0.01179939508,50.90344238,-0.4739278555,1.806109905,-27.40615082
0.1552971601,0.2618558407,0.01192735694,-0.01501187775,1,-1.621794462,0.0191733744,-0.3273028433,0,-1.642881036,0.8340266943,-51.53187561
0.1552971601,0.2666994035,0.004199688323,-0.01600115746,1,-1.112479687,0.01654310897,-0.4301945567,0,-1.548803806,-1.111722469,-75.29376221
0.1552971601,0.2715429962,-0.0009627765394,-0.011710844,1,-0.9136482477,0.0117503535,0.3267654777,25.6269722,-0.2562178373,-1.919883728,-94.69984436
0.1552971601,0.276386559,-0.001466649119,-0.005119336769,1,-0.4737507999,0.005325285718,0.4856153727,0,0.7502818704,-1.739993095,-105.9865799
0.1552971601,0.2812301517,0.0003766231239,-0.000930936425,1,-0.1654219627,0.001004234888,0.3518565297,0,0.9740053415,-1.080924988,-67.97353363
0.1552971601,0.2860737145,0.002449787222,0.001820452046,1,-0.1633224785,0.003052130807,0.308047384,0,1.058302402,-0.6511925459,36.61626816
0.1552971601,0.2909172773,0.004711514339,0.003715202445,1,-0.1990578175,0.006000091322,0.2123975456,0,1.242517591,-0.2865264416,38.25708008
0.1552971601,0.29576087,0.007503865752,0.004237029236,1,-0.1696087718,0.00861744862,0.1135579348,0,1.3689785,-0.04343355075,29.45107841
0.1552971601,0.3006044328,0.01052075438,0.00447560288,1,-0.1777297854,0.01143316645,0.04641097784,0,1.598802924,-0.02561552636,23.04524231
0.1552971601,0.3054480255,0.01438694447,0.004585895222,1,-0.1128246784,0.01510015223,-0.0537891686,0,2.279920578,0.1360372752,17.67988586
0.1552971601,0.3102915883,0.02101725154,0.003556163749,1,0.1923099756,0.02131598443,-0.7905372381,0,2.991084814,0.7124377489,9.603609085
0.1552971601,0.315135181,0.02980596386,-0.002693880815,1,-1.503351688,0.02992745303,-0.9163918495,0,3.677427769,3.163282394,-5.164395332
0.1552971601,0.3199787438,0.03154755756,-0.0162040554,1,-4.738175392,0.03546575457,-1.386502743,131.1502075,1.783586383,1.35840559,-27.1868
0.1552971601,0.3248223364,0.01549518388,-0.01598905772,1,-6.816220284,0.02226546034,-2.107999086,200.2600098,-1.253747702,-1.714668632,-45.89868927
0.1552971601,0.3296658993,-0.007539962884,-0.0181091819,1,-6.695570946,0.01961615495,-1.19396472,206.2644501,-0.7057449818,-0.4591944516,-112.60495
0.1552971601,0.3345094621,-0.02035355382,-0.01954796351,1,-3.363162994,0.02822038345,-2.273377657,71.96953583,-0.9586092234,-2.189926863,-136.1566162
0.1552971601,0.3393530548,-0.02847280353,-0.01851338334,1,-1.120424509,0.03396241739,-1.26249671,0,0.447443068,-2.914071798,-146.9675598
0.1552971601,0.3441966176,-0.02361319214,-0.01154843066,1,0.8964541554,0.02628591098,-0.2499192357,0,1.998417377,-2.099839687,-153.9382782
0.1552971601,0.3490402102,-0.01445126906,-0.009553150274,1,1.413289309,0.01732344739,-0.5195245743,0,2.369821072,-1.343409061,-146.5329285
0.1601407379,0.237637952,0.008362634107,-0.008450780064,1,0.62228477,0.01188904233,1.828412533,0,2.715897799,-0.9258617759,-45.30037689
0.1601407379,0.2424815297,0.01644700766,-0.001780509017,1,1.249312282,0.01654310338,0.6232453585,0,1.942564607,-1.257588744,-6.178625107
0.1601407379,0.2473251075,0.02382273786,0.0006591865094,1,0.1542935371,0.02383185551,0.3333240449,0,1.737495184,0.111826174,1.584997058
0.1601407379,0.2521686852,0.02561003342,-0.0007076669135,1,-1.03529799,0.02561980858,-0.2636322081,0,1.249603868,0.8971148729,-1.582817674
0.1601407379,0.257012248,0.02486074343,-0.004962973297,1,-2.998667717,0.02535128593,-0.5035731792,89.8579483,0.7715346813,2.27562809,-11.28959846
0.1601407379,0.2618558407,0.01482274197,-0.01416894421,1,-4.775408745,0.02050543018,-0.3707480431,148.8431854,-0.5694434643,1.812701464,-43.70812988
0.1601407379,0.2666994035,-0.001027462771,-0.01553868037,1,-3.693386555,0.01557261311,-0.465354681,114.6224594,-0.4176710844,-1.825702429,-93.78305054
0.1601407379,0.2715429962,-0.005089486018,-0.007579993922,1,-2.411589861,0.009130124934,-0.05204367638,52.8176918,1.731938601,-3.125543833,-123.8788681
0.1601407379,0.276386559,-0.00431940658,-0.000651943963,1,-0.9553768635,0.004368329421,0.5032636523,0,1.761005163,-1.578788042,-171.4169312
0.1601407379,0.2812301517,-0.001187362592,0.002504586009,1,-0.3290690184,0.002771782922,0.4184696674,0,1.598958373,-0.8147189617,115.3644791
0.1601407379,0.2860737145,0.001831401372,0.00532110082,1,-0.2239074707,0.005627445877,0.4404090941,0,1.432041883,-0.5929015279,71.00770569
0.1601407379,0.2909172773,0.004664311651,0.007509490941,1,-0.2402482033,0.0088401502,0.2899905145,0,1.416666746,-0.3421308696,58.15466309
0.1601407379,0.29576087,0.007529476192,0.008382829838,1,-0.2831825018,0.01126786787,0.09675981104,0,1.521642685,-0.2026846856,48.06974792
0.1601407379,0.3006044328,0.01066289004,0.008959873579,1,-0.2736433744,0.01392754726,0.1282861531,0,1.771634698,-0.3023452163,40.03985214
0.1601407379,0.3054480255,0.01478511374,0.01046862639,1,-0.3382635117,0.01811606251,-0.1096309721,0,1.970920324,-0.4194559753,35.30047226
0.1601407379,0.3102915883,0.01857079007,0.01046053506,1,0.6905622482,0.02131424472,-0.2894444764,0,3.584885597,-1.26339829,29.39164543
0.1601407379,0.315135181,0.03549357876,0.01518604718,1,-1.643464327,0.03860583156,-1.128963232,0,3.675388098,-0.9019922614,23.16382217
0.1601407379,0.3199787438,0.02841257118,0.009361183271,1,-8.033480644,0.02991497889,-3.473625422,226.7438812,0.7877037525,-0.5870301723,18.235672
0.1601407379,0.3248223364,0.0003980971233,0.001204599044,1,-8.261414528,0.001268676482,-2.638135672,245.8924408,0.560038805,-0.88313061,71.71226501
0.1601407379,0.3296658993,-0.008889640681,0.0008606800111,1,-7.56504631,0.008931208402,-1.941067815,230.1960449,-0.145157814,0.944871664,174.4699554
0.1601407379,0.3345094621,-0.03694676235,-0.01277363021,1,-5.885126114,0.03909256682,-3.947544098,136.8953247,-0.3896393776,-1.436839223,-160.9281616
0.1601407379,0.3393530548,-0.03928195685,-0.01130011398,1,-1.260875106,0.04087498784,-0.7498742342,0,3.424907684,-1.798601031,-163.9512329
0.1601407379,0.3441966176,-0.02646510117,-0.007694040425,1,0.9344582558,0.02756083943,0.08494228125,0,3.545804977,-1.146748066,-163.7895813
0.1601407379,0.3490402102,-0.01758145355,-0.005334326066,1,0.9749996662,0.01837287471,-0.3116004467,0,2.69320631,-1.2859658,-163.1218719
0.1649843156,0.237637952,0.008792288601,0.002121784259,1,0.416312933,0.009044683538,-0.4007302225,0,1.935843468,-0.007489025593,13.56740379
0.1649843156,0.2424815297,0.01448871475,0.001169437077,1,1.055569768,0.01453583315,0.04203513265,0,1.936956167,-0.3678991497,4.614548683
0.1649843156,0.2473251075,0.02328682132,0.004107332788,1,0.5395712256,0.02364627458,-0.002041816711,0,1.723646998,-0.7404769659,10.00295353
0.1649843156,0.2521686852,0.02545078844,0.004746105056,1,-0.5160348415,0.02588953823,-0.1322817206,0,1.612057328,-0.9122368693,10.56327915
0.1649843156,0.257012248,0.02859548293,0.00788510032,1,-2.985270023,0.02966271155,-0.09109394252,78.59474182,1.63519001,-0.2178467661,15.41599941
0.1649843156,0.2618558407,0.01891157031,0.005360042211,1,-7.594076157,0.01965648867,-0.8421669602,237.5075836,0.2662887573,0.8136493564,15.8241415
0.1649843156,0.2666994035,-0.006897225045,-0.0001349747909,1,-8.151453018,0.00689854566,0.3315404058,255,0.870629549,-0.2875507474,-178.878891
0.1649843156,0.2715429962,-0.01635366865,0.008358658291,1,-3.351952791,0.01836599223,0.2443135381,0,3.397619486,-1.443002224,152.927597
0.1649843156,0.276386559,-0.006676035468,0.008037670515,1,-0.08697283268,0.01044861693,0.0002421280369,0,3.144842148,-0.009865256026,129.7127991
0.1649843156,0.2812301517,-0.001542641083,0.008407614194,1,-0.295155108,0.008547965437,0.2867537737,0,2.026770592,-0.08559507132,100.3970642
0.1649843156,0.2860737145,0.001711178222,0.009841171093,1,-0.2659731507,0.009988832287,0.3843322098,0,1.505063057,-0.3037944138,80.13605499
0.1649843156,0.2909172773,0.004458968528,0.01174059883,1,-0.2698569894,0.01255882438,0.2839580774,0,1.359884262,-0.3638418913,69.2036972
0.1649843156,0.29576087,0.006990810391,0.01297884062,1,-0.3424583673,0.01474183612,0.1454366595,0,1.419909239,-0.3999179602,61.6917038
0.1649843156,0.3006044328,0.009677685797,0.01438206621,1,-0.4946600497,0.01733497716,0.03155454993,0,1.492571235,-0.5448305607,56.0634079
0.1649843156,0.3054480255,0.01182427071,0.0157706067,1,-0.6051295996,0.01971104741,-0.3052463531,0,1.393441796,-0.9644652605,53.13867188
0.1649843156,0.3102915883,0.01349593699,0.01757504418,1,-0.3853427768,0.02215902694,-0.2850935459,0,2.066868782,-1.791787148,52.47921753
0.1649843156,0.315135181,0.01996887289,0.02306839451,1,-1.78651619,0.03051076457,-1.820703387,0,1.452779531,-3.667889595,49.11929703
0.1649843156,0.3199787438,0.01187945716,0.02652203478,1,-5.757847786,0.02906096727,-2.226559877,162.0125427,1.312948227,-2.984252214,65.8719635
0.1649843156,0.3248223364,-0.001560343313,0.02673833631,1,-7.135169983,0.02678382397,-1.757733583,207.1723022,2.129660606,0.03689217567,93.33976746
0.1649843156,0.3296658993,-0.01236511581,0.01782962494,1,-8.211251259,0.02169773169,-3.407635689,232.8989563,-1.05318737,0.6531108618,124.7419052
0.1649843156,0.3345094621,-0.04643323272,0.0070698536,1,-6.354431629,0.04696837068,-0.574501276,198.7008667,0.4803800583,2.243055344,171.3427277
0.1649843156,0.3393530548,-0.04081654176,0.004182570614,1,-0.7934132814,0.04103028029,0.3738294244,0,4.443009377,1.606394291,174.1491852
0.1649843156,0.3441966176,-0.02875613049,0.001099830144,1,0.3425252438,0.02877715416,-0.5871363282,0,3.503255129,0.5305195451,177.8096771
0.1649843156,0.3490402102,-0.02218920551,-0.001230882597,1,0.5894111991,0.02222331986,-0.5672041178,0,2.122181416,0.3951859474,-176.8249359
0.1698278934,0.237637952,0.006385392509,-0.001090815873,1,0.8911417127,0.006477894727,0.8277305961,0,2.611751318,-0.6502556205,-9.694252968
0.1698278934,0.2424815297,0.0148686599,0.002488554688,1,1.419401526,0.01507547498,0.8474408388,0,1.438175797,-0.6979385614,9.501478195
0.1698278934,0.2473251075,0.02022629045,0.006394349504,1,0.2072669566,0.02121298015,0.07959139347,0,0.965867281,-1.38861227,17.54385567
0.1698278934,0.2521686852,0.02055082656,0.009599912912,1,-0.3434507251,0.02268247865,0.251110971,0,0.9913353324,-2.024531364,25.0386982
0.1698278934,0.257012248,0.0233643651,0.01741658337,1,-1.445633411,0.02914156765,0.1514005661,44.66506577,0.2345015407,-2.801670551,36.70208359
0.1698278934,0.2618558407,0.01468461473,0.02390334196,1,-4.117619038,0.02805365808,0.4518356919,125.9021378,-0.8743023872,-1.766337872,58.43621826
0.1698278934,0.2666994035,-0.0008143953746,0.02816047892,1,-5.996342659,0.0281722527,1.340456247,182.6582031,0.7151134014,1.090900421,91.65651703
0.1698278934,0.2715429962,-0.01089542825,0.02511208504,1,-2.455051661,0.02737384103,0.2800693512,54.39768982,1.721787691,2.996837139,113.4546661
0.1698278934,0.276386559,-0.004366016947,0.01500160247,1,0.1126134992,0.01562402584,-0.4448215961,0,2.092862368,1.900773525,106.2269363
0.1698278934,0.2812301517,-0.0002130347711,0.0137510132,1,-0.1281673908,0.01375266351,0.2197194397,0,1.488217592,0.4473095536,90.88757324
0.1698278934,0.2860737145,0.002221492352,0.01389925182,1,-0.2262061834,0.01407566108,0.281252265,0,1.153297067,-0.0598719418,80.91931915
0.1698278934,0.2909172773,0.0042773881,0.01540326979,1,-0.1973670125,0.01598614268,0.2500731945,0,1.038766503,-0.3733797073,74.48036957
0.1698278934,0.29576087,0.006296876352,0.01691899449,1,-0.2052387893,0.01805278473,0.2126809508,0,1.010306835,-0.4442535043,69.58584595
0.1698278934,0.3006044328,0.008176798001,0.01858518273,1,-0.3866438866,0.02030440979,0.06726646423,0,0.869404912,-0.599568665,66.25227356
0.1698278934,0.3054480255,0.008635167032,0.02014886215,1,-0.6626173258,0.0219212845,-0.09436783195,0,0.7316693068,-0.8691730499,66.80155182
0.1698278934,0.3102915883,0.008511256427,0.02233801223,1,-0.774210155,0.02390456572,0.2998649478,0,0.830776751,-1.91481328,69.1421051
0.1698278934,0.315135181,0.008909151889,0.03087582812,1,-1.36544168,0.03213549033,0.4428036213,39.81793213,0.2634341121,-3.948809385,73.90462494
0.1698278934,0.3199787438,0.003173596924,0.04360913113,1,-3.074580431,0.04372445494,0.2574319839,95.63567352,-0.4034444094,-2.881507874,85.83771515
0.1698278934,0.3248223364,-0.007936932147,0.04607952759,1,-3.943713188,0.04675807804,-1.807447076,102.4844437,-1.301375389,-0.1397104859,99.77296448
0.1698278934,0.3296658993,-0.02223139629,0.03553131968,1,-3.708567858,0.04191312194,-3.319336891,48.38114166,-0.6122305393,1.996629238,122.0335693
0.1698278934,0.3345094621,-0.02886499092,0.02033131197,1,-2.537148237,0.03530651331,0.2192046642,73.13879395,0.9971308112,4.651551247,144.8407135
0.1698278934,0.3393530548,-0.02969058976,0.01406290475,1,-1.218546271,0.03285264596,0.5220758915,0,1.657408118,3.147430897,154.6555023
0.1698278934,0.3441966176,-0.0267393291,0.00761520071,1,-0.06814002991,0.02780257165,-0.7279024124,0,2.396161556,1.744059324,164.103363
0.1698278934,0.3490402102,-0.01841463707,0.002089765854,1,1.146742344,0.01853283495,-0.7776066065,0,2.290661573,1.503937364,173.5255432
0.1746714562,0.237637952,0.0096519012,0.01045567729,1,0.07497894764,0.01422956027,-1.511993766,0,2.221231937,2.284912586,47.28911209
0.1746714562,0.2424815297,0.01521283947,0.001260371413,1,0.7057628632,0.01526496001,-0.2961068153,0,0.8002697229,0.2559666038,4.736092567
0.1746714562,0.2473251075,0.01694648713,0.007781666704,1,0.05178742111,0.01864772849,0.4387607574,0,0.2885110378,-1.615684152,24.66413879
0.1746714562,0.2521686852,0.01686110161,0.01121123508,1,-0.2108599246,0.02024817467,0.1468555927,4.640156746,-0.03436690569,-1.554634213,33.6206131
0.1746714562,0.257012248,0.01575871371,0.01602295227,1,-0.2025370598,0.02247380838,-0.0351151228,0,-0.6886253953,-2.070395947,45.47635651
0.1746714562,0.2618558407,0.01254468691,0.02106927522,1,-0.6901482344,0.02452108264,1.366882563,0,-1.556020141,-2.008614302,59.23035049
0.1746714562,0.2666994035,0.004879222251,0.03237243369,1,-0.7761210203,0.03273807094,1.58018899,0,-1.913301826,0.02757692337,81.42880249
0.1746714562,0.2715429962,-0.0004817417648,0.02858947217,1,-0.03221392632,0.02859353088,0.136403203,0,-0.8975228071,3.180287361,90.96536255
0.1746714562,0.276386559,0.0003759701212,0.01762914471,1,-0.1160324961,0.01763315313,-0.3996583819,0,0.5640283227,2.150684357,88.77825928
0.1746714562,0.2812301517,0.001688160817,0.01623668894,1,-0.1399033368,0.01632421277,0.2826604247,0,0.6369490027,0.5110562444,84.06417084
0.1746714562,0.2860737145,0.002783449367,0.01652289182,1,-0.1719421297,0.01675570197,0.2707407773,0,0.6206952333,-0.0371337235,80.43772125
0.1746714562,0.2909172773,0.003861724632,0.01772789843,1,0.006028354168,0.01814362966,0.1981999725,0,0.6310468316,-0.2856427431,77.71105194
0.1746714562,0.29576087,0.005869172513,0.01886642165,1,0.0460395813,0.01975826547,0.1751461774,0,0.6224163175,-0.3901236057,72.71955872
0.1746714562,0.3006044328,0.00709944265,0.02046582662,1,-0.1052937508,0.02166222781,0.09463647008,0,0.3712376952,-0.6604893208,70.86872101
0.1746714562,0.3054480255,0.007157292683,0.02252393216,1,-0.4217399657,0.02363375388,0.1595445275,11.62017632,0.1274076402,-0.8486120105,72.37162018
0.1746714562,0.3102915883,0.005673821084,0.02534891106,1,-0.6961055994,0.02597613446,0.4079216719,16.98643684,-0.1648293138,-1.333360791,77.38349915
0.1746714562,0.315135181,0.002987287473,0.03095796891,1,-0.2721106112,0.03110176325,0.5856141448,0,-1.070752144,-2.32771945,84.48831177
0.1746714562,0.3199787438,-0.0008304387447,0.03945986927,1,0.1018185616,0.03946860507,0.1234648824,0,-2.987872362,-1.647687912,91.20561981
0.1746714562,0.3248223364,-0.01099153794,0.03953668475,1,0.003503799438,0.04103612155,-0.8916774988,0,-3.707646847,0.4777475297,105.5363922
0.1746714562,0.3296658993,-0.0187717434,0.03282695264,1,-0.1414887905,0.03781517223,-0.9885956049,0,-2.305025816,2.180208683,119.7626114
0.1746714562,0.3345094621,-0.02284138463,0.02418838255,1,-0.561147511,0.03326870501,-0.6125566959,0,-0.3206972778,2.425382376,133.3594208
0.1746714562,0.3393530548,-0.02304302715,0.01811245829,1,-0.5026426315,0.02930942364,-0.1511394978,11.83309174,0.2976457477,2.151401281,141.831665
0.1746714562,0.3441966176,-0.02383430302,0.01303584781,1,-0.2167441547,0.02716629021,-0.8627231717,0,1.119352818,1.986965418,151.3241577
0.1746714562,0.3490402102,-0.01867117174,0.004309770186,1,0.6007595062,0.01916211843,-1.977950931,0,1.531183243,1.625191689,167.0023651
0.179515034,0.237637952,0.01012908015,0.009304711595,1,1.105239868,0.01375412382,-0.8193321228,0,0.7715371847,1.806167603,42.57100677
0.179515034,0.2424815297,0.01467423793,0.002946305554,1,-0.1373312771,0.01496709604,-0.4560381174,0,1.045069098,-0.09189109504,11.35294342
0.179515034,0.2473251075,0.01452577859,0.007540937047,1,-0.1690761298,0.0163665507,0.310113579,0,-0.02542594075,-1.240076065,27.43570709
0.179515034,0.2521686852,0.01373215206,0.01045476925,1,-0.08682698011,0.0172590334,0.1722483635,0,-0.19387573,-1.380582094,37.28329086
0.179515034,0.257012248,0.01316617522,0.01506218035,1,0.02227216959,0.02000543475,0.3443303108,0,-0.4673583806,-1.566377401,48.84259415
0.179515034,0.2618558407,0.0115763424,0.01970943063,1,-0.1283995509,0.02285767533,0.3613298833,0,-1.150250912,-1.205752134,59.57213974
0.179515034,0.2666994035,0.006972931791,0.02265246399,1,0.7218327522,0.02370139025,0.3758980632,0,-2.044645548,0.1257792264,72.89047241
0.179515034,0.2715429962,0.005169195589,0.02092090063,1,0.7200491428,0.02155005001,0.3115770519,0,-1.310053349,1.211106181,76.12117767
0.179515034,0.276386559,0.004115200602,0.01829552464,1,-0.222892046,0.01875262894,0.2513258457,0,-0.0946021378,0.9547622204,77.32347107
0.179515034,0.2812301517,0.003631387837,0.01751375198,1,-0.2820776105,0.01788626425,0.312972784,0,0.1247112602,0.4279865026,78.28599548
0.179515034,0.2860737145,0.003352984553,0.01773844659,1,-0.1548690796,0.01805256307,0.2834117413,0,0.2007991076,0.09412162006,79.29603577
0.179515034,0.2909172773,0.003853852861,0.01843059063,1,0.1320806444,0.01882920228,0.277431339,0,0.2607350945,-0.1297613084,78.18956757
0.179515034,0.29576087,0.005255618133,0.01971071586,1,0.07948245108,0.02039935812,0.1347527802,0,0.2471762747,-0.3736948669,75.07013702
0.179515034,0.3006044328,0.005436049774,0.02089329623,1,-0.04304555058,0.02158889733,0.0615131557,0,0.05171728134,-0.5780928135,75.41603851
0.179515034,0.3054480255,0.005297620315,0.02280869707,1,-0.08654440939,0.02341583744,0.1052625179,0,-0.2039893419,-0.7242875099,76.92414856
0.179515034,0.3102915883,0.004028826952,0.02491128631,1,-0.2658080459,0.02523496747,0.1511564255,0,-0.7306616306,-0.7157347202,80.81327057
0.179515034,0.315135181,0.0004711418878,0.02700755186,1,-0.08408880234,0.02701166086,0.0807788372,0,-1.616701722,-0.6898723841,89.00058746
0.179515034,0.3199787438,-0.004209084436,0.02864399552,1,0.6594437361,0.02895159461,-0.2391842157,0,-2.809295177,-0.4656195641,98.35948181
0.179515034,0.3248223364,-0.009941831231,0.02810430899,1,0.5847092867,0.02981094085,-0.03681337833,0,-3.113965988,0.7047705054,109.4811096
0.179515034,0.3296658993,-0.01645973511,0.02505207621,1,0.2715011835,0.02997548133,0.07172870636,0,-2.365540504,1.436087847,123.305748
0.179515034,0.3345094621,-0.02008444257,0.02149594948,1,0.2254279852,0.02941871248,0.128030479,0,-0.9567975998,1.596556187,133.0557709
0.179515034,0.3393530548,-0.02000218071,0.01793915778,1,0.06510096788,0.02686820738,-0.02913081646,0,-0.3148213923,1.500579119,138.1123505
0.179515034,0.3441966176,-0.02129398286,0.01408668049,1,0.06611918658,0.02553171106,-0.3702414632,0,-0.09111518413,1.971585274,146.5140381
0.179515034,0.3490402102,-0.02012325078,0.00659633847,1,-0.02073967457,0.02117680199,-1.206288218,0,0.5041544437,1.886598706,161.8510132
0.1843586117,0.237637952,0.01443171594,0.008839362301,1,-0.928650856,0.01692361571,-0.1428176016,0,0.1553323269,0.6218827367,31.48728371
0.1843586117,0.2424815297,0.01255890168,0.006987419445,1,-1.008141637,0.01437184867,-0.5378453732,19.15959358,0.5973762274,-0.4631248415,29.09033203
0.1843586117,0.2473251075,0.01244214177,0.008477447554,1,-0.3782703578,0.01505569741,-0.1000932753,11.33986473,0.05816432834,-0.8650890589,34.26854324
0.1843586117,0.2521686852,0.01100844331,0.01069273613,1,-0.3089147806,0.01534667518,0.1051951051,5.650257111,-0.2283971906,-0.9630129933,44.16652298
0.1843586117,0.257012248,0.00983963348,0.0136513887,1,-0.02969656885,0.01682791859,0.1509253681,0,-0.497554481,-0.9695525169,54.21673203
0.1843586117,0.2618558407,0.008454661816,0.01611985825,1,0.2599307001,0.01820250414,0.1587765813,0,-0.7823747396,-0.9398724437,62.32355499
0.1843586117,0.2666994035,0.00730913505,0.01897278056,1,0.4904832244,0.02033198997,0.2991497219,0,-0.8128005862,-0.2452111691,68.93115997
0.1843586117,0.2715429962,0.006893492769,0.01875651255,1,0.2553017437,0.01998316683,0.1052391082,0,-0.4806276262,0.2543548346,69.82035065
0.1843586117,0.276386559,0.006217751652,0.01825052686,1,-0.06720922142,0.01928061619,0.2492980659,0,-0.2665188611,0.362749368,71.18659973
0.1843586117,0.2812301517,0.00527705485,0.01820700243,1,-0.1830353141,0.01895632409,0.2731395364,0,-0.1484737694,0.2741571069,73.83647919
0.1843586117,0.2860737145,0.004612061661,0.0182455983,1,-0.1344865412,0.01881948486,0.2330311835,0,-0.01005145907,0.2032919228,75.81412506
0.1843586117,0.2909172773,0.004576975945,0.01835104637,1,0.02413593233,0.01891321316,0.256165415,0,-0.003536218777,-0.03970295936,75.99546051
0.1843586117,0.29576087,0.004711837973,0.01967865974,1,0.1048592106,0.02023489773,0.1905958056,0,-0.1006529853,-0.3407823443,76.53466797
0.1843586117,0.3006044328,0.004597349092,0.02092481777,1,0.07089912146,0.02142390236,0.131480217,0,-0.1850380898,-0.3385068178,77.6085434
0.1843586117,0.3054480255,0.004158996977,0.02195507847,1,0.09245367348,0.02234552987,0.02725881338,0,-0.4347847104,-0.4212813079,79.27344513
0.1843586117,0.3102915883,0.002939242171,0.02309735678,1,-0.04068794847,0.0232836213,-0.0525727272,0,-0.8103154898,-0.3786871135,82.74784088
0.1843586117,0.315135181,3.709546218e-05,0.02353463881,1,-0.1792565584,0.02353466861,-0.1083684117,0,-1.303831577,-0.01781651005,89.90968323
0.1843586117,0.3199787438,-0.004244210664,0.02265876159,1,-0.0153798461,0.02305282652,-0.07081227005,0,-1.593623161,0.3240971565,100.6091232
0.1843586117,0.3248223364,-0.007756235544,0.02162186429,1,0.206802845,0.02297094278,0.1684831977,0,-1.698325515,0.7062107921,109.7340164
0.1843586117,0.3296658993,-0.01146851666,0.02005423605,1,0.09856510162,0.0231019333,0.4929709733,0,-1.488446951,1.145317912,119.7641602
0.1843586117,0.3345094621,-0.01448821556,0.01846218109,1,0.05196785927,0.02346828766,0.5576392412,0,-0.9701808691,1.338459015,128.1230927
0.1843586117,0.3393530548,-0.01591595262,0.01627227478,1,0.1757964939,0.02276190929,0.09827762842,0,-0.5040361285,1.375827074,134.3657684
0.1843586117,0.3441966176,-0.01607806981,0.01227427088,1,0.3429551125,0.02022775449,-0.1714122891,5.861627579,-0.2314842939,1.773459911,142.6412811
0.1843586117,0.3490402102,-0.01537603512,0.006852135528,1,-0.03982387483,0.01683372259,-0.2879557014,0,0.3297056556,1.950934172,155.9804535
0.1892021894,0.237637952,0.01244946942,0.01455506869,1,0.7591305971,0.01915304922,-1.797954798,0,-1.842424273,-0.215524435,49.4584465
0.1892021894,0.2424815297,0.009825960733,0.01072275639,1,-0.03543044627,0.01454396825,-0.9267400503,0,-0.5010792613,0.08495560288,47.4989357
0.1892021894,0.2473251075,0.009850842878,0.009654842317,1,0.005615824834,0.01379329897,-0.3487015963,0,-0.05696551502,-0.3738908172,44.4242897
0.1892021894,0.2521686852,0.00957724452,0.01084476244,1,-0.1212511212,0.01446832623,0.3365148306,0,-0.01289622113,-0.3120216131,48.55157852
0.1892021894,0.257012248,0.009201090783,0.01279607415,1,-0.1341399252,0.01576069742,0.5191071033,0,-0.2342242897,-0.2687775791,54.28176117
0.1892021894,0.2618558407,0.00779304374,0.0146609433,1,-0.02542358637,0.01660345681,0.4035274386,0,-0.3806612492,-0.3281286955,62.00706482
0.1892021894,0.2666994035,0.007234187331,0.01633990742,1,0.2394030094,0.01786969602,0.2167612016,0,-0.4215260148,-0.33973369,66.11952972
0.1892021894,0.2715429962,0.006910916883,0.01735636964,1,0.1645327955,0.01868165843,-0.1041405722,0,-0.1964280754,-0.308585614,68.28866577
0.1892021894,0.276386559,0.007079700008,0.01733015291,1,-0.0368469283,0.01872047968,-0.02716352418,0,-0.09294458479,-0.09421806037,67.7790451
0.1892021894,0.2812301517,0.006282261573,0.01768115349,1,-0.116335094,0.01876406185,0.09016171843,0,-0.216755569,-0.1185692474,70.4394455
0.1892021894,0.2860737145,0.005466349423,0.01834115759,1,-0.2216245979,0.01913841814,0.1260361075,5.383430958,-0.06328056753,-0.001020140946,73.40398407
0.1892021894,0.2909172773,0.004902305547,0.01829655841,1,-0.2361848801,0.0189419277,0.1663795412,5.10625124,0.04249097407,0.08913417906,75.00070953
0.1892021894,0.29576087,0.004528177902,0.01871530153,1,-0.09165140986,0.01925530843,0.1655374169,0,-0.005178913474,-0.1146451533,76.39864349
0.1892021894,0.3006044328,0.004433300346,0.01965364441,1,0.06284179538,0.02014745399,0.1230272502,0,-0.2980059981,-0.1948525459,77.28845978
0.1892021894,0.3054480255,0.003389141755,0.02025497705,1,-0.0008707940578,0.02053656243,-0.03821258247,0,-0.5138962269,-0.3540722728,80.5010376
0.1892021894,0.3102915883,0.001939986367,0.02118353546,1,-0.1702274084,0.02127218246,-0.2035494,0,-0.5584047437,-0.4731038809,84.76745605
0.1892021894,0.315135181,-0.0001400446054,0.02156058513,1,-0.5960490704,0.02156103961,-0.2354287803,11.0563221,-0.4201968014,-0.1974642873,90.37215424
0.1892021894,0.3199787438,-0.002982279286,0.0209996514,1,-1.247978449,0.02121035941,-0.04984673858,39.1423912,0.09900587797,0.5042711496,98.0828476
0.1892021894,0.3248223364,-0.005705182906,0.01887667179,1,-1.100910068,0.01971998625,0.03491693735,34.6223259,-0.04334259033,0.7852695584,106.8166351
0.1892021894,0.3296658993,-0.008524555713,0.01736526005,1,-0.7965370417,0.01934477501,0.2593089342,22.06488228,-0.2760949433,0.740685761,116.146286
0.1892021894,0.3345094621,-0.01090054307,0.01654509269,1,-0.5915901065,0.01981317624,0.2527231574,13.85934925,-0.3039636612,0.8140694499,123.3784332
0.1892021894,0.3393530548,-0.01286223996,0.0146463355,1,0.1162527204,0.01949236728,0.09430706501,0,-0.6600238681,1.176307678,131.2892303
0.1892021894,0.3441966176,-0.01353434101,0.01130433846,1,0.3340690136,0.01763424091,0.1215831637,8.202567101,-0.1701911688,1.414047718,140.130249
0.1892021894,0.3490402102,-0.01206848491,0.00838618353,1,-0.842779398,0.01469613612,0.6364858747,0,1.448055744,1.841440678,145.2052307
0.1940457672,0.237637952,0.004679272417,-0.003761471482,1,4.566649437,0.006003687158,0.1493293047,0,-2.996578217,-3.357782841,-38.79434967
0.1940457672,0.2424815297,0.008481653407,0.004732013214,1,1.676903367,0.009712384082,0.9545823336,0,-0.7967818975,-1.509670734,29.15765762
0.1940457672,0.2473251075,0.008942209184,0.008174329996,1,0.5787508488,0.0121153947,0.4819042087,0,-0.03257921338,-0.8570953012,42.43133163
0.1940457672,0.2521686852,0.01112707797,0.01121756155,1,0.1408380419,0.01580017619,0.835329473,0,0.2947734594,-0.1953755021,45.2320137
0.1940457672,0.257012248,0.0110521242,0.01316662226,1,-0.3146757483,0.01719038561,0.7106051445,0,-0.1616697907,0.05371972919,49.98974228
0.1940457672,0.2618558407,0.008819861338,0.014399237,1,-0.3938414454,0.01688573323,0.4808978736,0,-0.5019046664,-0.05690649152,58.51158142
0.1940457672,0.2666994035,0.006713508163,0.01577151939,1,-0.2878723145,0.01714094542,0.1618199646,0,-0.5225698948,-0.376817733,66.94186401
0.1940457672,0.2715429962,0.004894421436,0.01700817049,1,-0.03997863829,0.017698396,-0.1884657294,0,-0.1837563068,-0.6441813707,73.9458313
0.1940457672,0.276386559,0.005629830528,0.0179788135,1,-0.1086264998,0.01883965917,-0.2257939875,0,0.1592170745,-0.3728831112,72.61273956
0.1940457672,0.2812301517,0.005139460787,0.01772060804,1,-0.05070151389,0.01845085435,-0.1292293966,0,-0.0344100222,-0.342653513,73.82639313
0.1940457672,0.2860737145,0.005217586178,0.01901254989,1,-0.06892289221,0.01971548237,0.1530589759,0,0.2083070129,-0.2557777762,74.65419769
0.1940457672,0.2909172773,0.005814576522,0.01970083453,1,-0.3166873753,0.02054098807,0.3003449142,0,0.263163358,0.07634808868,73.5563736
0.1940457672,0.29576087,0.00495833857,0.02009749599,1,-0.4469327927,0.02070010826,0.03473776206,0,0.1238000244,0.142883271,76.14107513
0.1940457672,0.3006044328,0.004249457736,0.01917702332,1,-0.1802553385,0.01964220218,-0.1027113944,0,-0.3770607114,0.02679948509,77.50565338
0.1940457672,0.3054480255,0.002258934779,0.01947019994,1,-0.3115552366,0.01960080303,-0.02273604274,0,-0.6356037855,-0.4439466596,83.38212585
0.1940457672,0.3102915883,-0.0003381803981,0.02121718973,1,-0.4527540803,0.02121988498,0.03714811802,0,-0.4388575852,-0.9778439999,90.9131546
0.1940457672,0.315135181,-0.00205965573,0.02438639291,1,-0.7594185472,0.02447321638,0.4259839952,0,0.4074080586,-1.218625784,94.82769012
0.1940457672,0.3199787438,-0.002043170622,0.02918298542,1,-1.867484331,0.02925442159,0.4372902811,0,1.511560917,-0.04951548576,94.00487518
0.1940457672,0.3248223364,-0.003783598542,0.02674427442,1,-2.097313166,0.02701058611,-0.2854066789,0,1.151360869,1.078863263,98.05237579
0.1940457672,0.3296658993,-0.006624964532,0.02257503755,1,-1.647242785,0.02352705784,-0.3189574778,0,0.5039678216,1.103332758,106.355072
0.1940457672,0.3345094621,-0.00932112243,0.01985532232,1,-1.00722301,0.02193438262,-0.7126836777,0,0.3596300781,1.364854813,115.1478119
0.1940457672,0.3393530548,-0.009761631489,0.01251231879,1,0.5108861327,0.01586970501,-0.3945696354,0,-0.3702875972,1.674866438,127.9599838
0.1940457672,0.3441966176,-0.0086401226,0.009831847623,1,0.9634001255,0.01308881026,1.571575046,0,0.3553823531,0.4493354559,131.30867
0.1940457672,0.3490402102,-0.003374005901,0.01794797368,1,-0.8868834972,0.01826235652,3.47069478,0,3.061350822,0.1194113493,100.6466675
