PIVlab, ASCII chart output - 13-Mar-2024
FRAME: 6, filenames: A:[6]2 vortices tapados mismo sentido clase 4.mp4 & B:[7]2 vortices tapados mismo sentido clase 4.mp4, conversion factor xy (px -> m): 0.00030272, conversion factor uv (px/frame -> m/s): 0.0090842
x [m],y [m],u [m/s],v [m/s],Vector type [-],vorticity [1/s],magnitude [m/s],divergence [1/s],dcev [1],simple shear [1/s],simple strain [1/s],vector direction [degrees]
0.1262357086,0.237637952,0.006012041587,-0.002972250339,1,0.5414284468,0.006706632208,0.08486732841,0,0.05126932263,0.9528229237,-26.30700302
0.1262357086,0.2424815297,0.007447430398,-0.005074255634,1,0.3002240062,0.009011786431,-0.1658283174,0,0.1909127533,0.7255654335,-34.26829147
0.1262357086,0.2473251075,0.008390900679,-0.007289785426,1,-0.05410459638,0.01111522317,-0.2579924464,0,0.3690389693,0.4512493014,-40.98321915
0.1262357086,0.2521686852,0.008972839452,-0.008509523235,1,0.0393479988,0.01236623805,-0.2374103963,0,0.1975829005,0.2726630867,-43.48190689
0.1262357086,0.257012248,0.009538492188,-0.009760362096,1,-0.3522550166,0.01364725176,-0.2603337765,0,0.33500579,0.08093994111,-45.65867233
0.1262357086,0.2618558407,0.008889291435,-0.01016250905,1,-0.6480755806,0.01350170653,-0.0747705996,0,0.2308765352,-0.09366479516,-48.82334518
0.1262357086,0.2666994035,0.007517755963,-0.009668846615,1,-0.5323146582,0.01224758103,0.1686355323,0,0.0004818439484,-0.155235514,-52.13409805
0.1262357086,0.2715429962,0.006313317921,-0.008593814448,1,-0.2221373618,0.01066356618,0.3957441449,0,-0.1161046848,-0.1425914913,-53.69769287
0.1262357086,0.276386559,0.005879454315,-0.007061376236,1,0.06621742249,0.009188635275,0.3431822062,0,-0.2668200433,-0.08167019486,-50.21850204
0.1262357086,0.2812301517,0.005341683514,-0.00653600879,1,0.02481661737,0.008441149257,0.3406371474,0,-0.1708295345,0.1792269349,-50.74190903
0.1262357086,0.2860737145,0.005172229372,-0.00627957331,1,0.08381404728,0.008135416545,0.2911441326,0,-0.01688669622,0.369772315,-50.52310181
0.1262357086,0.2909172773,0.00566585036,-0.006916849408,1,0.0006036832929,0.00894117821,-0.005993574858,0,0.01857017912,0.4657556117,-50.67781067
0.1262357086,0.29576087,0.005265099462,-0.008564527147,1,-0.1812528372,0.01005347725,0.09164446592,0,0.03836686164,0.5815312266,-58.41860962
0.1262357086,0.3006044328,0.004973771051,-0.009289653972,1,-0.2646786273,0.01053736545,0.4844155908,0,0.09347108006,0.6981381774,-61.83497238
0.1262357086,0.3054480255,0.004435842391,-0.009599708952,1,-0.2495676875,0.01057502348,0.6029660702,0,0.08563563228,0.698828578,-65.19924927
0.1262357086,0.3102915883,0.004179753363,-0.009753971361,1,-0.07672989368,0.01061179955,0.4036694169,0,0.09817381203,0.7159573436,-66.80399323
0.1262357086,0.315135181,0.004539707676,-0.01111229975,1,0.2419949174,0.01200383902,-0.1138161719,0,0.01209323853,0.772654891,-67.77851868
0.1262357086,0.3199787438,0.005410449114,-0.01404766273,1,-0.055891525,0.01505356375,-0.692820549,0,0.002631343901,0.4598914385,-68.93584442
0.1262357086,0.3248223364,0.004281737842,-0.01669554971,1,-1.169470549,0.01723585464,-0.7310943007,0,-0.1527104974,0.001754164696,-75.61593628
0.1262357086,0.3296658993,-0.0009936374845,-0.01759727113,1,-1.551228285,0.01762530208,0.08701747656,0,-0.4738596082,0.3621050715,-93.23179626
0.1262357086,0.3345094621,-0.005526902154,-0.0180279538,1,-1.269728422,0.01885613427,0.906761229,0,-0.1953581572,0.5446758866,-107.0441818
0.1262357086,0.3393530548,-0.008089898154,-0.01584348269,1,-0.05957683921,0.01778938994,1.037698746,0,0.456299752,0.1558491886,-117.049469
0.1262357086,0.3441966176,-0.003605343867,-0.01375664677,1,1.224388957,0.01422124542,-0.8041460514,0,1.393590808,-1.220967531,-104.6857986
0.1262357086,0.3490402102,0.004590489902,-0.01382457558,1,1.488318801,0.01456679404,-3.227649212,0,1.895877361,-3.19960022,-71.63110352
0.1310792714,0.237637952,0.008525100537,-0.004159308504,1,0.1459895521,0.009485630319,0.1124165505,0,-0.03124345466,0.5995255113,-26.00727081
0.1310792714,0.2424815297,0.00880299136,-0.00533898361,1,0.09646354616,0.01029550377,0.05426232517,2.245628595,-0.02754217014,0.4890061617,-31.23666382
0.1310792714,0.2473251075,0.008858926594,-0.006265024189,1,0.00543144159,0.01085039694,-0.1247679442,0,0.04726151377,0.4507011175,-35.26791382
0.1310792714,0.2521686852,0.009058213793,-0.008126312867,1,-0.08089505881,0.0121691497,-0.09231173992,0,0.1315008998,0.2857033014,-41.89594269
0.1310792714,0.257012248,0.00910403952,-0.008095966652,1,-0.2285344154,0.01218311209,-0.007692087442,6.014829159,0.1094414443,-0.02677586675,-41.64579773
0.1310792714,0.2618558407,0.008481377736,-0.008033879101,1,-0.3407228291,0.01168233622,-0.04626458883,10.11019611,0.01992037892,0.01207313128,-43.44788742
0.1310792714,0.2666994035,0.007550207898,-0.008378529921,1,-0.3034933209,0.0112785371,-0.02206121758,9.066185951,-0.01754613221,0.04052626714,-47.97679901
0.1310792714,0.2715429962,0.006926398259,-0.008337026462,1,-0.1708424687,0.0108388653,0.03182483837,4.865176201,-0.04334396869,-0.0735951066,-50.28020859
0.1310792714,0.276386559,0.006512779277,-0.007867920212,1,0.01419427246,0.01021373924,0.08307151496,0,-0.08144156635,-0.1909419447,-50.38327026
0.1310792714,0.2812301517,0.006600680761,-0.007009821013,1,0.08399967104,0.009628425352,0.1662271619,0,-0.03031099401,-0.1113510728,-46.72182465
0.1310792714,0.2860737145,0.006772824563,-0.006523448508,1,0.04361432046,0.009403537959,0.1253201663,0,-0.006737997755,0.09714204073,-43.92552185
0.1310792714,0.2909172773,0.00677929353,-0.006873338483,1,-0.04478380084,0.009654097259,-0.02900719643,0,0.0700872615,0.2825822532,-45.39466858
0.1310792714,0.29576087,0.00689538382,-0.008032656275,1,-0.1036511511,0.01058630645,0.09349402785,0,0.322159946,0.413289696,-49.35658264
0.1310792714,0.3006044328,0.007837657817,-0.0084222937,1,-0.1889088601,0.01150495093,0.3029344678,0,0.3320097923,0.4588654041,-47.05921173
0.1310792714,0.3054480255,0.007588504348,-0.008787919767,1,-0.2069833577,0.01161089726,0.3739292622,0,0.01158786565,0.5614144802,-49.18888474
0.1310792714,0.3102915883,0.006891244557,-0.009330392815,1,-0.05725893378,0.011599374,0.1714517772,0,-0.2427741289,0.7662913799,-53.55115509
0.1310792714,0.315135181,0.006135270931,-0.01166907139,1,-0.02056254447,0.01318365522,-0.08092683554,0,-0.4016251564,0.8637344241,-62.26586151
0.1310792714,0.3199787438,0.004846345633,-0.01390593313,1,-0.2543190718,0.01472623646,-0.1967956126,0,-0.4930284023,0.3325874507,-70.78608704
0.1310792714,0.3248223364,0.002515435452,-0.01423317939,1,-0.4528483152,0.01445374731,-0.1757510751,0,-0.5283078551,0.04767604172,-79.97758484
0.1310792714,0.3296658993,9.40391692e-05,-0.01498811971,1,-0.5294151306,0.01498841494,0.09962860495,9.772669792,-0.4052840769,0.345911026,-89.64051819
0.1310792714,0.3345094621,-0.002011838835,-0.01542606391,1,-0.5923740268,0.01555670146,0.3925897777,0,-0.500500977,0.3112496436,-97.4304657
0.1310792714,0.3393530548,-0.005199385807,-0.01459414233,1,-0.62612468,0.01549266279,0.4605552554,0,-0.7154223323,0.0312884897,-109.6092148
0.1310792714,0.3441966176,-0.008509726264,-0.01334687695,1,-0.6282252669,0.01582891494,-0.4596807957,0,-0.5641821027,-0.8223433495,-122.5208359
0.1310792714,0.3490402102,-0.01097490359,-0.01283755805,1,-0.7868307829,0.01688938774,-1.871912956,0,-0.2310819924,-2.082219124,-130.5273285
0.1359228492,0.237637952,0.009460383095,-0.003830690868,1,0.00263248384,0.01020651963,-0.2821042836,0,0.2527186871,0.4793969095,-22.04397011
0.1359228492,0.2424815297,0.01007878967,-0.005674886052,1,0.02562369965,0.01156660449,-0.04021504521,0,0.07950475067,0.6321159601,-29.38179016
0.1359228492,0.2473251075,0.009969580919,-0.007087178528,1,0.04625581205,0.01223195158,0.1088552624,0,-0.08119787276,0.4816958904,-35.40827179
0.1359228492,0.2521686852,0.009909545071,-0.007480768487,1,-0.1135798693,0.01241615787,0.1485981494,0,-0.009890347719,0.3625258207,-37.04935074
0.1359228492,0.257012248,0.009371544234,-0.008123352192,1,-0.02384280413,0.01240220573,0.07142630965,0,-0.2209891081,0.2644530237,-40.91908646
0.1359228492,0.2618558407,0.008723682724,-0.008415708318,1,-0.04341265559,0.01212133653,0.08304491639,0,-0.3208535016,0.116179347,-43.97057343
0.1359228492,0.2666994035,0.007607192732,-0.008283841424,1,-0.2166437656,0.01124684047,0.07740688324,0,-0.3227678537,-0.01331980526,-47.43820953
0.1359228492,0.2715429962,0.006111000665,-0.007976266555,1,-0.2972531319,0.0100481417,-0.08659780771,6.898141384,-0.1673242152,-0.2433510125,-52.5425415
0.1359228492,0.276386559,0.005356976297,-0.00752459513,1,-0.1952482015,0.009236705489,-0.1405256391,3.006272316,0.09129180014,-0.323569268,-54.55184174
0.1359228492,0.2812301517,0.005607479718,-0.007089680526,1,-0.001422822475,0.009039214812,-0.1279897988,0,0.1857420355,-0.3346834779,-51.65827942
0.1359228492,0.2860737145,0.00624974072,-0.006523458287,1,0.03396333754,0.009034088813,-0.0584859252,0,0.2316633016,-0.2090398073,-46.22760773
0.1359228492,0.2909172773,0.006894059014,-0.006360463332,1,-0.04808573425,0.009379954077,-0.006911451928,0,0.3515806794,-0.01132494863,-42.69465256
0.1359228492,0.29576087,0.007719742134,-0.006502081174,1,-0.1589162648,0.01009314042,0.05567761883,0,0.5242543221,0.1395174116,-40.10631943
0.1359228492,0.3006044328,0.008663602173,-0.006766547915,1,-0.2283177078,0.01099291444,-0.01569479704,0,0.4856695235,0.4052672982,-37.99096298
0.1359228492,0.3054480255,0.008966245688,-0.008541043848,1,-0.1891218275,0.01238317322,-0.02107453346,0,0.2011327893,0.7812206745,-43.60872269
0.1359228492,0.3102915883,0.008721778169,-0.01065252721,1,0.01760140061,0.01376756188,0.08060139418,0,-0.1486933976,0.9925221801,-50.69102478
0.1359228492,0.315135181,0.008331291378,-0.01295800321,1,-0.04587721825,0.01540520228,0.1116732955,0,-0.5019847155,1.051338434,-57.26118851
0.1359228492,0.3199787438,0.006068166345,-0.01520386804,1,-0.1157484949,0.01637010276,0.06382125616,0,-0.8483929634,0.9109306931,-68.24207306
0.1359228492,0.3248223364,0.003661397379,-0.01706104353,1,0.05883145332,0.01744950004,0.1938813478,0,-1.071265101,0.5638899803,-77.8877182
0.1359228492,0.3296658993,0.001164365094,-0.01699603349,1,-0.05229640007,0.01703587174,0.08032245189,0,-1.140875697,0.1880772114,-86.0809021
0.1359228492,0.3345094621,-0.00211780658,-0.01758296043,1,-0.2771064341,0.01771004312,-0.1430431604,0,-1.141676068,-0.2917001247,-96.86798859
0.1359228492,0.3393530548,-0.005707618315,-0.01627600193,1,-0.4200409055,0.01724775881,0.1054295599,0,-1.169096708,-0.7485902309,-109.3245926
0.1359228492,0.3441966176,-0.009814918041,-0.0134464493,1,-0.7346383333,0.01664751023,0.3457133174,0,-1.093351126,-0.7161535621,-126.1266937
0.1359228492,0.3490402102,-0.01456162706,-0.01113276742,1,-1.168047667,0.0183297433,0.6729390025,0,-0.791947484,-0.2824187279,-142.6010895
0.1407664269,0.237637952,0.009480702691,-0.002947996603,1,0.2367589176,0.00992846489,-0.4976375997,0,0.667203784,0.3818816245,-17.27292824
0.1407664269,0.2424815297,0.01166990958,-0.005078006536,1,0.05759681761,0.01272685919,-0.06562909484,0,0.4045830965,0.7466546297,-23.51562881
0.1407664269,0.2473251075,0.01171930693,-0.006882356014,1,-0.1239833683,0.01359076798,0.2142559886,0,0.09589935839,0.7399166226,-30.42428589
0.1407664269,0.2521686852,0.01153388247,-0.007624084596,1,-0.05245507136,0.01382595766,0.2129925489,0,-0.1516113132,0.6607003212,-33.46535492
0.1407664269,0.257012248,0.01073089708,-0.00905086007,1,-0.08579556644,0.01403816976,0.114717871,0,-0.3451970816,0.4767644703,-40.14559937
0.1407664269,0.2618558407,0.009446335956,-0.009377685376,1,-0.07972924411,0.01331068203,0.1019013226,0,-0.5128654242,0.06921681762,-44.79104614
0.1407664269,0.2666994035,0.007860618643,-0.008892550133,1,-0.199210465,0.01186873112,0.08439780027,0,-0.6510020494,-0.2603844702,-48.52474594
0.1407664269,0.2715429962,0.005328265484,-0.007707705721,1,-0.2887456417,0.009370119311,0.03305268288,0,-0.4536227584,-0.4650313556,-55.34425735
0.1407664269,0.276386559,0.00426489953,-0.006480041426,1,-0.2263999581,0.007757596672,-0.1004112661,6.036093712,0.0264282003,-0.431660682,-56.64871597
0.1407664269,0.2812301517,0.004359686747,-0.006103273481,1,-0.1203117818,0.007500454318,-0.1300482452,0,0.3705696464,-0.3187864125,-54.46104431
0.1407664269,0.2860737145,0.005477042869,-0.005565873347,1,-0.03374369442,0.007808773778,0.01058220118,0,0.515058279,-0.2300981581,-45.46088028
0.1407664269,0.2909172773,0.006690964103,-0.004937523045,1,-0.09484657645,0.008315535262,0.04843083024,0,0.582870841,-0.1254502684,-36.42506027
0.1407664269,0.29576087,0.007840826176,-0.004723666701,1,-0.08343559504,0.009153774008,0.01496605761,0,0.7097532749,0.02044093795,-31.06665039
0.1407664269,0.3006044328,0.009724582545,-0.004964041058,1,-0.01220148802,0.01091829687,-0.08032386005,0,0.7202535272,0.3685229421,-27.04263878
0.1407664269,0.3054480255,0.01127033122,-0.006897691172,1,-0.1252908558,0.01321357302,-0.06844854355,0,0.6134464145,0.9993187189,-31.46755219
0.1407664269,0.3102915883,0.01208900195,-0.01013585459,1,-0.2557420135,0.01577591524,0.02425664663,0,0.35857445,1.465458393,-39.97768021
0.1407664269,0.315135181,0.01176840812,-0.01387826353,1,-0.3043024242,0.01819619723,0.07500636578,6.015995502,-0.2162568867,1.586017251,-49.70291519
0.1407664269,0.3199787438,0.00956763234,-0.0174545534,1,-0.08632600307,0.0199047979,0.4001901746,0,-1.066261768,1.603562355,-61.27085495
0.1407664269,0.3248223364,0.00618575979,-0.01970688999,1,-0.03633385897,0.02065490559,0.5964874029,0,-1.651174545,1.175849319,-72.57354736
0.1407664269,0.3296658993,0.001394053805,-0.02026073821,1,0.1201223135,0.02030863985,-0.05554178357,0,-2.247339725,-0.07478713989,-86.0639267
0.1407664269,0.3345094621,-0.004117551725,-0.01961367391,1,-0.2388849854,0.02004121803,-0.3903422356,0,-1.765550375,-0.8112059832,-101.8560867
0.1407664269,0.3393530548,-0.008314584382,-0.01822225191,1,-0.4271043539,0.02002954669,-0.2652806938,0,-0.8501397371,-1.200404286,-114.526619
0.1407664269,0.3441966176,-0.01030398253,-0.01508432999,1,0.04270295799,0.01826770604,0.4885357022,0,-0.2014294267,-0.9992827773,-124.3366699
0.1407664269,0.3490402102,-0.009083388373,-0.01101588737,1,0.1907884628,0.01427787542,1.104149461,0,0.3132151961,-0.5757782459,-129.5080261
0.1456100047,0.237637952,0.008899710141,-0.001745797577,1,0.9124975801,0.009069324471,-0.7862722874,0,0.9364165664,0.1421461403,-11.09841156
0.1456100047,0.2424815297,0.01337738987,-0.003994231112,1,0.2422170341,0.01396096125,-0.1541627645,0,0.9328398705,0.7287304401,-16.62461472
0.1456100047,0.2473251075,0.01459119003,-0.006022159476,1,-0.148278892,0.01578509621,0.1656958461,0,0.3060041666,0.9846789241,-22.42719841
0.1456100047,0.2521686852,0.01414134447,-0.007961039431,1,-0.2854256928,0.01622823998,0.2532424927,0,-0.2007353306,0.946455121,-29.3778553
0.1456100047,0.257012248,0.01223643497,-0.009379783645,1,-0.3879901469,0.0154178692,0.1350987256,0,-0.5594165325,0.6621054411,-37.47180557
0.1456100047,0.2618558407,0.00955250673,-0.01051363721,1,-0.1874809861,0.01420517359,-0.005703985691,0,-0.9442542195,0.2198205143,-47.74226379
0.1456100047,0.2666994035,0.006754787639,-0.0104721291,1,-0.1489309371,0.01246164646,-0.05979673564,0,-0.9935774803,-0.4187825322,-57.17696381
0.1456100047,0.2715429962,0.00401867833,-0.008774861693,1,-0.1755101681,0.009651320055,0.001446664333,0,-0.6451524496,-0.859926343,-65.39334869
0.1456100047,0.276386559,0.00277984445,-0.006300002337,1,-0.0683150962,0.006886041258,-0.03008258343,0.9516149759,-0.05249729007,-0.8688847423,-66.19077301
0.1456100047,0.2812301517,0.003433514154,-0.004712058231,1,-0.06457708776,0.005830309819,-0.02399656177,0,0.5614522696,-0.5266640186,-53.92047119
0.1456100047,0.2860737145,0.005186498165,-0.00386529346,1,-0.1627495289,0.00646840455,-0.01224268973,0,0.8001925349,-0.3496330976,-36.69571686
0.1456100047,0.2909172773,0.006521009374,-0.003077886533,1,-0.2226436734,0.007210890763,0.002355091274,0,0.7810615897,-0.2464453578,-25.26709557
0.1456100047,0.29576087,0.007891238667,-0.00266020908,1,-0.1464898884,0.008327566087,0.01650258899,0,0.8770464659,0.04560477659,-18.62943268
0.1456100047,0.3006044328,0.01005951688,-0.003218845231,1,0.05064070225,0.01056195237,-0.1282209605,0,1.102174282,0.3471927643,-17.74363899
0.1456100047,0.3054480255,0.01347498782,-0.004962912295,1,0.1029697061,0.0143598672,-0.207590133,0,1.110557079,0.7128436565,-20.21903038
0.1456100047,0.3102915883,0.01593732834,-0.007677037735,1,-0.2193621695,0.0176899787,-0.1254011989,0,0.8184236288,1.437211275,-25.72019577
0.1456100047,0.315135181,0.01637658849,-0.01253154781,1,-0.3798724711,0.02062116191,-0.07123494148,4.187396526,0.3460481465,2.462682247,-37.42361832
0.1456100047,0.3199787438,0.01577349752,-0.0199502632,1,0.2870190442,0.02543258108,0.3812148571,0,-1.139847279,2.931210518,-51.6686554
0.1456100047,0.3248223364,0.01224584877,-0.02488265,1,-0.1775866747,0.0277327802,0.4788071513,0,-2.968928337,2.236342192,-63.79616547
0.1456100047,0.3296658993,0.000533106795,-0.02846302092,1,-1.116149664,0.02846801281,-0.04348942637,0,-3.05091691,-0.02391027659,-88.92698669
0.1456100047,0.3345094621,-0.007937598974,-0.02497748286,1,-0.8307752609,0.02620839886,0.07761192322,0,-1.923363447,-2.015471935,-107.6297455
0.1456100047,0.3393530548,-0.01280677784,-0.01832500659,1,-0.6351342201,0.02235664055,0.1078380942,17.03788185,-0.2632022202,-2.028714657,-124.9485016
0.1456100047,0.3441966176,-0.01228876133,-0.0146289235,1,0.1886660755,0.01910547167,0.2493246794,0,-0.02259913832,-1.358004212,-130.0313263
0.1456100047,0.3490402102,-0.01200241968,-0.0105397841,1,-0.01116664708,0.01597326249,0.6929377913,0,0.1294018775,-0.9955359101,-138.7124023
0.1504535824,0.237637952,0.00636082748,-0.002832142869,1,2.186507225,0.006962841377,-0.2155761868,0,1.15484333,-0.6694645882,-24.00090218
0.1504535824,0.2424815297,0.0144528728,-0.001732920995,1,0.8793139458,0.0145563921,-0.05799505115,0,1.37736702,0.3239246607,-6.837209702
0.1504535824,0.2473251075,0.01729123667,-0.004682000726,1,-0.09349343181,0.01791390404,-0.003385126591,0,0.69053936,1.128207922,-15.1508503
0.1504535824,0.2521686852,0.01734471135,-0.007213880308,1,-0.6034148932,0.01878507622,0.2409683466,16.53980446,0.04617732763,1.314386487,-22.5830307
0.1504535824,0.257012248,0.01459221728,-0.009881176986,1,-0.6624791026,0.01762300916,0.3078764677,0,-0.7540946603,1.511386633,-34.10404587
0.1504535824,0.2618558407,0.01048342604,-0.01304317545,1,-0.2867091894,0.01673399657,0.2342683375,0,-1.581668854,0.8748040199,-51.20948792
0.1504535824,0.2666994035,0.005542582832,-0.01298366114,1,-0.458294332,0.01411721203,0.1596376002,0,-1.464514375,-0.4722756445,-66.88289642
0.1504535824,0.2715429962,0.001170152565,-0.00998245459,1,-0.4959243238,0.01005080342,0.04800224304,0,-0.6668320894,-1.310546041,-83.31424713
0.1504535824,0.276386559,-8.931846241e-05,-0.00640342664,1,-0.1728735715,0.006404049695,0.1374551058,0,0.2807209492,-1.289465904,-90.79914093
0.1504535824,0.2812301517,0.00169251964,-0.003071051557,1,-0.064917624,0.00350656244,0.1880572438,0,0.8522669673,-0.9478052258,-61.13993835
0.1504535824,0.2860737145,0.003724269336,-0.0009017886478,1,-0.1856121421,0.003831892973,0.02584141493,0,0.9734979272,-0.592516005,-13.61152554
0.1504535824,0.2909172773,0.005508693866,-7.599857781e-05,1,-0.1815389097,0.005509217735,-0.07043672353,0,1.093546271,-0.3049120903,-0.7904089689
0.1504535824,0.29576087,0.008141648024,0.0002339109924,1,-0.1311953664,0.008145007305,0.03492816538,0,1.220575094,-0.007425220683,1.645665288
0.1504535824,0.3006044328,0.01078518946,0.0001291433437,1,-0.2525290847,0.01078596245,-0.04977212846,0,1.403727174,0.4150235653,0.686034739
0.1504535824,0.3054480255,0.01371756569,-0.002017362975,1,-0.1844131947,0.01386511233,-0.4279500246,0,1.765407085,0.65356493,-8.366188049
0.1504535824,0.3102915883,0.01844285615,-0.005109258462,1,0.07092922926,0.01913748868,-0.3027125597,0,1.918097019,1.420156002,-15.4844265
0.1504535824,0.315135181,0.02335156873,-0.01036221068,1,-0.2482385039,0.02554742992,-1.028935552,0,1.728294492,2.946727514,-23.92915535
0.1504535824,0.3199787438,0.02561162226,-0.02436569147,1,-0.9833842516,0.03535027802,-1.312355161,0,0.1544987261,3.408279419,-43.57191467
0.1504535824,0.3248223364,0.0193367973,-0.03322697058,1,-2.510617256,0.0384440273,-0.02417397499,0,-2.556716442,1.063088775,-59.80226898
0.1504535824,0.3296658993,0.001067598118,-0.0296319332,1,-5.805800438,0.02965115942,0.8804004192,169.6735535,-0.9744412899,-0.8376036882,-87.93659973
0.1504535824,0.3345094621,-0.0135037275,-0.02490570955,1,-2.445648909,0.02833098918,-0.0002912282944,59.90515518,-1.412263274,-2.727854252,-118.4662857
0.1504535824,0.3393530548,-0.0176184997,-0.01642077044,1,-0.5017629266,0.02408429421,-0.4779474735,4.290308952,0.0536994487,-2.294394016,-137.0152283
0.1504535824,0.3441966176,-0.01567395777,-0.0161076095,1,0.3511315584,0.02247505449,-0.1442596912,0,1.108420491,-1.400714755,-134.2182617
0.1504535824,0.3490402102,-0.0105490461,-0.01033503283,1,1.128102303,0.01476804912,0.5671836734,0,0.9880590439,-1.816409111,-135.5871277
0.1552971601,0.237637952,0.004612946417,-0.006742741913,1,2.133257627,0.008169690147,1.246296406,0,2.017597437,-0.8847191334,-55.62260056
0.1552971601,0.2424815297,0.01466544066,-0.001581872231,1,1.599587321,0.01475050766,0.5567254424,0,1.585333228,-0.3760781288,-6.156346321
0.1552971601,0.2473251075,0.02003935724,-0.002224635566,1,0.138526082,0.02016246133,0.1388787031,0,1.308624387,0.8063226938,-6.334657192
0.1552971601,0.2521686852,0.02167482674,-0.004814689048,1,-0.6486079097,0.0222031381,-0.1459681392,0,0.856888175,1.422894239,-12.52392197
0.1552971601,0.257012248,0.02104817703,-0.009823530912,1,-1.301930666,0.02322773077,-0.1933535337,38.52972412,-0.09175860882,2.278204918,-25.01923561
0.1552971601,0.2618558407,0.01492438465,-0.01678587496,1,-2.213716984,0.02246114053,-0.4770163894,56.69327927,-1.049919486,0.6631125808,-48.35958099
0.1552971601,0.2666994035,0.005240500905,-0.0153458342,1,-2.09979701,0.01621596329,0.03876537085,46.550457,-1.414327383,-1.44427228,-71.14530945
0.1552971601,0.2715429962,-0.002096550539,-0.009602666833,1,-1.435857296,0.009828872047,0.6434437037,37.9197197,-0.2241780162,-1.677743793,-102.316124
0.1552971601,0.276386559,-0.002800009679,-0.004102982115,1,-0.6231960058,0.004967344925,0.4796867967,0,1.005179405,-1.447207808,-124.3109207
0.1552971601,0.2812301517,-0.0002463842102,-0.0002696033043,1,-0.158520937,0.00036522749,0.2398586571,0,1.240732431,-0.9683243036,-132.4234619
0.1552971601,0.2860737145,0.002441765741,0.00174894603,1,-0.1300414205,0.003003503429,0.112754643,0,1.151884794,-0.5825374722,35.61261749
0.1552971601,0.2909172773,0.004702978302,0.003098087851,1,-0.1253318191,0.005631709471,0.06437155604,0,1.27792716,-0.377089411,33.37490082
0.1552971601,0.29576087,0.008024451323,0.003887196537,1,-0.01455390453,0.008916395716,0.1187391281,0,1.485710621,-0.2333297729,25.84642982
0.1552971601,0.3006044328,0.01182864048,0.004803360905,1,-0.2051815987,0.01276671514,0.1170508116,0,1.556108475,-0.005585201085,22.10103226
0.1552971601,0.3054480255,0.014567771,0.00448119361,1,-0.2180104256,0.01524142548,-0.2619922757,0,2.183729172,0.4675300717,17.09842682
0.1552971601,0.3102915883,0.02134975232,0.001269862754,1,-0.1789934635,0.02138748392,-0.9553941488,0,2.47023201,0.5805056095,3.403887749
0.1552971601,0.315135181,0.0256655626,-0.00295805675,1,-1.872814894,0.02583546378,-1.093885422,0,2.817471266,2.149316788,-6.57455492
0.1552971601,0.3199787438,0.02592526935,-0.0144388387,1,-3.472442627,0.02967489883,-4.009833336,0,1.740737677,0.5627939701,-29.1152153
0.1552971601,0.3248223364,0.01727791317,-0.02510593459,1,-6.090129852,0.03047678061,-0.945338726,178.5160065,0.8904874325,-2.881279469,-55.46423721
0.1552971601,0.3296658993,0.0007403963828,-0.005061959382,1,-7.243486404,0.005115820561,-0.2252838612,216.2266541,-0.6906523705,-1.285192728,-81.67854309
0.1552971601,0.3345094621,-0.02115158364,-0.01997219957,1,-4.457781315,0.02909086272,-3.002019882,93.0766449,-1.111495376,-0.8192074299,-136.6427307
0.1552971601,0.3393530548,-0.0262348298,-0.01563458145,1,-1.017662048,0.03054024279,0.3309289813,0,1.302496672,-1.529527187,-149.2072906
0.1552971601,0.3441966176,-0.01977196522,-0.01096093562,1,-0.5567474365,0.02260691673,0.04537758231,0,2.245930433,-0.8664457798,-150.9974365
0.1552971601,0.3490402102,-0.01805314049,-0.01121809427,1,0.3727743328,0.02125468105,-1.128716826,0,0.3369570076,-1.022531629,-148.1434784
0.1601407379,0.237637952,0.008112154901,-0.00339235249,1,0.4450905323,0.008792901412,0.5993921757,0,2.534400225,-0.05730846524,-22.69377518
0.1601407379,0.2424815297,0.01532785222,-0.001801962149,1,1.033106208,0.01543340925,0.4035959244,0,1.807199001,-0.5002428889,-6.704990387
0.1601407379,0.2473251075,0.02186939307,0.0009854611708,1,0.1225425601,0.02189158462,0.2930777073,0,1.570782185,-0.0950794071,2.580071449
0.1601407379,0.2521686852,0.02352960221,7.810701936e-05,1,-0.7275722027,0.0235297326,-0.4039186835,0,1.309986591,0.6294257045,0.1901938617
0.1601407379,0.257012248,0.02469035797,-0.004019614775,1,-2.789429188,0.02501541562,-0.3081515133,82.74599457,0.2820254564,1.237057209,-9.246687889
0.1601407379,0.2618558407,0.01138479728,-0.007406231482,1,-4.892104149,0.01358182169,-1.409499407,139.8521576,-0.4666323662,-0.2442613244,-33.04549026
0.1601407379,0.2666994035,-0.00126509869,-0.009663536213,1,-3.807572842,0.009745994583,-1.078196526,107.7322922,0.6643680334,-1.757991552,-97.45843506
0.1601407379,0.2715429962,-0.003839560086,-0.004113591276,1,-3.082957745,0.0056270645,-0.5336550474,57.38861847,2.35818696,-2.835109234,-133.0266266
0.1601407379,0.276386559,-0.004775581416,0.001483736443,1,-1.190999985,0.00500076497,0.491340369,0,1.604681849,-1.12315464,162.7403717
0.1601407379,0.2812301517,-0.001835860196,0.003706341144,1,-0.3816657662,0.004136103205,0.1394988596,0,1.666753292,-0.6499143243,116.3505783
0.1601407379,0.2860737145,0.00144883967,0.005307320505,1,-0.2548499703,0.005501525942,0.1297907233,0,1.458484888,-0.4925723672,74.73093414
0.1601407379,0.2909172773,0.003994020633,0.006720795762,1,-0.2189314365,0.007818010636,0.158454299,0,1.486131191,-0.2943593562,59.27791977
0.1601407379,0.29576087,0.007586619351,0.007500558626,1,-0.04548990726,0.0106684193,0.1103002578,0,1.559053183,-0.2900842428,44.673172
0.1601407379,0.3006044328,0.01132508181,0.008660089225,1,-0.05709528923,0.01425673999,-0.04227699339,0,1.528421879,-0.478956461,37.40450287
0.1601407379,0.3054480255,0.01471310388,0.009615649469,1,-0.4618301392,0.017576579,-0.4123755991,0,1.556469917,-0.218795985,33.16635132
0.1601407379,0.3102915883,0.01662705466,0.007722471375,1,-0.05538761616,0.01833290793,-0.3613359034,0,2.894307137,-0.9270141125,24.91261292
0.1601407379,0.315135181,0.02846363187,0.01235555578,1,-3.987084389,0.03102963232,-1.355698586,86.55565643,2.394989014,0.05600970984,23.4648056
0.1601407379,0.3199787438,0.008915618062,0.0008847521967,1,-7.384264946,0.008959409781,-2.752919674,199.3499298,1.673329592,-0.3226165771,5.6672616
0.1601407379,0.3248223364,0.0008022742695,0.00058419368,1,-6.011126995,0.000992434565,-2.343315125,141.8265076,2.880356312,-2.595705986,36.06106186
0.1601407379,0.3296658993,-0.006248512771,0.002107227221,1,-5.570309639,0.006594264414,-4.153874397,105.3199997,-1.204540491,-2.237535477,161.3640137
0.1601407379,0.3345094621,-0.03201213852,-0.008697713725,1,-4.836531162,0.03317268938,-2.978632927,107.5678864,1.290497422,-1.473520398,-164.7996521
0.1601407379,0.3393530548,-0.02342400327,-0.005182901863,1,-0.733769536,0.02399054915,-0.7387436032,0,3.285865307,-2.011582136,-167.5234833
0.1601407379,0.3441966176,-0.01965086535,-0.00253262138,1,-1.14266634,0.01981339604,-1.132940173,0,1.649568081,-0.03341925144,-172.6561432
0.1601407379,0.3490402102,-0.02096878551,-0.0105085168,1,-0.9681992531,0.02345461212,-2.067554235,0,0.4240080416,1.225825787,-153.3822479
0.1649843156,0.237637952,0.007238571066,0.003376992419,1,0.8230963349,0.007987552322,-0.2650617659,0,2.05029726,0.2343567908,25.01034355
0.1649843156,0.2424815297,0.01419732347,0.002167506143,1,0.7636117339,0.0143618267,0.1656603217,0,2.077223539,-0.126072973,8.680323601
0.1649843156,0.2473251075,0.02099837735,0.004790025298,1,0.221552968,0.02153778635,0.03365823627,0,1.547751546,-0.5623637438,12.85009575
0.1649843156,0.2521686852,0.02276708744,0.005054384936,1,-0.4002695084,0.02332138643,-0.331230849,0,1.339458227,-0.3855862319,12.51689339
0.1649843156,0.257012248,0.02554740384,0.005053299479,1,-3.536756516,0.02604238316,-0.2010613084,105.6437225,0.2637993097,-0.1174160913,11.18872833
0.1649843156,0.2618558407,0.006914265919,0.004649242852,1,-7.088274956,0.00833201874,0.7228859067,211.5493011,0.05954504013,0.462528646,33.91740417
0.1649843156,0.2666994035,-0.008496796712,0.006314360071,1,-7.000364304,0.01058615558,1.564658165,197.6970062,1.77123642,-0.9340524077,143.3822784
0.1649843156,0.2715429962,-0.01841342263,0.01675194129,1,-3.19125247,0.02489340678,-0.2274213731,0,3.735590458,-0.8723495007,137.7050934
0.1649843156,0.276386559,-0.005860251375,0.009438119829,1,0.1851801872,0.01110948529,-0.5103257895,0,3.055151939,0.9555054903,121.8366852
0.1649843156,0.2812301517,-0.002718621166,0.009652073495,1,-0.4809110761,0.01002763305,0.1487984955,0,1.832155228,0.02296247333,105.7305069
0.1649843156,0.2860737145,0.000684604689,0.01004761644,1,-0.2260487676,0.01007091254,0.09683630615,0,1.622403622,-0.2550983131,86.10211182
0.1649843156,0.2909172773,0.00404471159,0.0113566909,1,-0.1837341785,0.01205545943,0.0840184018,0,1.519327283,-0.2486507893,70.39653015
0.1649843156,0.29576087,0.00715365354,0.01165892556,1,-0.2804143429,0.01367864385,-0.04212636501,0,1.366242647,-0.2746498585,58.46766281
0.1649843156,0.3006044328,0.009304005653,0.01248293649,1,-0.3471568227,0.01556882262,-0.1360290349,0,1.246696234,-0.6724220514,53.30144119
0.1649843156,0.3054480255,0.01151064225,0.01425698679,1,-0.3827338815,0.01832366176,-0.2799711227,0,1.581336021,-0.9146264791,51.08368683
0.1649843156,0.3102915883,0.01510952879,0.01555693895,1,-0.8238034844,0.02168677561,0.8128588796,0,2.44652462,-2.015014648,45.83585739
0.1649843156,0.315135181,0.01937041804,0.02795401216,1,-3.107357025,0.03400940821,-0.2918796539,63.22644043,2.26482749,-3.156577587,55.28041458
0.1649843156,0.3199787438,0.01102867071,0.02943232656,1,-7.208490372,0.03143077344,-1.324127913,205.320282,1.83745265,0.739089489,69.45838165
0.1649843156,0.3248223364,-0.00664462056,0.0179606583,1,-8.932339668,0.01915035769,-2.715657711,255,0.4168233871,0.04022717476,110.3021698
0.1649843156,0.3296658993,-0.03021689504,0.0160839837,1,-6.946142673,0.03423091024,-3.365951061,181.6775665,-0.5011255741,-1.661395788,151.9743195
0.1649843156,0.3345094621,-0.04271593317,0.009704538621,1,-3.843194723,0.04380444065,-2.011483192,79.70070648,1.915001869,0.5174639225,167.2003632
0.1649843156,0.3393530548,-0.03955624625,0.003834831528,1,-0.002609014511,0.03974169865,-2.025464058,0,3.573237419,-0.5511264205,174.4626923
0.1649843156,0.3441966176,-0.02542131767,0.002563469345,1,0.6643564701,0.02555023879,-1.641398549,0,2.933423996,0.07420551777,174.2417908
0.1649843156,0.3490402102,-0.02213011682,-0.004474829882,1,-0.4112713337,0.02257800102,-1.395839572,0,1.770262957,1.510391235,-168.5686188
0.1698278934,0.237637952,0.00796343293,0.002551690442,1,1.031274557,0.008362259716,0.6473814249,0,2.088800669,-0.1821411699,17.76680565
0.1698278934,0.2424815297,0.01551959664,0.004560619127,1,0.8562968373,0.01617581956,0.6407405734,0,1.48600769,-0.362095952,16.37605667
0.1698278934,0.2473251075,0.01930856705,0.007409007289,1,0.06144428253,0.02068125084,-0.10794577,0,0.8754760027,-0.9222186804,20.99261093
0.1698278934,0.2521686852,0.02005764283,0.008504613303,1,-0.2068432271,0.02178617567,0.01686400175,0,0.9994859695,-1.424152613,22.97736168
0.1698278934,0.257012248,0.0231477879,0.01438867301,1,-1.838451982,0.027255347,1.089553595,24.59102631,1.233279824,-2.773329973,31.86509705
0.1698278934,0.2618558407,0.01712644473,0.02721478976,1,-4.190310478,0.03215524554,2.490728617,100.8852921,-0.2193425894,-1.31507802,57.81752396
0.1698278934,0.2666994035,0.001789289527,0.03282239288,1,-5.359401703,0.03287112713,1.719279766,152.2827911,-0.06898903847,1.260461569,86.8796463
0.1698278934,0.2715429962,-0.009166385978,0.02943711169,1,-1.30273068,0.03083125316,0.1948088408,36.80744934,0.3925340176,3.794983387,107.2960052
0.1698278934,0.276386559,-0.002619318897,0.01538466848,1,-0.08527231216,0.01560605224,-0.6956139803,0,1.770485878,2.303668022,99.66225433
0.1698278934,0.2812301517,-0.001003922545,0.01490985695,1,-0.5161153674,0.0149436174,0.3173056841,0,1.197761059,0.5494119525,93.85206604
0.1698278934,0.2860737145,0.0006822854048,0.01426044386,1,-0.3120061755,0.01427675691,0.06237291917,0,1.179246664,0.05001639947,87.26079559
0.1698278934,0.2909172773,0.003196610836,0.01496970654,1,-0.01515507698,0.015307202,0.003474198282,0,1.123840451,-0.247543931,77.94617462
0.1698278934,0.29576087,0.006052289158,0.01547626965,1,-0.09719485044,0.01661761478,-0.08013625443,0,0.9669394493,-0.371312201,68.64107513
0.1698278934,0.3006044328,0.00740928622,0.01638003998,1,-0.2548780441,0.01797785424,0.01700863242,0,0.8483831882,-0.7370839119,65.66103363
0.1698278934,0.3054480255,0.008926977403,0.01912877522,1,-0.3438774645,0.02110926248,0.2466004789,0,1.04481256,-1.236294985,64.98258209
0.1698278934,0.3102915883,0.01080431975,0.02356255986,1,-0.7859999537,0.02592156455,1.081419945,0,1.371059895,-2.892372608,65.36676788
0.1698278934,0.315135181,0.01176076103,0.03837614879,1,-0.7897077799,0.04013781622,0.5740174055,15.29293728,-0.1852699816,-3.789889336,72.96178436
0.1698278934,0.3199787438,0.006081939209,0.04469948262,1,-2.943092823,0.04511135072,-0.5742775798,62.59458923,-1.99481535,-2.120953083,82.25175476
0.1698278934,0.3248223364,-0.0121563822,0.0458675921,1,-5.598639488,0.04745117202,-1.544779897,150.1922302,-1.974439621,0.8037558794,104.8439484
0.1698278934,0.3296658993,-0.03059885837,0.03332416713,1,-4.150650978,0.04524146393,-1.321771383,109.8237457,-1.442784071,4.185544968,132.5587311
0.1698278934,0.3345094621,-0.03924853727,0.01919255964,1,-2.003466368,0.04368983954,0.07994246483,53.52458191,0.9081889987,4.45422554,153.9413452
0.1698278934,0.3393530548,-0.03590391949,0.01213698741,1,0.04693007469,0.03789984062,0.6790757179,0,2.431991816,2.89536643,161.3226471
0.1698278934,0.3441966176,-0.02724168636,0.00845778361,1,0.7909545898,0.02852443792,-0.913658917,0,2.407089472,1.580173969,162.7518921
0.1698278934,0.3490402102,-0.0204139445,5.791440708e-05,1,0.6372705698,0.02041402645,-1.251848221,0,2.182017803,2.216597557,179.8374481
0.1746714562,0.237637952,0.009491994977,0.008499193937,1,0.5459564924,0.01274104696,-0.1835900843,0,1.954246163,1.171457648,41.84147263
0.1746714562,0.2424815297,0.01554695796,0.005217554513,1,0.4459088445,0.01639910974,-0.2545086443,0,0.8995239139,-0.3027479947,18.55173683
0.1746714562,0.2473251075,0.01600870304,0.008732845075,1,-0.1840131581,0.01823571138,-0.09078598022,0,0.2673870623,-1.263425589,28.61273766
0.1746714562,0.2521686852,0.01595078595,0.01089732535,1,-0.2827510834,0.01931784861,0.4230735302,0,0.5683279037,-1.888982058,34.34027481
0.1746714562,0.257012248,0.0173919145,0.01993144862,1,-0.5101179481,0.02645262517,0.2087703943,12.87905693,-0.1799036413,-2.47221899,48.89248657
0.1746714562,0.2618558407,0.01260861289,0.02388290502,1,-0.4483069777,0.0270068571,0.6275404096,0,-1.916912556,-1.851493835,62.16887283
0.1746714562,0.2666994035,0.005935790017,0.03193884343,1,-0.08766365051,0.0324857384,0.6529749632,0,-2.32732749,0.429964155,79.47177887
0.1746714562,0.2715429962,0.0009114157874,0.0249630753,1,0.5004290342,0.02497970872,0.0007002353668,0,-1.327775955,2.790420532,87.9090271
0.1746714562,0.276386559,0.001928470912,0.01842661574,1,-0.4070778191,0.01852725446,-0.08226943016,0,0.5243404508,1.36495018,84.02535248
0.1746714562,0.2812301517,0.001479386585,0.01795335487,1,-0.5372498035,0.01801420376,0.2774490714,7.184487343,0.3928315938,0.51611799,85.28936768
0.1746714562,0.2860737145,0.001228970243,0.01727060415,1,-0.3297088146,0.01731427573,0.01614754647,0,0.6152746081,0.2390948236,85.92971802
0.1746714562,0.2909172773,0.002862542635,0.01687349565,1,0.1081660688,0.01711458527,-0.05566508695,0,0.6635900736,0.03878356144,80.37159729
0.1746714562,0.29576087,0.004967031069,0.01681313477,1,0.08779592812,0.0175314825,-0.08294890821,0,0.5220276713,-0.2797381282,73.54151154
0.1746714562,0.3006044328,0.005816270597,0.0178266596,1,-0.04044805467,0.01875150204,0.1492329836,0,0.4017421603,-0.7117152214,71.93014526
0.1746714562,0.3054480255,0.006716987118,0.02098320425,1,-0.1567341983,0.02203208581,0.4005457163,0,0.2644605339,-1.287906647,72.2494812
0.1746714562,0.3102915883,0.00633805152,0.02600480989,1,-0.3551670611,0.02676604316,0.2813127041,0,-0.2482858002,-1.76230979,76.30257416
0.1746714562,0.315135181,0.003794116201,0.03088164888,1,0.4882749915,0.03111384809,-0.2911294699,0,-2.215081215,-1.947046876,82.9957428
0.1746714562,0.3199787438,-0.002025868744,0.0340253748,1,0.4626398087,0.03408563137,-0.5135968924,0,-3.358833313,-1.470137358,93.40736389
0.1746714562,0.3248223364,-0.01023382228,0.03551472723,1,0.56323874,0.03695980087,-0.2726331055,0,-3.519759655,0.7236647606,106.0747223
0.1746714562,0.3296658993,-0.01634600759,0.02919972874,1,-0.2386284471,0.0334636569,0.357793808,0,-1.933440208,2.774894714,119.2401047
0.1746714562,0.3345094621,-0.0207543727,0.02380734682,1,-0.755487144,0.03158375993,0.8091924191,0,-0.4620379806,3.6609447,131.0807343
0.1746714562,0.3393530548,-0.02224318497,0.01538704522,1,-0.5089349747,0.02704663575,0.4119696617,6.321001053,0.2119163573,3.181826115,145.3258972
0.1746714562,0.3441966176,-0.02219300531,0.01039133221,1,0.008768349886,0.02450529113,-0.5604810715,0,0.9793233871,1.995436192,154.9098053
0.1746714562,0.3490402102,-0.0174572859,0.003007261315,1,0.1315190792,0.01771441288,-1.416184187,0,1.823938251,1.63282156,170.2259369
0.179515034,0.237637952,0.01274823863,0.009372840635,1,0.01508233789,0.01582301222,-0.2055068016,0,0.01474950183,0.8743168116,36.32430649
0.179515034,0.2424815297,0.01282048505,0.00675773574,1,-0.2979092896,0.01449247543,-0.5436459184,0,0.2981382906,-0.5895944238,27.79391861
0.179515034,0.2473251075,0.01274934784,0.009595395997,1,-0.1707013696,0.0159567371,-0.01804041862,0,0.1989711374,-1.229776621,36.96579742
0.179515034,0.2521686852,0.01295741182,0.01262687426,1,-0.2799600959,0.01809233241,0.04441142082,6.689729214,0.1633660048,-1.275419354,44.25980759
0.179515034,0.257012248,0.01218461618,0.01598808914,1,0.3105247915,0.02010183781,-0.06912136078,0,-0.6737420559,-1.612323761,52.68876266
0.179515034,0.2618558407,0.01119814068,0.02010149509,1,0.1534389853,0.02301018126,0.2260785699,0,-1.216709852,-1.00985384,60.87869263
0.179515034,0.2666994035,0.00703458162,0.0219744239,1,0.6482099891,0.02307294123,0.2013293505,0,-2.061532259,0.1021098495,72.24878693
0.179515034,0.2715429962,0.004352604039,0.02058207244,1,0.2257331014,0.02103727311,0.2700757384,0,-0.936188519,0.699172914,78.05927277
0.179515034,0.276386559,0.003593435511,0.01989605837,1,-0.2882836461,0.0202179607,0.1609783173,7.138748646,-0.02405339479,0.4019780755,79.76215363
0.179515034,0.2812301517,0.00283977529,0.01941477135,1,-0.3093498349,0.01962135732,0.1351106614,8.27733326,-0.03644122183,0.353651762,81.67842865
0.179515034,0.2860737145,0.001918569789,0.01883753762,1,-0.07904283702,0.01893498749,0.0249670893,0,0.1358333975,0.3872684836,84.18457794
0.179515034,0.2909172773,0.003114843974,0.01765994169,1,0.1820391417,0.01793253422,-0.09166933596,0,0.3087177575,0.1680634767,79.99710846
0.179515034,0.29576087,0.004295588937,0.01757950149,1,0.05112206191,0.01809671149,-0.05358690768,0,0.2730226517,-0.2315292656,76.26872253
0.179515034,0.3006044328,0.004684864078,0.01852181926,1,-0.08380495012,0.01910512336,0.1591102779,0,0.1526370049,-0.5819453001,75.80545807
0.179515034,0.3054480255,0.004628982395,0.02116886154,1,-0.01015996933,0.02166905999,0.2346544862,0,-0.2074183673,-0.9129325747,77.66532135
0.179515034,0.3102915883,0.003631006461,0.02408024669,1,0.1679298282,0.02435246296,0.04531481862,0,-0.9336832166,-0.8039315939,81.4250946
0.179515034,0.315135181,0.0009199962951,0.02528225258,1,0.2607302666,0.02529898658,-0.1612457335,0,-1.738444448,-0.5968042612,87.91597748
0.179515034,0.3199787438,-0.00352641684,0.02618990839,1,0.18834126,0.02642625384,-0.1309321672,0,-2.437045574,-0.2979676127,97.66862488
0.179515034,0.3248223364,-0.00997177884,0.02609130181,1,0.2965701818,0.02793192491,0.2084746659,0,-2.753234386,0.4303521812,110.9162521
0.179515034,0.3296658993,-0.01542546134,0.02511522733,1,0.2753631473,0.02947404794,-0.004478812218,0,-1.849686384,1.126383066,121.557724
0.179515034,0.3345094621,-0.0175971128,0.02061390132,1,0.4258490801,0.02710334398,-0.2335742116,0,-1.060019851,1.725049496,130.4858246
0.179515034,0.3393530548,-0.01849711686,0.01562848128,1,-0.2217900306,0.02421554737,0.0503564477,0,-0.3344656527,1.589542389,139.8050537
0.179515034,0.3441966176,-0.02029138058,0.01315873489,1,-0.3384480774,0.02418454923,-0.1176595092,8.233716965,0.1593389809,1.404606819,147.0370331
0.179515034,0.3490402102,-0.0193646457,0.008255265653,1,-0.5798364878,0.02105086483,-1.023719192,0,0.9625008106,1.001004815,156.9111481
0.1843586117,0.237637952,0.01273142826,0.008497581817,1,-0.3590416908,0.01530680154,-0.3180696666,0,-0.7448563576,-0.1557827592,33.72109985
0.1843586117,0.2424815297,0.01005802024,0.008104557171,1,-0.5303057432,0.01291695051,-0.2079720199,14.58440208,-0.0408885479,-0.6262167692,38.8611908
0.1843586117,0.2473251075,0.009964804165,0.01052338257,1,-0.1106824577,0.01449271943,-0.008981287479,1.615240335,0.09628877044,-1.028899431,46.56169128
0.1843586117,0.2521686852,0.009988303296,0.01304460969,1,-0.01349825412,0.01642948762,-0.03807237744,0,-0.1345536411,-0.9961864948,52.55859375
0.1843586117,0.257012248,0.009247704409,0.01516407542,1,0.08144726604,0.01776145399,0.05766820908,0,-0.3242361844,-0.8098461628,58.62337112
0.1843586117,0.2618558407,0.008812336251,0.01724648289,1,0.2924807668,0.0193674583,0.07802918553,0,-0.6728159785,-0.67552948,62.9345932
0.1843586117,0.2666994035,0.007405521348,0.01881399564,1,0.2214188576,0.02021900564,0.2879491448,0,-0.8833860159,-0.1432888955,68.51452637
0.1843586117,0.2715429962,0.005606046878,0.01933521777,1,0.001709222794,0.02013152838,0.2969133258,0,-0.5695389509,0.1126611084,73.83102417
0.1843586117,0.276386559,0.004655194003,0.0197064355,1,0.03981311619,0.02024881355,0.1778209656,0,-0.4030367136,0.1902103275,76.70884705
0.1843586117,0.2812301517,0.00384674524,0.01927520894,1,0.04273605347,0.01965530775,0.06030027568,0,-0.3378750682,0.348323226,78.71378326
0.1843586117,0.2860737145,0.003225665307,0.01831137389,1,0.10280893,0.01859331504,0.04334324598,0,-0.2296126187,0.4125210047,80.00947571
0.1843586117,0.2909172773,0.003232563613,0.01748707332,1,0.1266827136,0.01778334007,0.04188363254,3.225961447,-0.05227832869,0.1293079108,79.52684021
0.1843586117,0.29576087,0.003586048726,0.01788792759,1,0.05961563066,0.01824383996,0.06688895822,0,0.05097880587,-0.2396636307,78.66400909
0.1843586117,0.3006044328,0.003768236376,0.01897188462,1,0.01937693171,0.01934249327,0.02873370051,0,-0.05124477297,-0.4130554795,78.76599121
0.1843586117,0.3054480255,0.003431694349,0.02002776787,1,0.1733453572,0.02031964622,-0.05128474534,0,-0.4014007747,-0.4016821384,80.27696991
0.1843586117,0.3102915883,0.002663632156,0.02066906169,1,0.1655115485,0.02083998732,-0.05265459418,0,-0.8487363458,-0.2943607867,82.65673828
0.1843586117,0.315135181,0.0001224419102,0.02119849063,1,-0.1300116181,0.02119884454,-0.03859951347,0,-1.267077684,-0.1707431078,89.66906738
0.1843586117,0.3199787438,-0.004103278276,0.0213091094,1,-0.1302531362,0.02170057595,-0.06204389036,0,-1.369063616,0.03204558045,100.8994522
0.1843586117,0.3248223364,-0.007139614783,0.02074276097,1,0.05642431974,0.02193709649,0.1681212485,0,-1.462141037,0.6640818119,108.9933548
0.1843586117,0.3296658993,-0.01091197692,0.01890688576,1,0.1178922653,0.02182983235,0.2753968239,0,-1.437309742,1.128557205,119.9910965
0.1843586117,0.3345094621,-0.01353029627,0.01661042497,1,0.07447722554,0.02142370492,0.2132025361,0,-0.7740077972,1.052580833,129.1651154
0.1843586117,0.3393530548,-0.01430020761,0.01484129205,1,-0.2049125731,0.02060970291,0.1615292132,0,-0.296633929,0.9477295876,133.9362946
0.1843586117,0.3441966176,-0.01595957577,0.01280240249,1,-0.330183804,0.02045994997,0.2736001313,0,-0.3443377018,1.174504519,141.2642365
0.1843586117,0.3490402102,-0.01756730489,0.01047769189,1,-0.4633238912,0.02045463957,-0.04631230235,0,-0.2005342096,0.9135993719,149.1868286
0.1892021894,0.237637952,0.01045309752,0.007504117209,1,-0.06398236752,0.01286775153,-0.7622573972,0,-0.6268584728,-1.432897568,35.67398453
0.1892021894,0.2424815297,0.008780026808,0.009128266014,1,-0.4484163225,0.0126654692,0.07941611111,12.7803793,-0.1153829396,-0.5593183637,46.11401367
0.1892021894,0.2473251075,0.007722292095,0.0105978772,1,-0.1026967838,0.01311292499,0.2562555373,0,-0.06910356134,-0.345008105,53.9205246
0.1892021894,0.2521686852,0.00794789847,0.01204053313,1,0.340952158,0.0144271804,0.338722527,0,-0.1718430966,-0.3684526682,56.57139206
0.1892021894,0.257012248,0.008541383781,0.01402312983,1,0.3791072071,0.01641960442,0.3261548579,0,-0.3055659235,-0.3728061616,58.65472031
0.1892021894,0.2618558407,0.008304101415,0.01542600524,1,0.3588300943,0.01751912571,0.04116369784,0,-0.5252626538,-0.4956473112,61.70560837
0.1892021894,0.2666994035,0.007735254709,0.01662321575,1,0.1710370928,0.01833481528,0.0352383703,0,-0.5772846937,-0.458029747,65.04610443
0.1892021894,0.2715429962,0.006336409599,0.01781518757,1,-0.08718787134,0.01890849136,0.006505265832,0,-0.3998965025,-0.2263526022,70.42082214
0.1892021894,0.276386559,0.005376023706,0.01775108092,1,0.006010755897,0.01854730397,-0.08380307257,0,-0.3192987442,-0.03344035894,73.15074158
0.1892021894,0.2812301517,0.004818974994,0.01757125184,1,0.1342063695,0.01822008193,-0.05069939792,0,-0.3921644688,0.05741342902,74.66352844
0.1892021894,0.2860737145,0.004126583692,0.01722742803,1,0.07436434925,0.01771476679,-0.0324921608,0,-0.2550064921,0.1281585693,76.52941895
0.1892021894,0.2909172773,0.003944023512,0.01679312997,1,-0.1844771802,0.01725005917,0.1400555372,3.320008993,0.04659516364,0.07600365579,76.78308868
0.1892021894,0.29576087,0.003458741354,0.01753766835,1,-0.3818144798,0.01787547767,0.1915720105,8.821360588,0.1504458785,-0.09470966458,78.84342194
0.1892021894,0.3006044328,0.002823371673,0.01817975752,1,-0.1771383882,0.01839769073,-0.01623851806,5.191655636,-0.03422176093,-0.1911847591,81.17230988
0.1892021894,0.3054480255,0.00243500201,0.01838503405,1,-0.3299809098,0.01854558475,-0.1661842465,7.278760433,0.1497089565,-0.3701451421,82.4553833
0.1892021894,0.3102915883,0.001950210542,0.01916765794,1,-0.9170529842,0.01926661469,-0.2262063771,23.88640213,0.394923836,-0.5131329894,84.19043732
0.1892021894,0.315135181,-9.397094254e-05,0.01977478527,1,-1.239109516,0.01977500878,-0.1724301577,36.73937225,0.07841235399,-0.3834261894,90.27226257
0.1892021894,0.3199787438,-0.003671715967,0.02018963359,1,-1.454963446,0.02052078955,-0.002944521606,43.01459885,0.2478045821,0.2115194499,100.3072357
0.1892021894,0.3248223364,-0.005940938368,0.01873601228,1,-0.746465385,0.01965535246,-0.1427161992,20.3603878,-0.2762464881,0.3955529034,107.5931244
0.1892021894,0.3296658993,-0.008625300601,0.01758248545,1,-1.228053689,0.01958416775,-0.07496505976,36.68249893,0.0873118639,0.3858143389,116.1308136
0.1892021894,0.3345094621,-0.01146619301,0.01650419831,1,-1.161892533,0.02009632252,-0.212504074,33.55094147,0.2330265045,0.2826389372,124.7894135
0.1892021894,0.3393530548,-0.01312433556,0.01518422179,1,-0.4254009724,0.02007009648,-0.3779181242,5.652504921,0.05146659911,0.3269366622,130.8381805
0.1892021894,0.3441966176,-0.01327737328,0.0130901793,1,-0.1255846322,0.018645145,-0.2119167745,0,-0.2954961956,0.9558385611,135.4067688
0.1892021894,0.3490402102,-0.01516387332,0.009528107941,1,0.8488692641,0.01790887676,0.759696126,0,-1.627836466,2.230534554,147.8571167
0.1940457672,0.237637952,0.002099024598,0.00577124767,1,1.521070123,0.006141107995,-0.9100071788,0,0.805537343,-2.539539337,70.01348114
0.1940457672,0.2424815297,0.007733576465,0.009717630222,1,0.6459245086,0.01241936162,0.291307956,0,0.8892835975,-0.7234060764,51.48619461
0.1940457672,0.2473251075,0.009534924291,0.01068609394,1,0.1996760666,0.01432157028,0.4612788558,0,0.2361023426,0.287189424,48.25829315
0.1940457672,0.2521686852,0.009844303131,0.01056084596,1,0.2525193691,0.01443751249,0.5114530325,0,-0.3584699631,0.2716064155,47.01115417
0.1940457672,0.257012248,0.009021745063,0.01184780803,1,0.1153434813,0.01489168964,0.3472833335,0,-0.7828859091,-0.1489335597,52.71183777
0.1940457672,0.2618558407,0.006611009594,0.01296431106,1,0.1300011873,0.01455262117,-0.004598945379,0,-0.8864763975,-0.6945090294,62.98118591
0.1940457672,0.2666994035,0.005357698537,0.01518944092,1,0.08235020936,0.01610664651,0.01044330001,0,-0.5096811056,-0.9921787977,70.57096863
0.1940457672,0.2715429962,0.004541199189,0.01782058924,1,-0.1322561055,0.01839010231,-0.06700503826,0,-0.1300256699,-0.6742694974,75.70365906
0.1940457672,0.276386559,0.004087316338,0.01813077368,1,-0.1467220783,0.01858577691,-0.3790909648,0,0.01005986333,-0.1530394107,77.29587555
0.1940457672,0.2812301517,0.003879265161,0.01672569104,1,0.1334590167,0.01716966555,-0.3400536776,0,-0.2156881839,-0.04796935618,76.94200897
0.1940457672,0.2860737145,0.003689032979,0.01671604067,1,0.1468515545,0.01711826399,0.1037975997,0,-0.064309448,-0.2844701409,77.55497742
0.1940457672,0.2909172773,0.004279063083,0.01860629022,1,-0.3365430236,0.01909199916,0.4562753439,0,0.4121433496,-0.3179315329,77.04836273
0.1940457672,0.29576087,0.004055208992,0.0204659719,1,-0.7610185146,0.02086386085,0.2323445231,0,0.4481304884,0.01394765079,78.7923584
0.1940457672,0.3006044328,0.00276356563,0.01966411248,1,-0.6389881372,0.01985735632,0.1822618693,0,-0.02607139945,-0.2069568485,82.0001297
0.1940457672,0.3054480255,0.0008339412161,0.022351183,1,-1.19883275,0.02236673608,0.4291754365,0,0.4388611913,-1.090282202,87.86323547
0.1940457672,0.3102915883,-0.0009174154256,0.02702372335,1,-1.973330975,0.02703929134,-0.05227798223,0,1.2705791,-1.131816149,91.94435883
0.1940457672,0.315135181,-0.002569891512,0.02758000977,1,-1.83604598,0.0276994817,-0.2497086227,0,1.386871099,-0.7726433277,95.32341766
0.1940457672,0.3199787438,-0.003093029372,0.02955659851,1,-2.279205561,0.02971799672,-0.3512211144,0,1.588582039,0.5901711583,95.97412109
0.1940457672,0.3248223364,-0.005914980546,0.02302030288,1,-1.536251426,0.02376807481,-0.4363222718,0,0.2328089476,0.4470407367,104.4102097
0.1940457672,0.3296658993,-0.009406354278,0.02527796105,1,-2.339859724,0.02697136998,-0.125484243,0,0.8377398849,-0.1970268041,110.4110794
0.1940457672,0.3345094621,-0.01319059264,0.02336682379,1,-1.947531104,0.02683281898,-1.194955826,0,0.8861697912,0.4829203784,119.4447632
0.1940457672,0.3393530548,-0.01454714034,0.01715103723,1,-0.3199464083,0.02248949371,-1.469266295,0,0.492186904,0.8817647696,130.303894
0.1940457672,0.3441966176,-0.0123563325,0.01197942253,1,1.412671089,0.0172100421,-1.737081766,0,0.9540197849,2.117395878,135.8873291
0.1940457672,0.3490402102,-0.00308388914,-0.001518425182,1,4.195028782,0.003437439213,-0.2927219868,0,-0.3662828207,5.280763626,-153.7855835
