PIVlab, ASCII chart output - 13-Mar-2024
FRAME: 33, filenames: A:[33]2 vortices tapados mismo sentido clase 4.mp4 & B:[34]2 vortices tapados mismo sentido clase 4.mp4, conversion factor xy (px -> m): 0.00030272, conversion factor uv (px/frame -> m/s): 0.0090842
x [m],y [m],u [m/s],v [m/s],Vector type [-],vorticity [1/s],magnitude [m/s],divergence [1/s],dcev [1],simple shear [1/s],simple strain [1/s],vector direction [degrees]
0.1262357086,0.237637952,0.005311012734,-0.005223697517,1,0.2995184064,0.0074494211,-0.1099573374,0,0.6175236106,1.224215627,-44.5251236
0.1262357086,0.2424815297,0.007531894837,-0.008454782888,1,-0.2025900185,0.01132310834,-0.4339551926,0,0.8821436167,0.6935120821,-48.303936
0.1262357086,0.2473251075,0.008602483198,-0.01068467274,1,-0.6548445821,0.01371732261,-0.4197292328,0,0.9231843352,0.2867134213,-51.16163635
0.1262357086,0.2521686852,0.008831619285,-0.01187649276,1,-0.7125106454,0.01480028965,-0.238554731,0,0.6418169141,0.08647318184,-53.36470413
0.1262357086,0.257012248,0.00826007314,-0.01225896832,1,-0.7668176889,0.01478212141,0.07307213545,0,0.4582996368,-0.004496842623,-56.02797318
0.1262357086,0.2618558407,0.007337288,-0.0115007814,1,-0.612450242,0.01364198606,0.3437914848,0,0.1970821172,-0.05125443637,-57.46287537
0.1262357086,0.2666994035,0.006248205435,-0.01034553256,1,-0.3501839042,0.01208594721,0.4437099397,0,0.04660877585,-0.02426737547,-58.87003708
0.1262357086,0.2715429962,0.005866898224,-0.009234096855,1,-0.2177486867,0.01094024908,0.2245285809,0,-0.1639928371,0.1520411968,-57.57010269
0.1262357086,0.276386559,0.00439921068,-0.009994434193,1,-0.346069634,0.01091978792,0.1464895904,0,-0.04937432706,0.6020158529,-66.24253845
0.1262357086,0.2812301517,0.003951534629,-0.01144047361,1,-0.3852204084,0.01210367959,0.26421538,0,0.4372866154,0.6974563599,-70.94510651
0.1262357086,0.2860737145,0.004651397467,-0.01209287066,1,-0.376476109,0.01295658201,0.3335703909,0,0.6326568723,0.4330480397,-68.96128082
0.1262357086,0.2909172773,0.005192362238,-0.01192229986,1,-0.2193787098,0.01300391648,0.2648027241,0,0.2172433436,0.2154400647,-66.46607208
0.1262357086,0.29576087,0.004641054664,-0.01185377873,1,-0.2387954593,0.01272994373,0.05903862417,0,-0.06508157402,0.1574772745,-68.6184082
0.1262357086,0.3006044328,0.003720510285,-0.01239909511,1,-0.1146084368,0.01294526085,0.02846363932,0,-0.2205265164,0.14005211,-73.2974472
0.1262357086,0.3054480255,0.00301780249,-0.0123942662,1,0.2757425308,0.01275636908,0.05862590671,0,-0.5142945051,0.3226719499,-76.31568146
0.1262357086,0.3102915883,0.002565065166,-0.01367802266,1,0.5420315266,0.01391645987,-0.1493790746,0,-0.7322416306,0.6167778373,-79.37857819
0.1262357086,0.315135181,0.00209650537,-0.01610520668,1,-0.02759958804,0.01624109037,-0.4749604464,0,-0.4060052633,0.6951293945,-82.58319855
0.1262357086,0.3199787438,0.0004648664035,-0.0193454437,1,-0.9316266775,0.01935102791,-0.416074276,0,-0.1691199839,0.4274168015,-88.62345886
0.1262357086,0.3248223364,-0.003235046519,-0.02019072138,1,-1.07131958,0.02044824697,0.3313192427,0,-0.03534632921,0.2333518565,-99.10281372
0.1262357086,0.3296658993,-0.004895356018,-0.01887093112,1,-1.110752106,0.01949555241,0.452036202,0,-0.2814387083,0.1389724463,-104.5426788
0.1262357086,0.3345094621,-0.009978210554,-0.01867437735,1,-0.9205600619,0.02117302641,1.043486714,0,-0.5996493697,0.5445200205,-118.1167603
0.1262357086,0.3393530548,-0.01225860883,-0.01645414717,1,-0.3289993703,0.0205185879,0.9540395141,0,-0.4373017251,-0.01020389795,-126.6867142
0.1262357086,0.3441966176,-0.01368984953,-0.01400398929,1,1.25985074,0.01958376169,1.352351427,0,0.432559073,-0.7506112456,-134.3501129
0.1262357086,0.3490402102,-0.004061290063,-0.006268283818,1,3.478260517,0.007468966302,-0.1964210272,0,0.4975318909,-3.390622616,-122.9396515
0.1310792714,0.237637952,0.008009502664,-0.004453558475,1,-0.07104642689,0.009164405055,0.1144246161,0,0.1333897114,0.6818715334,-29.07556152
0.1310792714,0.2424815297,0.008160484955,-0.005827795248,1,-0.2517372966,0.01002779696,-0.06420662999,0,0.3076557517,0.4332506657,-35.53246307
0.1310792714,0.2473251075,0.008280348033,-0.006863031536,1,-0.3766511083,0.01075478364,-0.1846812665,0,0.4391722679,0.3869648278,-39.6530838
0.1310792714,0.2521686852,0.008463311009,-0.008596607484,1,-0.3808954954,0.01206355263,-0.1782123893,0,0.4109971523,0.3232710361,-45.44766617
0.1310792714,0.257012248,0.008426147513,-0.009292001836,1,-0.3774832487,0.01254357398,-0.008550450206,4.708346367,0.2912737727,0.1862773299,-47.79771805
0.1310792714,0.2618558407,0.008045748807,-0.009540271014,1,-0.2508696318,0.01248001773,0.08859743178,4.60024929,0.010934636,0.107712552,-49.85752487
0.1310792714,0.2666994035,0.007264003623,-0.009384587407,1,-0.1348633021,0.01186744403,0.1795301139,0,-0.126695618,0.08943986893,-52.25885773
0.1310792714,0.2715429962,0.006778867915,-0.009103911929,1,-0.02181310207,0.01135051809,0.09050318599,0,-0.1953974962,0.06806431711,-53.32824707
0.1310792714,0.276386559,0.006211927161,-0.009275902994,1,-0.07531803846,0.01116379909,0.1636761129,0,-0.02757583,0.2348279357,-56.19039917
0.1310792714,0.2812301517,0.006280493457,-0.009448541328,1,-0.1910552979,0.01134546287,0.2496373355,0,0.2521780133,0.3266606033,-56.38781357
0.1310792714,0.2860737145,0.006507979706,-0.00964897126,1,-0.2752890587,0.01163857616,0.02564202249,0,0.2907553315,0.3180621862,-56.00136185
0.1310792714,0.2909172773,0.006355405319,-0.0108648967,1,-0.3181442022,0.01258718222,-0.01338973641,6.184941292,0.04095844924,0.354955852,-59.67456436
0.1310792714,0.29576087,0.005165408831,-0.0114330817,1,-0.3419356346,0.01254578866,-0.0144892782,6.292116165,-0.117804423,0.3552185893,-65.68679047
0.1310792714,0.3006044328,0.004128618632,-0.01265560556,1,-0.1784309149,0.01331201848,-0.08398969471,2.72314024,-0.07431331277,0.5094727874,-71.93219757
0.1310792714,0.3054480255,0.00394122256,-0.01430756319,1,0.1129437089,0.01484047156,-0.08237874508,0,-0.2020546794,0.7658430338,-74.59902191
0.1310792714,0.3102915883,0.003697002772,-0.01676403359,1,0.1308300793,0.01716684736,0.1052750647,0,-0.4016043246,0.6656168699,-77.56352234
0.1310792714,0.315135181,0.002629706403,-0.01702162251,1,-0.1413518786,0.01722355932,0.1063944846,0,-0.5202803612,0.2580975294,-81.21768188
0.1310792714,0.3199787438,0.00049233553,-0.01749881916,1,-0.4777874351,0.01750574447,-0.005410790443,3.109454155,-0.4507086575,0.1308929622,-88.38838196
0.1310792714,0.3248223364,-0.001867536572,-0.01768182032,1,-0.4781836271,0.01778016984,0.1948519647,5.409573555,-0.3386501372,0.06348135322,-96.02916718
0.1310792714,0.3296658993,-0.003464062233,-0.01686251536,1,-0.4469107389,0.01721465029,-0.0562145412,1.814277887,-0.433612287,-0.0117469877,-101.608757
0.1310792714,0.3345094621,-0.006132405251,-0.0178972017,1,-0.8455718756,0.01891867444,0.2465367168,12.50220299,-0.4982246161,0.2163764685,-108.913826
0.1310792714,0.3393530548,-0.009972845204,-0.01671643183,1,-0.6992851496,0.01946526952,0.4329628348,0,-0.5601477623,0.04281888902,-120.8198471
0.1310792714,0.3441966176,-0.01223256625,-0.01600750908,1,-0.2331645787,0.02014636435,0.5035213828,0,-0.3398581445,-0.1632325649,-127.3862228
0.1310792714,0.3490402102,-0.01274832524,-0.01348695718,1,0.5272228122,0.01855849661,-0.5255580544,0,-0.7401883006,-1.566335917,-133.3873138
0.1359228492,0.237637952,0.00916792918,-0.004233496729,1,0.08701083064,0.01009818912,-0.2529530525,0,-0.02447179705,0.3713072538,-24.78618813
0.1359228492,0.2424815297,0.009319385514,-0.005745323375,1,0.09083123505,0.01094804518,-0.03827983141,1.612905502,-0.005289379507,0.4778010845,-31.65348625
0.1359228492,0.2473251075,0.00958225783,-0.006733174901,1,0.02866715193,0.01171133202,0.07740245759,0,0.0156875886,0.5513458252,-35.09460449
0.1359228492,0.2521686852,0.009534221143,-0.008040904999,1,-0.08529302478,0.01247227006,0.07355578244,0.8244062066,-0.009957384318,0.5456500649,-40.14338303
0.1359228492,0.257012248,0.009120905772,-0.009019796737,1,-0.07336717099,0.01282761246,-0.01500956714,0,-0.183899641,0.4375090599,-44.68066025
0.1359228492,0.2618558407,0.008288129233,-0.010232714,1,-0.01340416074,0.01316820085,-0.03450836986,0,-0.3107209802,0.2310339808,-50.99377823
0.1359228492,0.2666994035,0.00755098043,-0.01030597184,1,0.02019967139,0.01277616341,0.08318243921,0,-0.3615172505,0.05059311911,-53.77051163
0.1359228492,0.2715429962,0.00663493108,-0.01007486507,1,0.02652081847,0.01206338312,0.03670176119,0,-0.2787284851,-0.07536011189,-56.63259125
0.1359228492,0.276386559,0.006329393014,-0.009763191454,1,0.1023530811,0.01163533982,0.08956820518,0,-0.08006726205,-0.07172232121,-57.0450058
0.1359228492,0.2812301517,0.00674287416,-0.009293641895,1,0.001539440942,0.01148207951,0.09294833243,0,-0.004272988066,0.007887948304,-54.03775787
0.1359228492,0.2860737145,0.006316152867,-0.009351194836,1,-0.05355630815,0.01128444169,-0.1188573241,0,0.07500490546,0.06475111842,-55.96341324
0.1359228492,0.2909172773,0.006846761797,-0.01018296089,1,-0.2450710088,0.01227073092,-0.1589524895,0,0.2399607748,0.1335975081,-56.08412552
0.1359228492,0.29576087,0.006291401107,-0.01076818351,1,-0.2941441536,0.01247138809,0.009581685066,5.581816673,0.07418394089,0.3630050123,-59.70403671
0.1359228492,0.3006044328,0.005781367421,-0.01189479418,1,-0.07711625099,0.01322536729,0.08233293891,0,0.08471572399,0.7330502272,-64.07830811
0.1359228492,0.3054480255,0.006328209769,-0.01391998306,1,0.06113985926,0.01529091783,0.1141449809,0,0.04571651667,1.014742136,-65.55282593
0.1359228492,0.3102915883,0.006298934575,-0.01625690609,1,-0.3035999537,0.01743455045,0.1191499531,3.708014488,-0.205581829,0.9492368698,-68.82054138
0.1359228492,0.315135181,0.003861948149,-0.01794057339,1,-0.3027206659,0.01835153438,0.02923637629,0,-0.7762929797,0.6398138404,-77.85169983
0.1359228492,0.3199787438,0.001072648098,-0.01921428554,1,-0.135605216,0.01924420334,0.005214855075,0,-1.071299911,0.3302447796,-86.80474854
0.1359228492,0.3248223364,-0.001983790891,-0.01951488107,1,-0.08068621159,0.01961545274,-0.02904227749,0,-1.219423056,-0.1132293344,-95.80447388
0.1359228492,0.3296658993,-0.005224532448,-0.01880651899,1,-0.1183168292,0.01951873116,-0.1380707622,0,-1.069293976,-0.6589486003,-105.5255203
0.1359228492,0.3345094621,-0.007736057974,-0.01699197665,1,-0.4772849381,0.01867013238,-0.1779424548,0,-0.4991821349,-0.8027478456,-114.4786835
0.1359228492,0.3393530548,-0.009954126552,-0.0157802254,1,-0.6697757244,0.01865744218,-0.1119464934,12.22280979,-0.2191495746,-0.6221498251,-122.2436218
0.1359228492,0.3441966176,-0.01204163674,-0.01452076714,1,-0.9599103332,0.01886408404,0.209897235,18.3038826,0.08464843035,-0.4865191579,-129.6679077
0.1359228492,0.3490402102,-0.01419352554,-0.01240707841,1,-0.9499372244,0.01885183714,0.6454467773,0,0.06138649583,-0.227330476,-138.8421173
0.1407664269,0.237637952,0.00858276058,-0.00499353325,1,0.2750389874,0.009929710999,-0.1933268458,0,0.429638356,0.3433961272,-30.19125938
0.1407664269,0.2424815297,0.01028934028,-0.006293362938,1,0.2613629401,0.01206138171,0.1910120696,0,0.3049496114,0.5899662971,-31.45158577
0.1407664269,0.2473251075,0.01132573932,-0.00692589907,1,0.2014615387,0.01327555813,0.2059447467,0,0.04074420035,0.6061345339,-31.44655609
0.1407664269,0.2521686852,0.01146248262,-0.008231713437,1,0.03756798804,0.01411203854,0.09894305468,0,-0.2137154788,0.6979795694,-35.68379211
0.1407664269,0.257012248,0.01047255658,-0.009827374481,1,-0.05683754385,0.01436146721,-0.03362256289,0,-0.4520521164,0.5338577032,-43.17960739
0.1407664269,0.2618558407,0.008997635916,-0.0109803481,1,-0.07723161578,0.01419596747,-0.02850088477,0,-0.4514273107,0.2617986798,-50.6677475
0.1407664269,0.2666994035,0.007911955938,-0.01123346295,1,-0.05580668151,0.01374007761,0.03475646302,0,-0.4409362078,-0.04740126804,-54.84218979
0.1407664269,0.2715429962,0.006591623183,-0.01058241073,1,-0.05026609451,0.0124674337,0.03395076096,0,-0.2828741968,-0.1877846718,-58.08184433
0.1407664269,0.276386559,0.006298365071,-0.01015947014,1,0.02941194922,0.01195341907,0.008952595294,0.5313170552,0.007188816555,-0.2193324566,-58.2031517
0.1407664269,0.2812301517,0.006768901832,-0.009476694278,1,-0.03847645596,0.01164584793,-9.153038263e-05,0.5250610709,0.02764705941,-0.2340497971,-54.46298599
0.1407664269,0.2860737145,0.006245912053,-0.009026275016,1,-0.1797521114,0.0109765688,0.04219266772,3.149597406,0.0690267235,-0.1562329084,-55.3179245
0.1407664269,0.2909172773,0.006232596468,-0.008515607566,1,-0.186731562,0.01055276394,-0.14988482,0,0.3362386823,-0.02130610496,-53.79950333
0.1407664269,0.29576087,0.006970061455,-0.00964905601,1,-0.05907151103,0.01190319378,-0.2285714149,0,0.440069586,0.4643362761,-54.15727997
0.1407664269,0.3006044328,0.008077990264,-0.01187175978,1,0.06100104749,0.01435940806,-0.002446860075,0,0.4425550699,0.9747669697,-55.76716232
0.1407664269,0.3054480255,0.009409074672,-0.01438226737,1,0.0142076537,0.01718663238,0.2273218036,0,0.1496849954,1.139357328,-56.80674362
0.1407664269,0.3102915883,0.00887181703,-0.01628927514,1,-0.4135074019,0.0185485743,0.141430676,4.406371593,-0.3171036839,1.159921408,-61.42544937
0.1407664269,0.315135181,0.005870303139,-0.01931540668,1,-0.5837399364,0.02018775418,0.06251209974,0,-0.810819447,1.247927904,-73.09501648
0.1407664269,0.3199787438,0.002117160242,-0.0220309291,1,-0.3337201476,0.02213242464,-0.03784394264,0,-1.40609777,0.7636243701,-84.51076508
0.1407664269,0.3248223364,-0.002556640189,-0.02319738083,1,0.07058477402,0.0233378429,0.01400641352,0,-2.019897461,-0.102081798,-96.2893219
0.1407664269,0.3296658993,-0.007324487437,-0.02146864682,1,-0.1752897501,0.02268371359,-0.1065596938,0,-1.54365468,-1.178935289,-108.8381729
0.1407664269,0.3345094621,-0.01088245492,-0.01800326258,1,-0.2236895263,0.02103676088,-0.442702949,0,-1.057183981,-1.874466419,-121.1517639
0.1407664269,0.3393530548,-0.01352849789,-0.0145337889,1,-0.4442566037,0.0198557619,-0.1771056056,7.691343784,-0.1111078709,-1.633705616,-132.948349
0.1407664269,0.3441966176,-0.01357240602,-0.01094810758,1,-0.2542732954,0.01743763871,-0.005824923515,0,0.833463192,-1.233276486,-141.1088104
0.1407664269,0.3490402102,-0.01072314661,-0.008588531986,1,0.1660397649,0.01373858657,0.5533128977,0,1.010466814,-0.4209951162,-141.3075714
0.1456100047,0.237637952,0.009894801304,-0.003484682646,1,0.4971186519,0.01049047709,0.01989039779,0,0.8272386193,0.8661761284,-19.40089035
0.1456100047,0.2424815297,0.01310211513,-0.005534207914,1,0.2091343403,0.01422297023,0.3732371926,0,0.5384175777,1.204634905,-22.89872932
0.1456100047,0.2473251075,0.01351562701,-0.007511621807,1,0.09645782411,0.01546274964,0.06184175611,1.267410517,-0.036158856,0.8306553364,-29.06412888
0.1456100047,0.2521686852,0.01339417789,-0.009258016013,1,-0.06897379458,0.01628234796,0.1590527594,0,-0.3381212354,0.8656446934,-34.65211487
0.1456100047,0.257012248,0.01154383365,-0.01093404926,1,-0.2393282801,0.01590011083,0.1447044611,0,-0.5815634131,0.7201352715,-43.44605255
0.1456100047,0.2618558407,0.009418125264,-0.01204515994,1,-0.18722938,0.01529009361,-0.01844425499,0,-0.6497757435,0.2370130271,-51.97810745
0.1456100047,0.2666994035,0.007489734329,-0.0121713765,1,-0.2072535008,0.01429120451,-0.05276034772,0,-0.5211957693,-0.2269372791,-58.39367294
0.1456100047,0.2715429962,0.005889824592,-0.01120152045,1,-0.14744699,0.01265559532,0.02263186872,0,-0.302495718,-0.4523363709,-62.26434708
0.1456100047,0.276386559,0.005310401786,-0.009870830923,1,-0.1625315845,0.01120864227,-0.0721577853,1.990149975,0.1045099795,-0.5321798921,-61.72021866
0.1456100047,0.2812301517,0.005608792417,-0.008973367512,1,-0.1723466069,0.01058205497,-0.1082410812,0,0.2659526765,-0.4643034339,-57.99261093
0.1456100047,0.2860737145,0.005763790105,-0.00814621523,1,-0.2185010612,0.009979083203,0.01612170041,0,0.3029002845,-0.2571179867,-54.71899033
0.1456100047,0.2909172773,0.006017585285,-0.007649913896,1,-0.1110593677,0.009733063169,-0.0282182768,0,0.4557542205,0.01396947075,-51.8106575
0.1456100047,0.29576087,0.007433346473,-0.008350554854,1,0.05596765876,0.01117973123,-0.07018224895,0,0.8675831556,0.4246572256,-48.325737
0.1456100047,0.3006044328,0.01049087569,-0.01004670747,1,0.095767349,0.01452566031,-0.04602625966,0,1.042746425,0.9683548212,-43.76105118
0.1456100047,0.3054480255,0.01294782665,-0.01326378807,1,-0.283162415,0.01853575557,0.1107563972,0,0.7190507054,1.296503782,-45.69062042
0.1456100047,0.3102915883,0.01260213461,-0.01578996703,1,-0.4315420091,0.0202023983,0.5617312193,0,-0.1338789165,1.754374862,-51.4062767
0.1456100047,0.315135181,0.01020916644,-0.01904045045,1,-0.8498290181,0.02160476334,0.6200078726,0,-0.8047563434,2.399366856,-61.80054855
0.1456100047,0.3199787438,0.004588021897,-0.02440842986,1,-0.3585954905,0.02483589016,-0.0661907196,0,-2.246825218,2.122241974,-79.35440063
0.1456100047,0.3248223364,-0.00241039088,-0.02964029461,1,-0.39059937,0.02973814122,-0.293574363,0,-2.920785427,-0.08177422732,-94.6491394
0.1456100047,0.3296658993,-0.01145092677,-0.0254343003,1,-0.4819738865,0.02789314091,-0.6816767454,0,-2.934737682,-2.459546089,-114.2380295
0.1456100047,0.3345094621,-0.01895944774,-0.02102907188,1,-0.498170346,0.02831399813,-0.7749247551,0,-1.003612995,-3.101243973,-132.0372925
0.1456100047,0.3393530548,-0.0187249314,-0.01416659355,1,-0.06878447533,0.02348010801,-0.4935133457,0,0.2579271197,-2.924947739,-142.8901978
0.1456100047,0.3441966176,-0.01804332063,-0.009252230637,1,0.04341134429,0.02027720772,-0.3718578815,0,1.024455786,-1.57955265,-152.8522186
0.1456100047,0.3490402102,-0.01355263405,-0.008317030035,1,0.5176866055,0.0159011595,-0.4588031769,0,1.336592555,-0.8449630737,-148.4632416
0.1504535824,0.237637952,0.01287449244,-0.003394571599,1,0.7491812706,0.01331449114,-0.06010860205,0,1.339107037,0.4782877564,-14.77081013
0.1504535824,0.2424815297,0.01793188602,-0.004698453937,1,0.1026187539,0.01853720658,0.3209763169,0,0.4701243639,1.182667255,-14.68239498
0.1504535824,0.2473251075,0.01564861834,-0.007568238303,1,-0.3281979263,0.01738267764,-0.04591217637,6.367445469,0.0172290504,0.9527083635,-25.81009293
0.1504535824,0.2521686852,0.01642568409,-0.009535349905,1,-0.2682132125,0.01899278723,0.06340944767,4.954930305,0.06440831721,0.8720647097,-30.13579178
0.1504535824,0.257012248,0.01466147508,-0.0114850169,1,-0.7205289602,0.01862429827,0.1091433465,7.695837021,-0.594489336,0.8700225353,-38.07325363
0.1504535824,0.2618558407,0.01005629078,-0.01322072744,1,-0.8000110388,0.01661073789,0.1182088703,0,-0.873185277,0.3802155852,-52.74172211
0.1504535824,0.2666994035,0.00655721873,-0.01275406685,1,-0.8065245152,0.01434096787,-0.1259263903,14.1499176,-0.3384916484,-0.5155817866,-62.79104996
0.1504535824,0.2715429962,0.004510316066,-0.01133340131,1,-0.6002867818,0.01219790708,0.01013621688,11.7226944,-0.05749356747,-0.7925831079,-68.29909515
0.1504535824,0.276386559,0.003371208441,-0.008866033517,1,-0.3714421093,0.009485336021,0.01102688909,5.098386288,0.2652028501,-0.8106062412,-69.18126678
0.1504535824,0.2812301517,0.003995737992,-0.007353757508,1,-0.2588689625,0.008369210176,-0.09163603187,0,0.6113809347,-0.5799540281,-61.48211288
0.1504535824,0.2860737145,0.005078627728,-0.006500827149,1,-0.1752044111,0.008249436505,0.05806547403,0,0.6227764487,-0.2688747942,-52.00205612
0.1504535824,0.2909172773,0.006163581274,-0.005770201795,1,-0.0684260726,0.008443042636,0.1817537248,0,0.8134045005,0.02011824399,-43.11201477
0.1504535824,0.29576087,0.008686988614,-0.005717933178,1,0.07500010729,0.01039992925,0.1209247708,0,1.242575407,0.4336669445,-33.35363388
0.1504535824,0.3006044328,0.01254536025,-0.00728499284,1,0.1259335876,0.01450714283,0.007816255093,0,1.430407763,0.7944325209,-30.14340019
0.1504535824,0.3054480255,0.01622524858,-0.009527970105,1,-0.1236511469,0.01881597564,-0.2149671316,0,1.681321263,1.346384525,-30.42277908
0.1504535824,0.3102915883,0.02009005658,-0.01484752074,1,-0.5861845016,0.02498117834,-0.08755302429,0,1.467687845,1.888078213,-36.46619034
0.1504535824,0.315135181,0.02049487829,-0.01909709349,1,-1.696614027,0.02801319398,-0.391462326,32.38137817,0.04199975729,2.979846239,-42.97802734
0.1504535824,0.3199787438,0.01207580417,-0.03117671609,1,-2.823513746,0.03343370557,0.1376359463,31.71432495,-2.311027288,3.514362812,-68.82691956
0.1504535824,0.3248223364,-0.00437467033,-0.03545253351,1,-3.984957695,0.03572142124,0.166226089,47.48386765,-3.161628962,0.6146720648,-97.03446198
0.1504535824,0.3296658993,-0.02253924496,-0.03334879875,1,-3.011373281,0.04025121033,0.1269316673,40.09332275,-2.20840168,-2.970193386,-124.0533371
0.1504535824,0.3345094621,-0.02965697832,-0.02045141347,1,-1.330505252,0.03602494672,0.6043330431,22.82530975,-0.2276062965,-3.606905937,-145.4099121
0.1504535824,0.3393530548,-0.03008607961,-0.01295133587,1,0.02892947197,0.03275529295,0.5600611567,0,1.340463996,-2.383025885,-156.7092743
0.1504535824,0.3441966176,-0.02302421443,-0.006196342409,1,0.7622150779,0.02384342812,0.1174070835,0,1.931669474,-1.602238894,-164.9372864
0.1504535824,0.3490402102,-0.01703803986,-0.004622097127,1,0.6294608116,0.01765385456,-0.2974660993,0,1.842330217,-0.9474981427,-164.8220367
0.1552971601,0.237637952,0.01192028448,-0.0006273317267,1,1.162428617,0.01193678007,-0.6598918438,0,2.33285737,0.6312340498,-3.012539625
0.1552971601,0.2424815297,0.02038512938,-0.003754165955,1,0.2356694937,0.02072793432,-0.315284431,0,1.000499487,0.7606119514,-10.43478584
0.1552971601,0.2473251075,0.01790776476,-0.005838519428,1,-0.8191367388,0.01883550733,0.05375760794,14.82960415,0.3112663329,0.8574552536,-18.05767059
0.1552971601,0.2521686852,0.01792521961,-0.007646937855,1,-0.7726727724,0.01948818006,0.06797322631,12.41910648,0.4379476905,0.9939527512,-23.10319901
0.1552971601,0.257012248,0.0162864998,-0.01032356638,1,-1.357723236,0.01928279176,-0.1164197922,26.47014618,0.09978193045,0.8648067713,-32.36949539
0.1552971601,0.2618558407,0.01183228288,-0.01239958499,1,-2.223347187,0.01713921316,0.1129462644,43.32579041,-0.2343322039,0.02641031891,-46.3411293
0.1552971601,0.2666994035,0.004382539541,-0.009904422797,1,-1.957028031,0.01083070785,0.051605165,38.37276459,-0.05229246616,-0.7385392189,-66.13142395
0.1552971601,0.2715429962,0.002099982463,-0.008572459221,1,-1.143641233,0.008825927041,-0.0784637332,19.76677322,0.5356273055,-0.7220440507,-76.23540497
0.1552971601,0.276386559,0.001437577186,-0.006787191611,1,-0.671407938,0.006937765982,0.03564587235,0,0.7242430449,-0.751832962,-78.04107666
0.1552971601,0.2812301517,0.002355893608,-0.00475824438,1,-0.3025791347,0.005309531465,-0.06778118014,0,0.9849551916,-0.5851794481,-63.65915298
0.1552971601,0.2860737145,0.004742718767,-0.004281132948,1,-0.09970587492,0.006389169022,0.09104193002,0,1.057569742,-0.1937784255,-42.07177353
0.1552971601,0.2909172773,0.006995367818,-0.003378699068,1,-0.02751600742,0.007768576033,0.2820163071,0,1.137611866,-0.04539033771,-25.78012085
0.1552971601,0.29576087,0.01011955459,-0.002695313422,1,0.1662580371,0.01047234982,0.08345399052,0,1.357669592,0.1556499004,-14.91431904
0.1552971601,0.3006044328,0.01437663008,-0.003728385549,1,0.06172472239,0.0148522174,-0.06443608552,0,1.653614759,0.3125477135,-14.53860378
0.1552971601,0.3054480255,0.0184279345,-0.004521263763,1,-0.3499519825,0.01897447184,0.03747597337,0,1.784116745,0.4738250673,-13.78512955
0.1552971601,0.3102915883,0.02132311836,-0.00584187638,1,-1.311036825,0.02210888825,-0.08819907904,0,2.202582598,1.170803308,-15.3213253
0.1552971601,0.315135181,0.02274620533,-0.01061933953,1,-2.391626596,0.02510299161,-0.5336133242,0,2.588515043,2.787131071,-25.02608299
0.1552971601,0.3199787438,0.02227676287,-0.0219261609,1,-6.762741566,0.03125717118,0.06957435608,124.4196854,2.349834919,3.17329216,-44.54555893
0.1552971601,0.3248223364,0.001371949795,-0.0256524384,1,-10.22814941,0.02568910085,2.071317673,196.3591919,0.4215044975,1.992632508,-86.93860626
0.1552971601,0.3296658993,-0.02522248589,-0.02154504322,1,-7.442724228,0.03317171708,-0.8031594753,145.1066284,0.2425301075,-2.860600233,-139.4960632
0.1552971601,0.3345094621,-0.03350264207,-0.015687095,1,-2.540686846,0.03699340299,-0.3876533508,28.19295502,2.059200287,-3.222534895,-154.9093933
0.1552971601,0.3393530548,-0.02755460329,-0.007814073935,1,-0.5884042382,0.02864115685,1.858841538,0,2.295287848,-0.6391483545,-164.16745
0.1552971601,0.3441966176,-0.02523521893,-0.003587887157,1,0.2744042873,0.0254890006,0.236921519,0,1.371463418,-0.8721081018,-171.9080505
0.1552971601,0.3490402102,-0.01958271489,-0.002442402532,1,0.9696124792,0.01973443851,-0.6930962801,0,1.364400506,-1.166085958,-172.8906555
0.1601407379,0.237637952,0.01273568626,0.002274490194,1,1.054434776,0.01293719467,-0.5466647148,0,1.98182416,0.8029288054,10.12580681
0.1601407379,0.2424815297,0.02008886449,-0.0009939405136,1,0.2248741984,0.02011343837,-0.4013897479,0,1.287739515,0.5003265738,-2.832524061
0.1601407379,0.2473251075,0.02006214857,-0.002093043178,1,-0.5110062957,0.02017103322,-0.001411110163,0,0.8166359067,0.5514189005,-5.956005573
0.1601407379,0.2521686852,0.02156920545,-0.003671615617,1,-0.990567863,0.0218794737,0.3726074696,13.20763588,0.6239368916,0.8541600704,-9.660568237
0.1601407379,0.257012248,0.01828634553,-0.004425477237,1,-2.373295784,0.01881423034,0.2932201028,46.13406372,0.1357079744,0.2757049203,-13.6045723
0.1601407379,0.2618558407,0.01073127519,-0.003586779581,1,-3.182200909,0.01131482515,0.1064522266,62.38786697,0.07368338108,-0.07877142727,-18.48148918
0.1601407379,0.2666994035,0.003230000148,-0.003528332105,1,-2.308620214,0.004783516284,0.1970693767,44.91923523,0.223739624,0.1171602979,-47.52755737
0.1601407379,0.2715429962,0.0006329942844,-0.003199733794,1,-1.402783871,0.00326174451,0.02758403122,23.66602898,0.7157503366,-0.2660506964,-78.80982208
0.1601407379,0.276386559,-9.769915778e-05,-0.002106089611,1,-0.8854819536,0.002108354354,-0.07863122225,0,0.9267898202,-0.5085301995,-92.65598297
0.1601407379,0.2812301517,0.0008330726996,-0.001117484644,1,-0.217869401,0.001393837156,-0.172513783,0,1.18383193,-0.4224565029,-53.29587173
0.1601407379,0.2860737145,0.004581015557,-0.0008954724181,1,-0.02349299192,0.004667716101,-0.01803669333,0,1.360654354,-0.2225700468,-11.06040573
0.1601407379,0.2909172773,0.007309697568,-0.0001268144697,1,-0.1887901425,0.00731079746,0.09662550688,0,1.275609016,-0.09914591908,-0.9939132333
0.1601407379,0.29576087,0.009845106862,5.276168304e-05,1,-0.04767644405,0.009845248424,-0.02787246928,0,1.376737595,-0.1418924034,0.3070553839
0.1601407379,0.3006044328,0.01374710817,0.00042544998,1,-0.01129263639,0.01375369076,-0.2407228947,0,1.839831114,-0.396763742,1.772642612
0.1601407379,0.3054480255,0.018701775,0.0008085577283,1,0.02986121178,0.01871924475,-0.1751582325,0,2.362301588,-0.5355360508,2.475600004
0.1601407379,0.3102915883,0.02533373423,0.002170968102,1,-0.2525569201,0.02542658336,0.2444586754,0,2.87627697,-0.625983119,4.897981644
0.1601407379,0.315135181,0.03140996769,0.005024610087,1,-2.618436098,0.03180931881,1.508400321,0,3.124084234,-0.7192479372,9.088525772
0.1601407379,0.3199787438,0.02778287977,0.01296075527,1,-7.027289867,0.03065729327,1.482747078,113.518013,3.703181267,-0.8100371361,25.00912094
0.1601407379,0.3248223364,0.01530938782,0.01612988859,1,-13.04095268,0.02223849483,-0.3836221099,255,-1.012260914,1.492145896,46.49496078
0.1601407379,0.3296658993,-0.04028495029,0.003875327064,1,-11.54456425,0.0404709205,-0.9192383885,224.244812,-1.349372387,2.033420801,174.5051727
0.1601407379,0.3345094621,-0.047143206,0.001828497974,1,-1.82153666,0.04717865214,-0.3725750744,0,5.146878242,0.2177482247,177.7788391
0.1601407379,0.3393530548,-0.02417840064,0.001016050228,1,0.6134754419,0.02419974096,0.162311703,0,3.730919838,0.7220526934,177.5936737
0.1601407379,0.3441966176,-0.02610079013,-0.0008826510748,1,-0.9376262426,0.02611570992,-0.2361558676,14.12158871,0.5526353121,0.5331021547,-178.0631714
0.1601407379,0.3490402102,-0.02604313381,-0.002709910739,1,-0.4559815526,0.02618374303,-0.6052125096,0,0.4797887802,0.1492934376,-174.059494
0.1649843156,0.237637952,0.01316151954,0.003864550963,1,1.321831107,0.01371715497,-0.4166373014,0,1.85880053,0.6035366058,16.36355782
0.1649843156,0.2424815297,0.02086433768,0.001393905142,1,0.3970875144,0.02091084793,-0.4942345619,0,1.132825136,0.1814090163,3.822138071
0.1649843156,0.2473251075,0.02057177015,0.0005920188851,1,-0.2940729558,0.02058028802,-0.1861914098,0,0.9140332937,0.06586688757,1.648415565
0.1649843156,0.2521686852,0.02386716381,0.0001730412187,1,-1.018270254,0.02386779152,-0.07203657925,14.39517307,0.7024623156,-0.3274202943,0.4153974056
0.1649843156,0.257012248,0.01904213242,0.001828987733,1,-2.320855618,0.01912976801,0.2820320725,45.12214661,-0.1361726522,-0.3781208992,5.486402035
0.1649843156,0.2618558407,0.01196635701,0.003370543476,1,-2.49764061,0.0124319857,0.4080730975,48.16499329,-0.2147341967,0.298180908,15.73084641
0.1649843156,0.2666994035,0.005904535297,0.00236125919,1,-2.451017141,0.006359172985,0.4392130077,47.18862915,0.1755490303,0.7864185572,21.79676628
0.1649843156,0.2715429962,0.0009449507343,0.001688826247,1,-1.959742665,0.001935217297,0.0280422233,37.42001724,0.4503377676,0.104550004,60.77163696
0.1649843156,0.276386559,-0.001406384748,0.001990687801,1,-1.029358387,0.002437366638,-0.1791265607,13.88651657,0.725689888,-0.2497724295,125.240509
0.1649843156,0.2812301517,-0.0005258914316,0.002031004988,1,-0.08943802118,0.002097985474,-0.1857846677,0,1.118368745,-0.2750583887,104.516861
0.1649843156,0.2860737145,0.003577321302,0.002423092024,1,0.1054444909,0.004320717882,0.02095007896,0,1.444871187,-0.3265682459,34.11167526
0.1649843156,0.2909172773,0.006983160041,0.003714231774,1,-0.1371945143,0.007909490727,0.1392014772,0,1.318132281,-0.2284718305,28.00780106
0.1649843156,0.29576087,0.009297285229,0.00420394633,1,-0.4016115665,0.01020356175,0.07089618593,0,1.29057312,-0.243632555,24.33101845
0.1649843156,0.3006044328,0.0112889139,0.005237676203,1,-0.3701543808,0.01244479138,-0.1448897123,0,1.544564486,-0.6759323478,24.88971138
0.1649843156,0.3054480255,0.01498563122,0.006776092574,1,-0.1774634123,0.01644641533,-0.3280231059,0,1.867590427,-1.16938436,24.33118057
0.1649843156,0.3102915883,0.01947517507,0.009312874638,1,-0.1449623108,0.02158731408,-0.1774014235,0,2.53635478,-2.32847929,25.55675888
0.1649843156,0.315135181,0.0265685264,0.01719500497,1,-1.001758933,0.03164735064,0.1882398129,0,2.252882004,-4.092652321,32.91072464
0.1649843156,0.3199787438,0.02553508617,0.03004770912,1,-3.427538395,0.03943229094,-0.5586166382,65.05473328,-0.6659964323,-3.741070271,49.64151382
0.1649843156,0.3248223364,0.006741171237,0.03260946646,1,-6.972915649,0.03329895809,-1.837655067,123.3530807,-2.392257452,-1.381060839,78.32009125
0.1649843156,0.3296658993,-0.01982585713,0.02783615887,1,-7.218862534,0.03417479247,1.525021076,136.2770081,-1.244686365,4.527873039,125.4597549
0.1649843156,0.3345094621,-0.0342525579,0.01806496456,1,-2.386369705,0.03872441873,0.2566726208,32.9678421,1.675065398,4.499538422,152.192627
0.1649843156,0.3393530548,-0.0232711155,0.007285509259,1,0.03898727894,0.02438490279,-1.106243849,0,2.119669437,1.873919725,162.6161804
0.1649843156,0.3441966176,-0.0237969365,0.003630310297,1,-0.616058588,0.02407225221,0.06222987175,0,0.9216429591,1.134873986,171.3262024
0.1649843156,0.3490402102,-0.02179099433,0.002090073889,1,-0.5452803969,0.02189099975,0.7921241522,0,1.373567343,1.428113341,174.5212555
0.1698278934,0.237637952,0.01364094764,0.004875343759,1,0.8358174562,0.01448600832,-0.4388667345,0,1.20099175,0.5131907463,19.66714668
0.1698278934,0.2424815297,0.01857366972,0.002569661476,1,0.1555368006,0.01875058375,-0.5141410232,0,1.049853086,-0.2835614085,7.876851559
0.1698278934,0.2473251075,0.01947934739,0.003758513369,1,-0.5575686097,0.01983863302,0.03030081093,0,0.7765669227,-0.401864171,10.92093658
0.1698278934,0.2521686852,0.01963440515,0.004662886262,1,-1.000618219,0.02018049546,-0.206475988,14.22182846,0.6582229137,-0.7015014291,13.35943127
0.1698278934,0.257012248,0.01782093197,0.006156203803,1,-1.463830113,0.01885429583,0.1095766574,27.89152908,0.3319531679,-0.4701123834,19.05736542
0.1698278934,0.2618558407,0.01415207144,0.007470655255,1,-1.882174373,0.01600286923,0.3627880514,36.19020462,0.09537738562,-0.2643188536,27.82886887
0.1698278934,0.2666994035,0.009166441858,0.009193644859,1,-2.652319193,0.01298255567,0.2570124269,51.79743195,-0.006223201752,0.04992930591,45.08489227
0.1698278934,0.2715429962,0.001275215065,0.008473678492,1,-2.485667706,0.008569095284,-0.1485498548,48.60319138,0.1441038847,0.42933321,81.4417038
0.1698278934,0.276386559,-0.002175104804,0.006394623313,1,-1.320628524,0.006754427217,-0.3361043334,20.01488686,0.7685010433,0.4362702966,108.7855225
0.1698278934,0.2812301517,-0.00139905652,0.004732621834,1,-0.2276491523,0.004935085773,-0.003787882626,0,1.316892624,0.1618909538,106.4687271
0.1698278934,0.2860737145,0.003100730246,0.005592145026,1,0.2302347422,0.006394264288,0.2534416914,0,1.478500366,-0.1986122876,60.99252319
0.1698278934,0.2909172773,0.006877309643,0.006922173779,1,-0.03684186935,0.009757759981,0.2055264711,0,1.256542444,-0.3430028558,45.18627548
0.1698278934,0.29576087,0.009008444846,0.00824898947,1,-0.4599193335,0.01221465971,0.07606239617,0,1.057428718,-0.4973496199,42.48018646
0.1698278934,0.3006044328,0.009771392681,0.009699539281,1,-0.5232251883,0.0137681216,-0.08451706171,0,1.027092457,-0.5934271216,44.78856277
0.1698278934,0.3054480255,0.01144896541,0.0107139349,1,-0.3662887216,0.01568015292,-0.03713816404,0,1.073392868,-1.164114237,43.10048676
0.1698278934,0.3102915883,0.0131963063,0.01515813544,1,-0.6393423676,0.02009755187,0.007022619247,0,0.8560573459,-2.073006153,48.95795822
0.1698278934,0.315135181,0.01249864139,0.02078871615,1,-1.062726378,0.02425668575,-0.777312398,13.51397896,-0.2254319191,-3.085185528,58.98477554
0.1698278934,0.3199787438,0.006957011297,0.02633649856,1,-0.8985294104,0.02723988146,-0.4049866199,0,-1.739882827,-4.023788452,75.20282745
0.1698278934,0.3248223364,-0.0002807132259,0.03831666335,1,-1.446865916,0.03831769153,-0.2231197357,0,-2.253765821,-1.559985638,90.4197464
0.1698278934,0.3296658993,-0.0109672863,0.03281171247,1,-2.300503254,0.03459609672,-0.6502282619,0,-2.618482113,2.82165575,108.4821548
0.1698278934,0.3345094621,-0.02410612814,0.02150037512,1,-1.186550498,0.03230126202,-0.3342177868,16.39501381,-0.7733265162,4.149599075,138.2700806
0.1698278934,0.3393530548,-0.02046010271,0.01109399553,1,-0.3106153011,0.02327428944,-0.9728883505,0,1.095903277,2.110586166,151.5323181
0.1698278934,0.3441966176,-0.02030252479,0.006565325893,1,-0.01591449976,0.02133766748,0.2287909985,0,1.083485365,1.15988338,162.0801086
0.1698278934,0.3490402102,-0.01528924052,0.006584177259,1,0.6583616734,0.0166466888,0.8303822875,0,1.411706924,0.8225982785,156.7013092
0.1746714562,0.237637952,0.01352151297,0.005633298308,1,0.4432201385,0.01464804914,-0.101124309,0,0.9933613539,-0.1392326355,22.61746216
0.1746714562,0.2424815297,0.01700061001,0.00572558865,1,-0.02319872379,0.01793887094,-0.3011771441,0,1.107224703,-0.5944933891,18.61287117
0.1746714562,0.2473251075,0.01877207682,0.007053998299,1,-0.3350707293,0.02005367167,-0.06377589703,0,0.8447562456,-0.576241374,20.59475517
0.1746714562,0.2521686852,0.01946931146,0.008207755163,1,-0.8679563999,0.02112868428,0.04514843225,12.92850971,0.5631761551,-0.671882987,22.85902214
0.1746714562,0.257012248,0.0172958523,0.01052699052,1,-1.669024467,0.02024756931,0.1285789311,32.36890411,0.2184414864,-0.8502840996,31.32646751
0.1746714562,0.2618558407,0.01244329941,0.01294895448,1,-2.209335804,0.01795859449,0.1325962543,43.1518898,0.1644377708,-0.8276072145,46.14082336
0.1746714562,0.2666994035,0.007391229272,0.01517781056,1,-2.047803164,0.01688183099,-0.1829732507,40.01036453,-0.04535102844,-0.4879866242,64.03503418
0.1746714562,0.2715429962,0.002304944675,0.01442631055,1,-1.820767641,0.0146092847,-0.2151864767,35.41641235,0.1045871377,0.4182867408,80.92236328
0.1746714562,0.276386559,-0.0009212238947,0.01210953388,1,-1.103559971,0.0121445246,-0.2391050458,16.44064522,0.6772114038,0.775477469,94.35034943
0.1746714562,0.2812301517,0.0002398918587,0.0095121013,1,-0.2801583409,0.009515125304,-0.1106105149,0,1.263752699,0.6409784555,88.55532837
0.1746714562,0.2860737145,0.003842891427,0.008469154127,1,0.06606560946,0.009300235659,0.07971344888,0,1.188670158,-0.01664714143,65.59375763
0.1746714562,0.2909172773,0.006317283493,0.009978829883,1,-0.1926902235,0.0118103819,0.1247721314,0,0.8975120783,-0.5119832754,57.6633873
0.1746714562,0.29576087,0.007256750949,0.01155332848,1,-0.363232851,0.01364330761,-0.07921269536,0,0.7117273808,-0.6506743431,57.8666954
0.1746714562,0.3006044328,0.008005243726,0.01274674851,1,-0.2859143019,0.01505202707,-0.1110019982,0,0.6803603172,-0.5643781424,57.87026215
0.1746714562,0.3054480255,0.009167280979,0.01374929119,1,-0.3504264355,0.01652519405,-0.02364480495,0,0.6525160074,-0.8100882173,56.30679703
0.1746714562,0.3102915883,0.009468438104,0.01655594818,1,-0.377441287,0.01907224953,0.1192954779,6.701668739,0.1075920314,-1.429396152,60.23452377
0.1746714562,0.315135181,0.007860245183,0.02125049941,1,-0.4759193957,0.02265760675,0.1926521659,0,-0.6357454062,-1.751490593,69.70131683
0.1746714562,0.3199787438,0.004084003624,0.02597255446,1,-0.5198719501,0.02629168332,0.2663410902,0,-1.494273543,-1.271920681,81.06380463
0.1746714562,0.3248223364,-0.001895425143,0.02870118991,1,0.2541428804,0.02876370959,-0.1564938277,0,-3.019123554,-0.2232734114,93.77832031
0.1746714562,0.3296658993,-0.009308394976,0.02629600652,1,-0.2497646809,0.02789491229,-0.5112909675,0,-2.615288496,1.271435261,109.4932098
0.1746714562,0.3345094621,-0.01577248983,0.02006644383,1,-0.5461432934,0.02552319691,0.08781266212,0,-1.198889136,2.606183767,128.1678162
0.1746714562,0.3393530548,-0.01776059531,0.01409808081,1,-0.4549232721,0.02267585881,-0.3721723557,3.592398167,0.1868766546,1.921816587,141.5580139
0.1746714562,0.3441966176,-0.01707079448,0.008955330588,1,0.03755044937,0.01927718893,-0.2081048489,0,0.7833156586,1.51771152,152.3185272
0.1746714562,0.3490402102,-0.01378466655,0.005738954991,1,1.074576735,0.01493159868,-0.5628003478,0,0.2823201418,0.7652946115,157.3966217
0.179515034,0.237637952,0.01247676183,0.007539991289,1,-0.005791008472,0.01457810123,-0.06340747327,0,0.7319751978,-0.271912694,31.14552498
0.179515034,0.2424815297,0.01423542667,0.008044946939,1,-0.00894638896,0.01635140739,-0.2275111526,0,0.8146766424,-0.6266162992,29.47234154
0.179515034,0.2473251075,0.01637937874,0.009473088197,1,-0.1066393852,0.01892150752,-0.1917372644,0,0.5945732594,-0.9246108532,30.0431366
0.179515034,0.2521686852,0.01659877226,0.01159467734,1,-0.7008334398,0.02024736442,-0.01184397936,12.6316843,0.2767502367,-1.214508533,34.93531036
0.179515034,0.257012248,0.01432530209,0.01529827807,1,-1.180343151,0.02095833048,0.2183923721,22.7569046,-0.01980990171,-1.303936362,46.88117981
0.179515034,0.2618558407,0.01078573707,0.01896819472,1,-1.520414352,0.02182027698,0.04653230309,29.51712608,-0.2156373262,-0.6955605745,60.37647629
0.179515034,0.2666994035,0.005916600581,0.0188926626,1,-1.341027737,0.01979744621,-0.2677673697,24.43452835,-0.4194048047,-0.02643229067,72.61105347
0.179515034,0.2715429962,0.002258945489,0.01779926941,1,-1.034936428,0.01794204116,-0.3320750892,19.13433266,-0.09929692745,0.4674884975,82.76713562
0.179515034,0.276386559,0.0004228528705,0.01501991414,1,-0.4557823241,0.01502586529,-0.2519800663,5.916412354,0.2309221923,0.9018377066,88.38739014
0.179515034,0.2812301517,0.001169817988,0.01221066341,1,-0.166274637,0.01226657163,-0.1225996017,0,0.782212615,0.7012448907,84.52759552
0.179515034,0.2860737145,0.003406196367,0.01102955919,1,-0.07059562206,0.01154354122,0.09549727291,0,0.8617503047,0.0971526131,72.83804321
0.179515034,0.2909172773,0.00500182528,0.01220264565,1,-0.1084274799,0.01318798028,0.1485325694,0,0.5351759791,-0.3523525,67.71144104
0.179515034,0.29576087,0.005473185796,0.01345563494,1,-0.06200405955,0.01452617906,-0.01083391905,0,0.3713448048,-0.460318327,67.86558533
0.179515034,0.3006044328,0.006500141229,0.01437975839,1,0.03854158521,0.01578066126,-0.07097616792,0,0.3614798784,-0.5078685284,65.67541504
0.179515034,0.3054480255,0.007410720922,0.01557175722,1,-0.1344297379,0.01724524423,-0.0585103035,0,0.2068143636,-0.7042457461,64.54985809
0.179515034,0.3102915883,0.006850741804,0.0175074283,1,-0.3253372312,0.01880007237,-0.0280482471,5.248507023,-0.1830520481,-0.9453103542,68.62935638
0.179515034,0.315135181,0.004948297981,0.02001458779,1,-0.1493857205,0.02061721124,-0.1084655523,0,-0.8342520595,-0.956905961,76.11297607
0.179515034,0.3199787438,0.002086415654,0.02161691524,1,0.1613714695,0.02171736956,-0.1666154563,0,-1.620714307,-0.6719816327,84.48701477
0.179515034,0.3248223364,-0.00212014257,0.02246236801,1,0.2406972051,0.02256220207,-0.1022897214,0,-2.175607681,-0.04803564772,95.39196014
0.179515034,0.3296658993,-0.007285474334,0.0213541314,1,0.1006118059,0.02256273478,-0.03440847993,0,-1.945828676,0.8169510365,108.8383102
0.179515034,0.3345094621,-0.01105756685,0.01833875477,1,-0.05293917656,0.02141447365,0.04183095694,0,-1.117439032,1.518328905,121.0883636
0.179515034,0.3393530548,-0.01295429189,0.01420259848,1,-0.1713399291,0.01922309771,-0.08243381977,0,-0.4277597666,1.60253191,132.3681641
0.179515034,0.3441966176,-0.01395935286,0.01017749216,1,-0.2242430449,0.01727555692,-0.6539822817,0,-0.05533402413,1.711164355,143.9049377
0.179515034,0.3490402102,-0.01430844516,0.002746826736,1,0.2726606131,0.01456971746,-1.506531596,0,-0.4168066382,1.561713815,169.1329956
0.1843586117,0.237637952,0.0118973637,0.009206726216,1,-0.3026289344,0.01504363865,-0.06662863493,0,0.7015958428,-0.2764506042,37.73435211
0.1843586117,0.2424815297,0.01286357734,0.009714870714,1,-0.001700520515,0.01611987501,-0.2472698987,0,0.3046984375,-0.5040326118,37.0609436
0.1843586117,0.2473251075,0.01336495765,0.0104503762,1,0.0212828815,0.01696562581,-0.2228751481,0,0.1161776185,-0.8893013,38.02269363
0.1843586117,0.2521686852,0.01352937799,0.01294275746,1,-0.1804333478,0.0187232215,0.01555347443,3.012016296,-0.09354265034,-1.160799384,43.7305336
0.1843586117,0.257012248,0.01203793567,0.01614812389,1,-0.249173373,0.02014134638,0.1897138953,0,-0.6240855455,-1.116342545,53.2965889
0.1843586117,0.2618558407,0.009299680591,0.01926874369,1,-0.3010173142,0.02139552683,0.1119685024,0,-0.9525365829,-0.6093244553,64.2366333
0.1843586117,0.2666994035,0.005966250319,0.0196417626,1,-0.5284051895,0.02052790672,0.01100609824,0,-0.7803072929,0.07513028383,73.10366821
0.1843586117,0.2715429962,0.002960829996,0.0189581532,1,-0.4147649109,0.01918796822,-0.2079915255,0.6402040124,-0.3573581874,0.6603999734,81.12341309
0.1843586117,0.276386559,0.002226412063,0.0154356407,1,-0.138974756,0.01559538115,-0.2109190524,0,0.1558579803,0.790815711,81.7923584
0.1843586117,0.2812301517,0.00304260524,0.01410617307,1,-0.02201253176,0.01443057787,-0.05986629426,0,0.5483990312,0.4460812807,77.82816315
0.1843586117,0.2860737145,0.004776006099,0.01298504416,1,-0.009601444006,0.01383551955,0.02370461822,0,0.4818696082,0.232228756,69.80606842
0.1843586117,0.2909172773,0.005330065731,0.01309617329,1,-0.09826093912,0.01413928438,0.09743153304,0,0.1392806768,-0.04032681137,67.85397339
0.1843586117,0.29576087,0.004974688403,0.01365228742,1,-0.04964805767,0.01453039795,0.08747293055,0,0.02311776206,-0.1633235067,69.97901917
0.1843586117,0.3006044328,0.00520156417,0.01431092527,1,0.1144050881,0.01522691175,0.0001893490553,2.233302116,-0.0115628466,-0.361082077,70.02541351
0.1843586117,0.3054480255,0.005472812802,0.01540213358,1,0.1011202782,0.01634556241,-0.003827095032,0,-0.1935446113,-0.6096173525,70.43843842
0.1843586117,0.3102915883,0.004753899761,0.01724511757,1,-0.1305764019,0.01788836718,-0.06378772855,0,-0.4418883026,-0.5863689184,74.58825684
0.1843586117,0.315135181,0.00270003546,0.01793329604,1,-0.1451344788,0.01813541539,-0.3886165321,0,-0.8317686319,-0.4083882868,81.43785858
0.1843586117,0.3199787438,2.219343878e-05,0.01734088361,1,0.1367883682,0.01734089851,-0.522919476,0,-1.235887766,-0.3297424316,89.92667389
0.1843586117,0.3248223364,-0.002623537788,0.01699762791,1,0.2978553176,0.01719890349,-0.2560356855,0,-1.441696405,-0.05846041441,98.77420044
0.1843586117,0.3296658993,-0.005518089514,0.01638391241,1,0.07907766104,0.01728820056,0.003403648734,0,-1.233640194,0.4343203306,108.6134872
0.1843586117,0.3345094621,-0.008215733804,0.01491045579,1,-0.1351599395,0.01702409983,0.07161089778,0,-0.8723169565,0.7999610901,118.8549805
0.1843586117,0.3393530548,-0.0103978822,0.01285609137,1,-0.2162047029,0.01653466187,-0.05952361226,0,-0.5548197627,1.001056314,128.9656067
0.1843586117,0.3441966176,-0.01195025072,0.009773454629,1,-0.3271193504,0.01543790475,-0.6342936754,0,-0.3169304132,1.524570107,140.7221527
0.1843586117,0.3490402102,-0.01351738721,0.002399466699,1,0.2762515545,0.01372869965,-1.385272145,0,-0.9233483076,1.659570098,169.9342957
0.1892021894,0.237637952,0.0108150309,0.01240403205,1,0.03623678163,0.0164567586,-0.9506295919,0,-0.1264991164,0.2365168631,48.91493988
0.1892021894,0.2424815297,0.01059643459,0.009529014118,1,0.3853658438,0.01425084285,-0.8358894587,0,-0.3487328887,-0.3256645501,41.96397018
0.1892021894,0.2473251075,0.01099246554,0.00993271824,1,0.4190806448,0.01481530257,-0.3660418391,0,-0.3250901997,-0.879407227,42.1007576
0.1892021894,0.2521686852,0.01105168462,0.01201553922,1,0.3245497048,0.01632522233,-0.2353312969,0,-0.5630848408,-0.9681881666,47.39268875
0.1892021894,0.257012248,0.009837104008,0.01348236203,1,0.3590034544,0.01668959856,-0.07991144061,0,-0.9112666845,-0.8638302088,53.88447571
0.1892021894,0.2618558407,0.00837675482,0.01581251062,1,0.3216099143,0.01789428666,0.2144721001,0,-1.044896603,-0.6506308317,62.08737564
0.1892021894,0.2666994035,0.00633380888,0.01767255552,1,0.1515441239,0.01877328753,0.3435250223,0,-0.9622122049,-0.124065809,70.28242493
0.1892021894,0.2715429962,0.00445022108,0.01807732321,1,0.09116247296,0.01861703768,0.1942899823,0,-0.7316356897,0.4471188188,76.17009735
0.1892021894,0.276386559,0.003231627168,0.01644795947,1,0.094693169,0.0167624224,-0.1373101771,0,-0.3857467771,0.5035027266,78.88434601
0.1892021894,0.2812301517,0.003040480427,0.01497349609,1,0.3918406665,0.0152790742,-0.3625384569,2.161197901,-0.09986591339,0.2646677494,78.52172852
0.1892021894,0.2860737145,0.004645829555,0.01341003738,1,0.4644155204,0.0141919991,-0.3441320956,6.118928909,-0.002372175455,-0.009605795145,70.89165497
0.1892021894,0.2909172773,0.005278416444,0.0133531969,1,0.1650150716,0.01435860526,-0.06633213907,2.62686038,-0.07005054504,-0.148511976,68.43149567
0.1892021894,0.29576087,0.005105797667,0.01380808186,1,0.08399318904,0.01472183038,-0.01716823876,0,-0.1926498711,-0.1031431109,69.70717621
0.1892021894,0.3006044328,0.004752129316,0.01376962289,1,0.1695786566,0.01456657983,-0.1960027218,0,-0.3071510792,-0.2654644251,70.9595871
0.1892021894,0.3054480255,0.004439454991,0.01414452493,1,0.2105989456,0.01482485607,-0.06536264718,0,-0.4274781942,-0.5257541537,72.57481384
0.1892021894,0.3102915883,0.003701657755,0.0159995649,1,0.007658272982,0.01642218977,0.1787065566,0,-0.6996079087,-0.3465863168,76.97325134
0.1892021894,0.315135181,0.001087943208,0.01668882184,1,-0.3410098851,0.01672424562,-0.1875329018,0,-0.8451331854,0.02539092302,86.27016449
0.1892021894,0.3199787438,-0.002043518238,0.01496825181,1,-0.6753211617,0.01510710176,-0.1820552945,11.30587673,-0.3015129566,0.365496099,97.77415466
0.1892021894,0.3248223364,-0.003643428907,0.0140367141,1,-0.9541838169,0.01450185943,0.1386017501,17.49912071,0.3096590936,0.1328975856,104.550827
0.1892021894,0.3296658993,-0.005165324081,0.01499588042,1,-0.5266312361,0.01586054824,0.2098260522,9.114046097,-0.1325139701,0.05878780037,109.0062408
0.1892021894,0.3345094621,-0.006836039945,0.01476827729,1,-0.1229949594,0.01627370343,-0.08903749287,0,-0.543574512,0.4133577347,114.8387833
0.1892021894,0.3393530548,-0.008393905126,0.01256249007,1,-0.1787372231,0.01510873251,-0.03872728348,0,-0.4016580582,0.8988925219,123.7497482
0.1892021894,0.3441966176,-0.009647229686,0.01022684295,1,-0.6593732834,0.01405906677,-0.5426582098,4.712199211,-0.2874384522,2.68347311,133.3294983
0.1892021894,0.3490402102,-0.01297986135,-0.003063528566,1,-1.467436075,0.01333649177,-1.730185151,0,0.09133684635,3.757630348,-166.719986
0.1940457672,0.237637952,0.00843850337,0.008418502286,1,0.5748904943,0.01191971079,-0.9571073055,0,-1.070806146,-0.02420350909,44.93201447
0.1940457672,0.2424815297,0.007237500511,0.006159206387,1,0.5815577507,0.009503537789,-0.8558181524,0,-0.8098962307,-0.5311459303,40.39821243
0.1940457672,0.2473251075,0.00733252801,0.006845926866,1,0.6850432158,0.01003158372,-0.4991816878,0,-0.5895482302,-1.012072086,43.03439713
0.1940457672,0.2521686852,0.007700038143,0.008643430658,1,0.710068047,0.01157581434,-0.3668510616,0,-0.6823360324,-1.017103791,48.30361176
0.1940457672,0.257012248,0.007466849871,0.009995471686,1,0.6669505835,0.01247651037,-0.07576787472,0,-0.7728488445,-0.9029524922,53.23941422
0.1940457672,0.2618558407,0.007187111769,0.01264996361,1,0.6077596545,0.01454909425,0.1932909936,0,-0.6981126666,-0.6845158935,60.39680862
0.1940457672,0.2666994035,0.007029218134,0.01424719766,1,0.5916233659,0.01588686742,0.3833655119,0,-0.822768271,-0.09621858597,63.73939133
0.1940457672,0.2715429962,0.006067543291,0.01497286651,1,0.3282479942,0.01615555026,0.2163730264,0,-0.9536377192,0.4514482617,67.94043732
0.1940457672,0.276386559,0.004000094254,0.01310859248,1,0.3282440901,0.01370532531,-0.1766646951,0,-1.050640345,0.4939785004,73.03040314
0.1940457672,0.2812301517,0.002568560885,0.011724554,1,0.5740012527,0.0120026106,-0.3435797095,0,-0.7675451636,0.14871566,77.64312744
0.1940457672,0.2860737145,0.003062649164,0.0107241217,1,0.7321785092,0.01115287375,-0.3028029501,0,-0.3768841624,-0.3509205878,74.06144714
0.1940457672,0.2909172773,0.004289451521,0.01195761468,1,0.4253535867,0.01270369813,-0.04022917151,0,-0.1509073228,-0.3681321442,70.26600647
0.1940457672,0.29576087,0.004391951021,0.01231234521,1,0.1722315699,0.01307222527,-0.1428138763,0,-0.4453849196,-0.1519462019,70.36811829
0.1940457672,0.3006044328,0.00296641211,0.01200184785,1,0.1809913814,0.01236300729,-0.3687586486,0,-0.5489546061,-0.3685959876,76.11684418
0.1940457672,0.3054480255,0.002609692747,0.01231155731,1,0.4790140986,0.01258510817,-0.190143913,0,-0.2778510451,-0.5653977394,78.03210449
0.1940457672,0.3102915883,0.003940761089,0.01381941885,1,0.3783656955,0.01437031478,0.3776325285,0,-0.5218556523,-0.2789025009,74.08390808
0.1940457672,0.315135181,0.001914688153,0.01549153589,1,-0.06560088694,0.01560941152,0.7211120129,0,-0.5599817038,-0.3797341883,82.954216
0.1940457672,0.3199787438,0.0009107032092,0.01915145293,1,-1.196388364,0.01917309314,1.397320032,0,0.5309302807,-0.1774691343,87.27748108
0.1940457672,0.3248223364,-0.001308509614,0.02311914973,1,-2.404484272,0.02315614931,0.3934318423,0,1.345816135,0.5706981421,93.23939514
0.1940457672,0.3296658993,-0.004217037465,0.01829284988,1,-1.231559515,0.01877263375,-0.861890018,0,0.1298181415,1.253454566,102.9815674
0.1940457672,0.3345094621,-0.006644863635,0.01287334599,1,0.1832627803,0.01448714081,-0.6332240701,0,-0.5991883278,0.7121642232,117.3015366
0.1940457672,0.3393530548,-0.006231605075,0.01177635696,1,0.6850393414,0.01332349423,0.3123934865,0,0.3604308963,0.5804589391,117.886116
0.1940457672,0.3441966176,-0.00158104708,0.01157495007,1,-0.01671376824,0.01168243028,1.476750612,0,0.5399438143,1.853920698,97.77801514
0.1940457672,0.3490402102,-0.003697299864,0.009949504398,1,-3.123575211,0.01061426755,1.580881119,0,2.24973917,2.252054691,110.3853836
