PIVlab, ASCII chart output - 13-Mar-2024
FRAME: 21, filenames: A:[21]2 vortices tapados mismo sentido clase 4.mp4 & B:[22]2 vortices tapados mismo sentido clase 4.mp4, conversion factor xy (px -> m): 0.00030272, conversion factor uv (px/frame -> m/s): 0.0090842
x [m],y [m],u [m/s],v [m/s],Vector type [-],vorticity [1/s],magnitude [m/s],divergence [1/s],dcev [1],simple shear [1/s],simple strain [1/s],vector direction [degrees]
0.1262357086,0.237637952,0.008502853103,-0.008865623735,1,-0.2383213341,0.01228404697,0.7002846003,0,0.8933897018,0.1047783792,-46.19654465
0.1262357086,0.2424815297,0.01008929033,-0.007423433475,1,0.3122870326,0.01252601855,0.1275108308,0,0.2083007842,0.02299210057,-36.34465408
0.1262357086,0.2473251075,0.01102436054,-0.008359379135,1,0.09646403044,0.01383530814,-0.291761905,0,0.1011245176,0.1977552027,-37.1717453
0.1262357086,0.2521686852,0.01104632579,-0.009794447571,1,-0.05109434575,0.01476321463,-0.3954894245,0,-0.02373744734,0.2008823454,-41.56244659
0.1262357086,0.257012248,0.01066190749,-0.01124794781,1,-0.2017795146,0.01549814828,-0.3008594215,0,0.06547344476,0.2668654025,-46.53217316
0.1262357086,0.2618558407,0.0103861168,-0.01254426688,1,-0.4923776388,0.01628588513,-0.06093533337,0,0.373164475,-0.007644578815,-50.37669373
0.1262357086,0.2666994035,0.01008448936,-0.01150606573,1,-0.4238017797,0.0152998846,-0.1848198622,0,0.02206046879,-0.1667565256,-48.76705933
0.1262357086,0.2715429962,0.008440251462,-0.01263175812,1,-0.7536253929,0.01519207563,-0.1795975268,0,0.002652555704,-0.03580505401,-56.25006104
0.1262357086,0.276386559,0.006447094027,-0.01220253576,1,-0.6537557244,0.01380097494,0.3365710974,0,-0.02053534985,0.001988306642,-62.15069199
0.1262357086,0.2812301517,0.005174270365,-0.01101118047,1,-0.285387814,0.0121663129,0.5685402751,0,-0.1071034223,0.3429017365,-64.83067322
0.1262357086,0.2860737145,0.004546032287,-0.01110963803,1,-0.2236759961,0.01200376917,0.6960952282,0,0.00547581166,0.7052922249,-67.74576569
0.1262357086,0.2909172773,0.004117404111,-0.01105572656,1,0.01290425286,0.01179754641,0.5443010926,0,-0.05695778504,0.5225067735,-69.57352448
0.1262357086,0.29576087,0.004332655575,-0.01100407541,1,0.04499789327,0.01182630844,0.001041807234,0,-0.09733157605,0.2064663172,-68.50886536
0.1262357086,0.3006044328,0.003863921855,-0.01205071621,1,0.02317643166,0.01265502442,-0.002385508269,0,-0.08582737297,0.07139651477,-72.22216034
0.1262357086,0.3054480255,0.004029200878,-0.01136144437,1,0.4020370543,0.01205474511,-0.2400304377,0,-0.6004402637,-0.3575236499,-70.47354889
0.1262357086,0.3102915883,0.002902940614,-0.01148162875,1,0.4107635617,0.01184292417,-0.3839285076,0,-1.251867294,-0.140204519,-75.81105804
0.1262357086,0.315135181,-4.475006062e-05,-0.01254194044,1,-0.04044181108,0.01254202053,0.05390891433,0,-1.15528059,0.7434467077,-90.20442963
0.1262357086,0.3199787438,-0.002888633637,-0.01482145861,1,-0.5650020838,0.01510032546,0.4804977179,0,-0.6471400261,1.066752195,-101.0284348
0.1262357086,0.3248223364,-0.005915854592,-0.01538150944,1,-0.5933193564,0.01647993177,0.8847619295,0,-0.4543824196,0.6334996223,-111.0371475
0.1262357086,0.3296658993,-0.007963258773,-0.01360445004,1,-0.2849463522,0.01576370932,0.7022657394,0,-0.7087340355,0.1657942235,-120.3422394
0.1262357086,0.3345094621,-0.01072880812,-0.01278307568,1,-0.2120018005,0.01668874919,0.6548211575,0,-0.37210989,-0.02213767171,-130.0066681
0.1262357086,0.3393530548,-0.01079244912,-0.01032554731,1,0.07216035575,0.01493632793,0.1372647732,0,-0.1282001436,-0.5058225989,-136.266571
0.1262357086,0.3441966176,-0.01100024115,-0.009668231942,1,-0.8667482734,0.01464513596,-0.8274129629,0,0.7401077151,-0.3003643751,-138.6874237
0.1262357086,0.3490402102,-0.01140584238,-0.01287834812,1,-2.495667934,0.01720305532,-1.196306705,0,2.328188419,0.1292036176,-131.5300446
0.1310792714,0.237637952,0.01045253966,-0.006124867126,1,-0.4245355427,0.01211484987,-0.06912076473,0,0.4250458777,0.5710664392,-30.36899185
0.1310792714,0.2424815297,0.01045377553,-0.007675265428,1,0.132751435,0.01296885218,-0.1091896072,1.419109941,-0.06169709563,0.3498151898,-36.28648376
0.1310792714,0.2473251075,0.01079669688,-0.008348092437,1,0.04994244874,0.01364768483,-0.1504307985,0,-0.02490837872,0.2734149396,-37.711483
0.1310792714,0.2521686852,0.01057503,-0.009728195146,1,0.01201039553,0.01436903048,-0.178079322,0,-0.05683590472,0.2869964242,-42.61161423
0.1310792714,0.257012248,0.01057958137,-0.0106007196,1,-0.0199465137,0.01497674175,-0.04406695068,0,-0.05334615707,0.1045665592,-45.05718231
0.1310792714,0.2618558407,0.01022003125,-0.01044811308,1,-0.1833933592,0.0146154752,-0.009762670845,5.11294651,-0.09461048245,-0.04577630758,-45.63225555
0.1310792714,0.2666994035,0.009233048186,-0.01042628475,1,-0.2279557586,0.01392683014,-0.1361418068,0,-0.2471966743,-0.06344655901,-48.47334671
0.1310792714,0.2715429962,0.007918593474,-0.01080021821,1,-0.3493559062,0.01339211874,-0.0599215813,11.07038212,-0.05655011535,-0.009807866067,-53.75156784
0.1310792714,0.276386559,0.007267010864,-0.01066901442,1,-0.2030222118,0.01290880796,0.1167708561,4.505382538,0.09215170145,0.07118398696,-55.73995972
0.1310792714,0.2812301517,0.007381583564,-0.01057941467,1,0.08827856183,0.01290006936,0.16364187,0,0.05064259842,0.1400370002,-55.0953331
0.1310792714,0.2860737145,0.007939886302,-0.01055468246,1,-0.03050919995,0.01320769172,0.1234909296,0,-0.1100080162,0.2567611039,-53.04724884
0.1310792714,0.2909172773,0.006700979546,-0.01122491714,1,-0.2737858891,0.01307294425,0.1439483762,0,-0.367205441,0.3078940809,-59.16390991
0.1310792714,0.29576087,0.004835194908,-0.01134876627,1,-0.2267858237,0.01233586669,0.02689652145,0,-0.324444741,0.2518918514,-66.92334747
0.1310792714,0.3006044328,0.004031051416,-0.01231469959,1,-0.2222739011,0.01295766979,-0.1807817221,0,-0.2429069132,0.3230729103,-71.87483978
0.1310792714,0.3054480255,0.002582055517,-0.01378922537,1,-0.05624113977,0.01402888913,-0.3553233445,0,-0.4387331605,0.3039945662,-79.39408875
0.1310792714,0.3102915883,0.001633604988,-0.0155081572,1,0.3316614032,0.01559395995,-0.056815207,0,-0.4753123522,0.2430893183,-83.98672485
0.1310792714,0.315135181,0.00188627094,-0.0152418362,1,0.3288815618,0.01535811182,0.4346821606,0,-0.4889156818,0.3339759409,-82.94515991
0.1310792714,0.3199787438,0.0008584673633,-0.01502037887,1,-0.2625607848,0.01504489128,0.4882657826,0,-0.5891294479,0.4476343691,-86.72890472
0.1310792714,0.3248223364,-0.002238956979,-0.0150450347,1,-0.5550076962,0.01521071978,0.4428919256,0,-0.8322880268,0.3624539673,-98.46446228
0.1310792714,0.3296658993,-0.005861007143,-0.01463077124,1,-0.3799332082,0.01576105505,0.4085653126,0,-1.056536198,0.02161622047,-111.8307724
0.1310792714,0.3345094621,-0.009196586907,-0.01317082252,1,-0.3532695174,0.01606386527,0.5138137341,0,-0.8491491675,-0.2748583257,-124.9248428
0.1310792714,0.3393530548,-0.01168501563,-0.01081077661,1,-0.303080529,0.01591893472,0.5076703429,0,-0.6331869364,-1.018896341,-137.2255249
0.1310792714,0.3441966176,-0.01373147126,-0.005776777864,1,-0.414481461,0.0148971295,0.536950767,0,-0.06143064797,-1.448101282,-157.1836853
0.1310792714,0.3490402102,-0.01399013307,-0.001196022378,1,-1.340323448,0.01404116396,0.5514053106,0,1.233517647,-1.340065002,-175.1136475
0.1359228492,0.237637952,0.0109340623,-0.004750616383,1,-0.2182962298,0.01192149613,-0.6360232234,0,0.350725174,0.8565272689,-23.48391533
0.1359228492,0.2424815297,0.0112547772,-0.008365258574,1,0.11882478,0.01402310841,-0.2113748491,0,0.02280203626,0.6085371971,-36.62205505
0.1359228492,0.2473251075,0.01162004285,-0.008721924387,1,0.05006026477,0.01452919003,0.03819996119,0.9202792645,0.01582002081,0.4021150172,-36.89164352
0.1359228492,0.2521686852,0.01157387346,-0.01012790948,1,0.0151154995,0.01537950244,0.04523831606,0,-0.1524318159,0.6001589298,-41.18808365
0.1359228492,0.257012248,0.01095494162,-0.01140972134,1,-0.003244429827,0.01581747457,-0.01176282763,0,-0.2975174487,0.3983330727,-46.16493225
0.1359228492,0.2618558407,0.01011710986,-0.01211424079,1,0.1005270183,0.01578324288,0.0237074364,0,-0.4798277318,0.0628394708,-50.13332748
0.1359228492,0.2666994035,0.009117769077,-0.01159926038,1,0.01560150087,0.01475386601,0.06690570712,0,-0.431533277,-0.1190535575,-51.83036423
0.1359228492,0.2715429962,0.008102511987,-0.01121353265,1,-0.05919013917,0.01383452304,0.02166734636,0,-0.3042401075,-0.1489545107,-54.14942169
0.1359228492,0.276386559,0.0073574665,-0.01077284012,1,-0.08538655192,0.01304555032,-0.06532459706,0,-0.2154967785,-0.06946610659,-55.66831589
0.1359228492,0.2812301517,0.006645160262,-0.01119347289,1,-0.001756571233,0.01301737223,-0.2109176666,0,-0.1984377503,-0.0618840307,-59.30392456
0.1359228492,0.2860737145,0.006387809757,-0.01149469614,1,0.03384908289,0.01315036695,-0.190983206,0,-0.1038854197,-0.1260025799,-60.93828583
0.1359228492,0.2909172773,0.006305934861,-0.01150821056,1,-0.05122701824,0.01312264148,-0.012121276,0,-0.09429001808,-0.01575555839,-61.27941895
0.1359228492,0.29576087,0.005682986695,-0.01147709321,1,-0.1580772847,0.01280703023,0.07498410344,0,-0.2038072199,0.2076222301,-63.65727234
0.1359228492,0.3006044328,0.004553119186,-0.01215065364,1,-0.2464022338,0.01297571883,-0.02769744396,6.400112152,-0.1463653445,0.3309172392,-69.45791626
0.1359228492,0.3054480255,0.003780586412,-0.01321407128,1,-0.1216431558,0.01374425367,0.02620312572,3.723020077,-0.03277716041,0.6950495243,-74.03401184
0.1359228492,0.3102915883,0.003805172397,-0.01539026294,1,0.003934166394,0.01585369185,0.2198915482,0,-0.02505221963,0.8989200592,-76.11238861
0.1359228492,0.315135181,0.003678299487,-0.01650299877,1,0.08665753901,0.01690795273,0.3374519348,0,-0.5327550173,0.5465853214,-77.43491364
0.1359228492,0.3199787438,0.001644464675,-0.01640321687,1,-0.1503374577,0.01648544148,0.1589366794,0,-1.02511692,0.2046750784,-84.27507782
0.1359228492,0.3248223364,-0.002015105216,-0.0167245362,1,-0.2879915833,0.01684549637,-0.1411913037,0,-1.265428066,-0.04241982847,-96.87033081
0.1359228492,0.3296658993,-0.005879644305,-0.01688162424,1,-0.3175584078,0.01787622645,-0.03550307453,0,-1.242513299,-0.3533750176,-109.2025452
0.1359228492,0.3345094621,-0.009571410716,-0.01518490352,1,-0.4411334097,0.01794974133,0.2480005026,0,-1.084384441,-0.775454402,-122.2242126
0.1359228492,0.3393530548,-0.0132686086,-0.01192444097,1,-0.4197926223,0.01783951372,0.3795906901,0,-0.7863513231,-1.112425804,-138.0541077
0.1359228492,0.3441966176,-0.01541346312,-0.007958205417,1,0.1377844065,0.01734669693,0.8274351358,0,-0.541858077,-1.549459338,-152.6920013
0.1359228492,0.3490402102,-0.01522577088,-0.0004117678618,1,0.375458777,0.01523133833,1.234072089,0,-0.2979575396,-1.881977439,-178.4508667
0.1407664269,0.237637952,0.01152056828,-0.003368767677,1,-0.01874692738,0.01200300362,-0.8263683319,0,0.3725738525,1.143907189,-16.29962349
0.1407664269,0.2424815297,0.01237746235,-0.008140359074,1,0.0242241919,0.01481441967,-0.02768826485,0,0.2666410506,1.034578085,-33.33195496
0.1407664269,0.2473251075,0.0129293967,-0.008513937704,1,0.04857999086,0.01548084058,0.06753839552,0,0.2246889472,0.562908709,-33.36468887
0.1407664269,0.2521686852,0.01370106172,-0.01053972356,1,0.03500495851,0.01728597283,0.1055520773,0,-0.1335752755,0.8306609988,-37.56976318
0.1407664269,0.257012248,0.01245196443,-0.01202605385,1,-0.1538834274,0.01731119119,0.09823635221,0,-0.4782595932,0.6596772671,-44.00317001
0.1407664269,0.2618558407,0.01063922793,-0.01325910632,1,-0.1845915914,0.01699991338,0.09802658856,0,-0.5321303606,0.2148746997,-51.2561264
0.1407664269,0.2666994035,0.008980466053,-0.01259201672,1,-0.07860615849,0.01546633989,0.03875409812,0,-0.6103804111,-0.223855406,-54.50402069
0.1407664269,0.2715429962,0.007302068174,-0.01198713668,1,-0.009030759335,0.01403608359,-0.08894483745,0,-0.4795181155,-0.3558556437,-58.65195465
0.1407664269,0.276386559,0.006614141632,-0.01129921339,1,0.04153591394,0.01309271157,-0.2059658766,0,-0.2979209423,-0.2999215126,-59.6568718
0.1407664269,0.2812301517,0.00606024731,-0.01153205521,1,-0.009953464381,0.01302746683,-0.1617843509,0,-0.03332046792,-0.1777649224,-62.27748108
0.1407664269,0.2860737145,0.006404540967,-0.01122181024,1,-0.07942397147,0.01292080339,-0.03593270481,0,0.1838323772,-0.05628117174,-60.28562164
0.1407664269,0.2909172773,0.006565955933,-0.01143349614,1,-0.1587655097,0.01318471134,-0.01034869626,3.47001791,0.117366299,0.06159244105,-60.13238525
0.1407664269,0.29576087,0.006204020698,-0.01157026272,1,-0.2169537246,0.01312862709,0.0888440311,6.453175068,-0.003180213273,0.1707395017,-61.79961395
0.1407664269,0.3006044328,0.005499720108,-0.01183016319,1,-0.1633213311,0.01304606069,0.127373755,0,0.1367868036,0.4966324568,-65.06677246
0.1407664269,0.3054480255,0.006075498648,-0.01335879602,1,0.0858714208,0.01467545889,0.1935471296,0,0.2347460389,0.9818882942,-65.54425049
0.1407664269,0.3102915883,0.007052655797,-0.01564855501,1,-0.007961012423,0.01716441847,0.2120258212,0,0.02709468827,1.220208883,-65.73935699
0.1407664269,0.315135181,0.006168174092,-0.01824200898,1,-0.2166474164,0.01925661601,0.1921073496,0,-0.6985865831,0.9371942282,-71.3180542
0.1407664269,0.3199787438,0.002619649051,-0.01925744116,1,-0.2381657362,0.0194348041,0.02234232426,0,-1.681172848,0.3397348821,-82.2534256
0.1407664269,0.3248223364,-0.003128291806,-0.01977932453,1,-0.05165016651,0.02002518252,-0.08888846636,0,-2.088135242,-0.1191510111,-98.98743439
0.1407664269,0.3296658993,-0.0077445684,-0.01911086217,1,-0.4344890714,0.02062045969,-0.04837632179,0,-1.345824242,-0.7695119381,-112.0599747
0.1407664269,0.3345094621,-0.01175135095,-0.01628645882,1,-0.709492445,0.02008340135,0.2014669478,0,-0.8368833065,-1.145601392,-125.8120041
0.1407664269,0.3393530548,-0.01523455977,-0.01258623227,1,-0.5685352087,0.01976120099,0.3462628126,0,-0.5623025894,-1.143912435,-140.4377441
0.1407664269,0.3441966176,-0.01722865179,-0.009068679065,1,-0.06242154539,0.01946965232,0.4629337788,0,-0.3285607696,-1.215260744,-152.2389374
0.1407664269,0.3490402102,-0.01712831296,-0.004457766656,1,0.8973860741,0.01769889146,0.5159277916,0,-0.8559545875,-1.387994647,-165.411972
0.1456100047,0.237637952,0.01247208659,-0.002855223836,1,0.772736609,0.01279473491,-0.796267271,0,0.7383944392,0.9940910339,-12.89447689
0.1456100047,0.2424815297,0.01613172702,-0.007191093639,1,-0.07640857995,0.01766194962,0.1498548985,0,0.5309436321,1.184978843,-24.02603722
0.1456100047,0.2473251075,0.01467366237,-0.007868926972,1,-0.2224791348,0.01665041782,-0.001697272062,1.497263908,0.2176825106,0.7732149363,-28.2029686
0.1456100047,0.2521686852,0.01610849425,-0.01094444096,1,-0.04855702072,0.01947471127,-0.1417629719,0,0.03870747238,0.9136434793,-34.19298935
0.1456100047,0.257012248,0.01462595537,-0.01298086252,1,-0.2332950234,0.01955559663,0.09100753069,0,-0.6907786727,0.6800619364,-41.58977127
0.1456100047,0.2618558407,0.01163267158,-0.01379757188,1,-0.3532319069,0.01804693975,0.02708800137,0,-0.969083786,0.2736181021,-49.86590958
0.1456100047,0.2666994035,0.0082212165,-0.01417495031,1,-0.06365674734,0.01638650708,-0.1679906547,0,-1.109976768,-0.2310013473,-59.88703918
0.1456100047,0.2715429962,0.005948086269,-0.01349237468,1,0.02533090115,0.01474530064,-0.1802437305,0,-0.7095472217,-0.5431829691,-66.20981598
0.1456100047,0.276386559,0.004907161463,-0.01241702586,1,0.04669930041,0.01335150842,-0.193360284,0,-0.2423314005,-0.6446221471,-68.43625641
0.1456100047,0.2812301517,0.005000527017,-0.0113066528,1,-0.08596886694,0.01236307621,-0.001744627953,0,0.2994480729,-0.4554242194,-66.14191437
0.1456100047,0.2860737145,0.00594116468,-0.01021959353,1,-0.1741256714,0.01182106324,-0.002019204199,0,0.4948835373,-0.2365383208,-59.82840729
0.1456100047,0.2909172773,0.006554137915,-0.01017074473,1,-0.2889220119,0.01209961809,-0.1094094664,0,0.4952023625,-0.06356090307,-57.20183182
0.1456100047,0.29576087,0.006940299645,-0.01044166461,1,-0.2460300028,0.01253778767,0.03391812742,0,0.4569079578,0.1425799131,-56.38906097
0.1456100047,0.3006044328,0.007575541735,-0.01069705654,1,-0.05527979136,0.01310785487,0.2654032111,0,0.5783641338,0.6889167428,-54.69428253
0.1456100047,0.3054480255,0.009473899379,-0.01249298546,1,-0.004935652018,0.01567894965,0.2360160351,0,0.6587437391,1.169914842,-52.82559586
0.1456100047,0.3102915883,0.0107423123,-0.01522046793,1,-0.3163449168,0.01862954348,0.1717092395,3.013839245,0.2490929216,1.481551647,-54.78629684
0.1456100047,0.315135181,0.009148159064,-0.01883730851,1,-0.7866117954,0.02094117925,-0.05172663927,9.433936119,-0.7296431065,1.635469675,-64.0969162
0.1456100047,0.3199787438,0.003398213768,-0.02339253388,1,-0.00372159481,0.02363807335,-0.01401805878,0,-2.509073734,1.586266279,-81.73451233
0.1456100047,0.3248223364,-0.003022760618,-0.02658841014,1,0.1388305426,0.02675968409,0.7375088334,0,-2.872215748,0.304608345,-96.48593903
0.1456100047,0.3296658993,-0.009841149673,-0.02129574679,1,-0.366268754,0.02345968969,0.8960275054,0,-1.929900169,-1.330944538,-114.8025055
0.1456100047,0.3345094621,-0.0141443992,-0.0158019308,1,-0.9719275832,0.02120766602,0.5781629086,18.61522102,-0.5333516002,-1.362859607,-131.8319244
0.1456100047,0.3393530548,-0.01713208668,-0.01189425308,1,-0.8221824169,0.02085621469,0.1522060633,25.59024239,-0.1921541393,-1.201062083,-145.2290039
0.1456100047,0.3441966176,-0.01905741729,-0.009247271344,1,-0.4923697114,0.02118247375,-0.06281101704,15.91748142,0.01387889683,-0.6801323295,-154.1158447
0.1456100047,0.3490402102,-0.01944969408,-0.00890420936,1,0.06082487106,0.0213910155,0.1734208465,0,-0.22280249,0.03176485747,-155.4013519
0.1504535824,0.237637952,0.01247874275,-0.003535106778,1,1.315398693,0.01296981145,-0.6327168941,0,1.312448263,0.05416998267,-15.8169117
0.1504535824,0.2424815297,0.01884283312,-0.005198601633,1,-0.1153607368,0.01954681054,0.143553704,0,0.9799199104,0.731316328,-15.42379665
0.1504535824,0.2473251075,0.01666630246,-0.006381980609,1,-0.4691371322,0.01784643717,-0.07946121693,13.89460087,0.1794528514,0.9359967709,-20.95320129
0.1504535824,0.2521686852,0.01743972488,-0.01011705119,1,-0.3019058406,0.02016181313,-0.4047222137,0,0.2028873265,1.218033314,-30.11867523
0.1504535824,0.257012248,0.01618669927,-0.01424191147,1,-0.3471651673,0.02156017907,0.1035552621,0,-0.7561522126,1.368112564,-41.34302139
0.1504535824,0.2618558407,0.01209572144,-0.01624203287,1,-0.5072512627,0.02025117539,-0.1058593094,0,-1.37953198,0.5998251438,-53.32431412
0.1504535824,0.2666994035,0.007047917228,-0.01765994914,1,-0.3148400784,0.01901438832,-0.08492277563,0,-1.398279309,-0.2285060436,-68.24353027
0.1504535824,0.2715429962,0.003798094578,-0.01554657612,1,-0.3770655394,0.01600379869,-0.05057436228,0,-0.5504737496,-1.074774504,-76.2713089
0.1504535824,0.276386559,0.002555308631,-0.01269915607,1,-0.2952510417,0.01295369305,0.07648521662,0,0.3051238954,-1.137765646,-78.62294006
0.1504535824,0.2812301517,0.0038459145,-0.009665258229,1,-0.1647928655,0.01040232088,0.1799395382,0,0.7209438086,-0.7940809727,-68.30184174
0.1504535824,0.2860737145,0.005249069072,-0.007981412113,1,-0.2561570406,0.009552783333,0.1016883403,0,0.644764781,-0.3173688054,-56.66861343
0.1504535824,0.2909172773,0.005728160497,-0.007635528687,1,-0.3419662714,0.009545319714,-0.09342817217,0,0.7156226635,-0.0554157868,-53.12283325
0.1504535824,0.29576087,0.007058902644,-0.008165528066,1,-0.08942571282,0.01079369988,-0.06536617875,0,0.9965821505,0.1670097411,-49.15737534
0.1504535824,0.3006044328,0.01012204308,-0.008761059493,1,0.1459282339,0.01338700578,0.1289214641,0,1.056970119,0.5374387503,-40.87758255
0.1504535824,0.3054480255,0.01288523432,-0.01014421321,1,-0.02275592089,0.01639921777,0.07328930497,0,1.042314291,0.9298366308,-38.21244812
0.1504535824,0.3102915883,0.01506035309,-0.01290981285,1,-0.5522310734,0.01983626746,-0.06015920639,0,0.7491768599,1.554734588,-40.60335541
0.1504535824,0.315135181,0.01383915637,-0.01796607673,1,-1.003630161,0.02267823182,-0.7557846308,21.53123093,0.007383614779,3.060092449,-52.39316559
0.1504535824,0.3199787438,0.0102349557,-0.03139230981,1,-0.5829233527,0.03301865235,0.3551790714,0,-1.878041029,3.740586519,-71.94228363
0.1504535824,0.3248223364,0.001919283997,-0.03436356038,1,-1.424431562,0.03441711515,1.898250699,0,-2.722519398,0.9262673855,-86.80322266
0.1504535824,0.3296658993,-0.009851123206,-0.02668443322,1,-3.700162411,0.02844474651,3.324953079,52.85314178,0.09302949905,-0.8458151817,-110.2626877
0.1504535824,0.3345094621,-0.01555209048,-0.01416218188,1,-1.236243844,0.02103413641,-0.04581165314,26.73626137,-0.9240709543,-3.586539745,-137.6781158
0.1504535824,0.3393530548,-0.02031477541,-0.009534641169,1,-1.197562456,0.0224410221,-0.8195604682,28.25252151,0.1084781289,-2.377408266,-154.8572235
0.1504535824,0.3441966176,-0.02082715556,-0.006616624538,1,-0.5477339029,0.02185291983,-0.5725944042,0,1.410793304,-1.337133288,-162.375351
0.1504535824,0.3490402102,-0.01613448001,-0.005831537768,1,0.1504684091,0.01715599932,-0.3177073598,0,1.787215471,-0.6418827176,-160.1284637
0.1552971601,0.237637952,0.009669849649,-0.002869514748,1,2.139279842,0.01008663047,0.03256209195,0,2.278685093,-0.373541832,-16.52818489
0.1552971601,0.2424815297,0.02036922798,-0.001886016806,1,0.2774011493,0.02045635693,0.04087385535,0,1.612216353,0.4244573116,-5.290017128
0.1552971601,0.2473251075,0.01882235892,-0.004727431107,1,-0.5572361946,0.01940695196,-0.2367352545,3.789335966,0.4908808172,1.128664374,-14.09880066
0.1552971601,0.2521686852,0.02004783042,-0.00849943608,1,-0.2225038707,0.02177512273,-0.5340417624,0,0.8277876377,1.578943253,-22.97489929
0.1552971601,0.257012248,0.02175409347,-0.01496182289,1,-0.895191431,0.02640258893,0.1065649986,26.6656971,-0.3482276201,2.072693348,-34.51904678
0.1552971601,0.2618558407,0.01402523369,-0.01802253164,1,-1.725959063,0.02283678576,-0.1300878227,33.47025299,-1.381453395,0.7908945084,-52.10975266
0.1552971601,0.2666994035,0.006703099702,-0.01942267269,1,-2.109748363,0.02054681815,-0.0672558248,65.05032349,-0.6832000017,-0.8291391134,-70.95956421
0.1552971601,0.2715429962,0.0004973713658,-0.01433229074,1,-1.515719891,0.01434091851,0.0632032156,49.30589294,0.0836519599,-1.983550072,-88.01247406
0.1552971601,0.276386559,-0.0002332327276,-0.009509063326,1,-0.6674664021,0.009511923417,0.0177899003,0,0.9830418825,-1.492616892,-91.4050293
0.1552971601,0.2812301517,0.002025885507,-0.007016518153,1,-0.1312153339,0.00730313221,0.07037955523,0,1.190294504,-0.6838469505,-73.89493561
0.1552971601,0.2860737145,0.004896499682,-0.005855908617,1,-0.1079891026,0.007633307017,0.07952421159,0,0.8940458298,-0.3268476725,-50.09885025
0.1552971601,0.2909172773,0.005833200645,-0.00504823029,1,-0.3431414366,0.00771432789,0.0815384537,0,0.8667458296,-0.0576990135,-40.87391281
0.1552971601,0.29576087,0.007432618178,-0.005181501154,1,-0.1967208385,0.00906045083,-0.03427215666,0,1.222802877,0.2209366858,-34.88151169
0.1552971601,0.3006044328,0.01080310903,-0.006284354255,1,0.0083335042,0.01249801088,-0.1603287458,0,1.416233063,0.2841225564,-30.18729782
0.1552971601,0.3054480255,0.01433261763,-0.00733423559,1,-0.02852708101,0.01610015333,-0.1455972046,0,1.510550499,0.3979355097,-27.09957123
0.1552971601,0.3102915883,0.01798140444,-0.008916997351,1,-0.3386257887,0.0200709682,-0.2605136335,0,1.572555661,1.103384972,-26.37686157
0.1552971601,0.315135181,0.02030925266,-0.01394038461,1,-0.85374403,0.0246333126,-0.7211624384,0,1.938679457,3.562559605,-34.46591949
0.1552971601,0.3199787438,0.02323637344,-0.02966553718,1,-3.231807709,0.03768252954,0.578993082,95.47835541,1.239223123,4.488378525,-51.92917252
0.1552971601,0.3248223364,0.0106580127,-0.03287579864,1,-4.736654282,0.03456025571,4.41629982,54.39442444,0.3866410255,-1.104910254,-72.03781891
0.1552971601,0.3296658993,0.002166747116,-0.002923126798,1,-6.735844135,0.00363860745,3.584325314,173.9406586,-2.017214298,-0.2529124022,-53.45257187
0.1552971601,0.3345094621,-0.03173797578,-0.01428989694,1,-5.056001663,0.03480661288,-2.033466101,134.0926056,-2.125384331,-1.487337351,-155.7605438
0.1552971601,0.3393530548,-0.03261685371,-0.00556834368,1,-1.213224888,0.03308875114,0.5101523399,0,1.921512127,-2.489470005,-170.3118744
0.1552971601,0.3441966176,-0.02830733173,0.0002390073787,1,-0.4661778808,0.02830834128,-0.08008599281,0,2.225065708,-1.028113723,179.5162506
0.1552971601,0.3490402102,-0.02409754321,-0.0009764977731,1,-0.2192771435,0.02411732078,-0.3461391032,0,1.957568884,0.1557632089,-177.6794891
0.1601407379,0.237637952,0.01082718093,-0.002859885572,1,2.100730419,0.01119851694,0.4422072172,0,2.139738083,-1.261725426,-14.79614639
0.1601407379,0.2424815297,0.0210967008,0.001266679494,1,0.7735413313,0.02113469318,-0.512635231,0,1.323926806,-0.8335843086,3.436004877
0.1601407379,0.2473251075,0.02098643035,-0.001305344049,1,-0.6233127713,0.02102698572,-0.4159142673,0,0.9131988883,0.884067297,-3.559179783
0.1601407379,0.2521686852,0.02250078693,-0.005029882304,1,-0.4695942998,0.02305613086,-0.7391886711,0,1.657907009,1.384720922,-12.60087395
0.1601407379,0.257012248,0.0267421063,-0.01159264985,1,-2.120334387,0.02914669365,-0.770324707,61.01950836,0.6329221725,1.200018406,-23.43663406
0.1601407379,0.2618558407,0.01529639028,-0.01457339246,1,-3.950684309,0.02112731151,0.1528631747,124.4272308,-1.011752367,-0.02103704959,-43.61342621
0.1601407379,0.2666994035,0.002706158906,-0.01075035054,1,-4.313990593,0.01108572725,0.1901417375,140.5315399,0.01971769333,-1.208307505,-75.87063599
0.1601407379,0.2715429962,-0.005503255408,-0.007799894549,1,-2.805687666,0.009545898996,-0.2813143134,80.55828857,1.299716234,-1.52947402,-125.2050705
0.1601407379,0.276386559,-0.004588130396,-0.004704791587,1,-0.6973412037,0.006571605802,-0.5063012838,0,2.014093637,-1.442690015,-134.2807617
0.1601407379,0.2812301517,0.0008745373343,-0.003264422761,1,0.04489022493,0.003379537258,-0.1536958367,0,1.738764048,-0.4792430997,-75.00265503
0.1601407379,0.2860737145,0.004051138647,-0.003127978183,1,-0.1050534844,0.00511820009,-0.0647996515,0,1.130970001,-0.3722339272,-37.67256546
0.1601407379,0.2909172773,0.005843628664,-0.001775345649,1,-0.3229493499,0.006107360125,0.1748424768,0,1.130593777,-0.2046339512,-16.8992424
0.1601407379,0.29576087,0.007963026874,-0.001289954642,1,-0.3429662585,0.008066832088,0.08948922157,0,1.350077033,0.1238528043,-9.201581955
0.1601407379,0.3006044328,0.01072164811,-0.00194178836,1,-0.3198837638,0.01089606714,-0.1495334804,0,1.588455915,0.1394299567,-10.26551533
0.1601407379,0.3054480255,0.01410745457,-0.002689571586,1,-0.2702001929,0.01436154824,-0.2379418314,0,2.008836031,0.1153236032,-10.79384899
0.1601407379,0.3102915883,0.01914286613,-0.003652856918,1,-0.03573834896,0.01948827133,-0.08091109246,0,2.821742535,0.2806368172,-10.80335045
0.1601407379,0.315135181,0.02760168351,-0.00444075698,1,-1.234247446,0.0279566329,0.1008636951,0,4.462501049,1.356891274,-9.13983345
0.1601407379,0.3199787438,0.03477916494,-0.009736523964,1,-5.828332424,0.03611634299,-0.1040291488,143.0040283,3.837360859,0.9505063295,-15.63973808
0.1601407379,0.3248223364,0.01795825735,-0.009548481554,1,-8.066949844,0.02033894137,1.273318529,249.7942047,2.184039593,0.05373644829,-27.99976921
0.1601407379,0.3296658993,0.006284833886,-0.003829383291,1,-6.525247097,0.007359572686,0.3871384263,169.776062,-3.91410017,-1.590945244,-31.35417366
0.1601407379,0.3345094621,-0.03260537609,3.249076326e-05,1,-6.970619202,0.032605391,1.231586695,223.1247559,-0.5004258156,-0.7252488136,179.9429016
0.1601407379,0.3393530548,-0.02990175411,0.005648700986,1,-1.665126562,0.03043062054,0.3425951898,0,2.988645792,-0.9758789539,169.3023987
0.1601407379,0.3441966176,-0.02619480714,0.00641862303,1,0.2264572382,0.02696973644,-0.09479537606,0,2.425543785,0.09855675697,166.231842
0.1601407379,0.3490402102,-0.01705658063,0.004712184891,1,0.9380427599,0.01769552566,0.5113526583,0,2.835283041,1.215969443,164.5562439
0.1649843156,0.237637952,0.005700449459,-0.002680577105,1,1.356485248,0.006299255416,0.419195056,0,2.008076906,-1.009664059,-25.18476868
0.1649843156,0.2424815297,0.01384870894,0.0007798179286,1,1.684049368,0.01387064718,-0.3316342831,22.97118187,1.493239403,-1.445554614,3.222909927
0.1649843156,0.2473251075,0.0210898947,0.00271478272,1,0.2253237963,0.02126390673,0.06604206562,0,1.700072765,-0.1456740201,7.335024834
0.1649843156,0.2521686852,0.02317451686,0.001805281267,1,-1.047500253,0.02324472554,-0.5362904668,0,1.61432445,0.3599478602,4.454312325
0.1649843156,0.257012248,0.02383534797,-0.001626210636,1,-2.903325319,0.0238907598,-1.460927486,72.77613831,1.146199942,-0.3062300086,-3.903061628
0.1649843156,0.2618558407,0.01466374379,-0.003787586,1,-4.864358902,0.01514500566,0.2041103989,158.1554871,0.3090867996,-0.4553594589,-14.482728
0.1649843156,0.2666994035,0.001771534327,0.001567982719,1,-4.709224701,0.002365777502,0.7091493607,151.8039246,-0.02633833885,-1.219205976,41.51199722
0.1649843156,0.2715429962,-0.008273323067,0.005552553106,1,-3.573629379,0.00996387098,0.192669481,109.456459,1.210735917,-0.2318099886,146.1328888
0.1649843156,0.276386559,-0.009673323482,0.00362398196,1,-0.9845170975,0.01032988075,-0.567350626,0,2.47794199,0.3337727487,159.462204
0.1649843156,0.2812301517,-0.001039803494,0.001187892049,1,0.4471974969,0.001578695257,-0.6865828037,0,2.123839378,0.03460201621,131.1968079
0.1649843156,0.2860737145,0.002779693576,0.0001308672799,1,0.05192786455,0.002782772528,-0.02859326452,0,1.337278128,-0.1946335733,2.695480585
0.1649843156,0.2909172773,0.005688903388,0.001992118778,1,-0.1353629827,0.00602761656,0.3579764664,0,1.30934298,-0.238280803,19.29904175
0.1649843156,0.29576087,0.008465956897,0.003018885851,1,-0.2574386001,0.008988108486,0.2009388059,0,1.30320859,0.001351177692,19.62578964
0.1649843156,0.3006044328,0.01075417176,0.002958836965,1,-0.3650528789,0.01115378551,0.1114609987,0,1.453659296,-0.03008065,15.38338184
0.1649843156,0.3054480255,0.01373870671,0.003704453819,1,-0.4116026759,0.01422937214,0.217845276,0,2.103455544,-0.1877634674,15.09014893
0.1649843156,0.3102915883,0.01894879155,0.004923434462,1,-0.384088397,0.01957796887,0.9425463676,0,3.198391438,-1.111267328,14.56500816
0.1649843156,0.315135181,0.02737000212,0.01365226042,1,-2.220740318,0.03058596328,0.9228841066,0,3.952427387,-1.601606607,26.51019478
0.1649843156,0.3199787438,0.02733635157,0.01715100184,1,-5.356228828,0.03227123991,-0.7290172577,137.2078857,3.232943296,-1.373871803,32.10442352
0.1649843156,0.3248223364,0.01708570682,0.01677566394,1,-8.071109772,0.02394460887,-1.093343258,255,1.670812607,0.4399935007,44.47540283
0.1649843156,0.3296658993,-0.00366398436,0.009724166244,1,-8.039060593,0.01039154455,-1.753250122,250.8834991,-1.534717798,-1.8096807,110.6459885
0.1649843156,0.3345094621,-0.02928548865,0.01704898849,1,-6.079427242,0.03388668969,1.365716696,192.3910217,-0.5314357281,-0.130779922,149.7935333
0.1649843156,0.3393530548,-0.03568421304,0.01697256416,1,-1.749265194,0.03951494768,-0.735006392,0,1.954975963,0.5364782214,154.5627289
0.1649843156,0.3441966176,-0.02828911319,0.01089045405,1,1.155546904,0.03031296656,-0.4190841317,0,2.963947058,1.389420271,158.9447937
0.1649843156,0.3490402102,-0.01573112421,0.008212932386,1,1.833999395,0.01774599962,0.1578672528,0,3.351402998,1.263460398,152.4317627
0.1698278934,0.237637952,0.007967198268,0.0002961496648,1,1.026152492,0.007972700521,-0.1470702142,0,0.8408763409,-0.1661996692,2.128768206
0.1698278934,0.2424815297,0.01248874795,0.0003424771421,1,1.005502939,0.01249344274,0.340575695,0,1.602802277,-0.8035305142,1.570820212
0.1698278934,0.2473251075,0.02060072683,0.005837717094,1,0.2947192192,0.02141188644,0.4966776371,0,1.596013308,-1.055975318,15.82136822
0.1698278934,0.2521686852,0.02164665796,0.007862872444,1,-1.319047213,0.02303047106,-0.1927409768,33.10313034,0.8198316693,-0.6436116695,19.96290779
0.1698278934,0.257012248,0.01818274148,0.00802154094,1,-2.360493422,0.01987352967,-0.5235506892,70.39614105,0.7981746793,-1.064828634,23.80526543
0.1698278934,0.2618558407,0.01407944597,0.01048459392,1,-4.245065689,0.01755441539,0.4531911016,136.5012665,0.5397298336,-0.3540700674,36.67408752
0.1698278934,0.2666994035,0.0002356600889,0.01193157304,1,-3.822516918,0.01193389948,0.6431977153,122.5745697,-0.2596478462,-0.3661711812,88.86849976
0.1698278934,0.2715429962,-0.005692835432,0.01537355036,1,-1.982480049,0.01639373228,0.6632140279,55.75250244,0.7529876828,0.6354815364,110.3196259
0.1698278934,0.276386559,-0.005719482899,0.0120658977,1,-0.8084391952,0.01335284114,-0.2841976285,0,1.512351274,1.887137055,115.361908
0.1698278934,0.2812301517,-0.00228338223,0.004856522195,1,0.1001344919,0.005366529804,-0.7123087049,0,1.693871021,1.139252663,115.1814117
0.1698278934,0.2860737145,0.002969922032,0.003097716253,1,0.1812660694,0.004291419405,0.2052580267,0,1.616329432,0.1297603399,46.20655823
0.1698278934,0.2909172773,0.006423383951,0.00522219995,1,-0.03045129776,0.008278359659,0.4046006799,0,1.263612509,-0.2501726151,39.11104965
0.1698278934,0.29576087,0.008942834102,0.006269161589,1,-0.1679436266,0.01092138607,0.1504881084,0,1.136739135,-0.1891545057,35.03146362
0.1698278934,0.3006044328,0.01111582015,0.006867285352,1,-0.1848381758,0.01306602731,0.2918961942,0,1.281202078,-0.3735512197,31.70751762
0.1698278934,0.3054480255,0.01425315812,0.009492307901,1,-0.139467895,0.01712473109,0.6530812979,0,1.628002405,-0.7574207783,33.66279221
0.1698278934,0.3102915883,0.01832565293,0.01369916182,1,-0.09144413471,0.02288004756,1.328318954,0,2.168643951,-1.968242764,36.77959442
0.1698278934,0.315135181,0.02431423776,0.02545946091,1,-0.09863424301,0.03520463407,0.7234406471,0,1.392720222,-3.027224064,46.31806183
0.1698278934,0.3199787438,0.02459365875,0.03186579794,1,-1.824949265,0.04025266692,-0.2532535791,58.75305176,-0.1406494975,-2.767473221,52.33945084
0.1698278934,0.3248223364,0.01479370706,0.03763727844,1,-5.115427971,0.04044030979,-1.758994937,138.771637,-2.227523804,-0.8937474489,68.54219818
0.1698278934,0.3296658993,-0.01097249892,0.02767490409,1,-6.512046814,0.02977072448,-1.550585151,195.224762,-2.039007664,0.6652749777,111.6272507
0.1698278934,0.3345094621,-0.02662386373,0.02690462023,1,-3.178581476,0.03785087541,0.9866304398,93.76451874,-0.92806077,1.829896212,134.6994934
0.1698278934,0.3393530548,-0.03086334094,0.02359048091,1,-0.08039927483,0.03884657845,0.5440660715,0,1.139318109,2.965183258,142.6074066
0.1698278934,0.3441966176,-0.02149490826,0.01517775003,1,1.602272868,0.02631340176,0.3462393284,0,2.669584274,2.726429224,144.7737427
0.1698278934,0.3490402102,-0.01017226931,0.01206184644,1,2.06713748,0.01577856764,0.8975852728,0,2.608168364,2.184193611,130.1423798
0.1746714562,0.237637952,0.004183104727,-0.003577975323,1,1.339172482,0.005504568107,2.131441355,0,1.726020217,-0.8625661731,-40.54167938
0.1746714562,0.2424815297,0.01160635427,0.003672878956,1,0.6589747071,0.01217363961,1.348557115,0,2.272286654,-1.25193119,17.56019211
0.1746714562,0.2473251075,0.01838089712,0.009017691948,1,0.1915963888,0.02047379129,0.3950259387,0,1.360403061,-1.358267307,26.13262939
0.1746714562,0.2521686852,0.01912358403,0.012165091,1,-0.9268817902,0.02266496979,-0.04520112276,26.1104908,0.4646244943,-1.006336927,32.46167755
0.1746714562,0.257012248,0.01614192128,0.01367302053,1,-1.326383233,0.02115450613,0.4110226035,37.68422699,0.5047301054,-1.080192327,40.26628113
0.1746714562,0.2618558407,0.01514384337,0.01938790642,1,-2.114512205,0.02460135892,0.2999614477,65.62312317,-0.5753567815,-0.7637085915,52.00669861
0.1746714562,0.2666994035,0.003113331972,0.01882498898,1,-2.622772455,0.01908069849,0.7232438326,76.62406158,-0.9132177234,0.8442128897,80.60926056
0.1746714562,0.2715429962,-0.001982999733,0.01880198345,1,-0.9500821829,0.0189062655,0.5519397259,25.05643082,-0.08690032363,1.369536877,96.02058411
0.1746714562,0.276386559,-0.001909373677,0.01486489363,1,0.02526012063,0.01498701982,-0.09809041023,0,0.5964145064,1.944762468,97.31947327
0.1746714562,0.2812301517,0.001028129715,0.008907266892,1,-0.09396791458,0.008966406807,-0.1118357182,0,1.397085667,1.495074868,83.41571808
0.1746714562,0.2860737145,0.004402378574,0.007081697229,1,-0.199049592,0.008338547312,0.2229101062,0,1.315739393,0.3565429449,58.13260651
0.1746714562,0.2909172773,0.006436886732,0.008260007948,1,-0.1592286229,0.01047192607,0.2086007148,0,0.9595244527,-0.257276237,52.07130814
0.1746714562,0.29576087,0.008278673515,0.009338208474,1,-0.1013782024,0.01247952692,-0.00153285265,0,0.9110654593,-0.3730966151,48.44180298
0.1746714562,0.3006044328,0.0103586698,0.01005970594,1,0.02921071649,0.01443951949,0.1208826303,0,0.9937226772,-0.4834459424,44.16114044
0.1746714562,0.3054480255,0.01323333103,0.01226532087,1,0.1760845184,0.0180432573,0.2587047517,0,0.9575002193,-0.9409507513,42.82591248
0.1746714562,0.3102915883,0.01584927551,0.01587033086,1,0.1019811034,0.02242915332,0.2085285783,0,0.5128813386,-1.56916976,45.03803253
0.1746714562,0.315135181,0.016211465,0.0208757408,1,0.2877579629,0.0264311973,-0.4124885201,0,-0.9368702173,-2.36119175,52.16817474
0.1746714562,0.3199787438,0.01270524971,0.02530902624,1,-0.4814587235,0.02831907757,-0.717744112,0,-1.990784407,-2.759146214,63.34313202
0.1746714562,0.3248223364,0.004236963112,0.03076343052,1,-1.048573017,0.0310538318,-0.5548834205,0,-3.216310978,-1.810281038,82.15814972
0.1746714562,0.3296658993,-0.007952046581,0.03138964251,1,-2.008386374,0.03238124028,0.5871938467,0,-2.096114397,1.168147802,104.2158661
0.1746714562,0.3345094621,-0.01564344391,0.02794954367,1,-0.7567385435,0.03202958778,1.024448395,0,-1.459571481,2.781267881,119.2358704
0.1746714562,0.3393530548,-0.01868691668,0.02288035117,1,0.6016550064,0.02954168804,0.8046610355,0,-0.1398027539,3.259352922,129.2393188
0.1746714562,0.3441966176,-0.01340642665,0.01606005244,1,1.596183896,0.02092026733,-0.3988612294,0,2.095840216,2.0883286,129.8540802
0.1746714562,0.3490402102,-0.0008043106645,0.01083345432,1,2.089490414,0.01086327061,-1.546968341,0,3.114132881,0.6111809015,94.24602509
0.179515034,0.237637952,0.01411308441,0.002169874031,1,-0.9752969146,0.0142789185,2.054547548,0,0.4978309274,-0.417506218,8.740730286
0.179515034,0.2424815297,0.01295676269,0.008156666532,1,-0.3389618397,0.01531041879,0.9639278054,0,0.7151538134,-0.9621360302,32.19163132
0.179515034,0.2473251075,0.01593519934,0.0114989141,1,0.1314475238,0.01965084299,0.03367543221,0,0.6111227274,-1.297172308,35.81439209
0.179515034,0.2521686852,0.01655345969,0.01460273098,1,-0.247901991,0.02207389288,-0.01886606216,7.938587189,0.0427582711,-1.132043481,41.41731262
0.179515034,0.257012248,0.01494157128,0.01689066738,1,-0.678019166,0.0225509461,0.02125248313,19.87043953,-0.2965095043,-0.6676741838,48.50386047
0.179515034,0.2618558407,0.01183325425,0.01793960109,1,-0.4017273784,0.02149081603,-0.02316963673,0,-1.066985369,-0.7088723779,56.59050369
0.179515034,0.2666994035,0.007827746682,0.020211922,1,-0.6451243162,0.02167476527,0.776073575,0,-1.051820159,0.4426771402,68.82942963
0.179515034,0.2715429962,0.003613971639,0.01955443248,1,-0.2179515958,0.01988558844,0.241750896,0,-0.7323260307,1.352416992,79.52897644
0.179515034,0.276386559,0.003225003136,0.01483232435,1,0.1693963706,0.01517888345,-0.01848113537,5.489328861,-0.003720901906,1.524982929,77.73307037
0.179515034,0.2812301517,0.004416433629,0.01207854506,1,-0.1686072648,0.01286064275,0.09922388196,0,0.6953957081,1.0071522,69.91542053
0.179515034,0.2860737145,0.005776543636,0.01043470297,1,-0.3430936337,0.01192692202,0.1066087931,0,0.7087721825,0.4034121633,61.0315361
0.179515034,0.2909172773,0.006187620573,0.01064095926,1,-0.2382194549,0.01230921037,0.0749688223,0,0.5172995925,-0.07745990902,59.82239151
0.179515034,0.29576087,0.007128289901,0.01117300335,1,0.07501724362,0.0132532455,-0.0547054112,0,0.5798909664,-0.2401070595,57.46243668
0.179515034,0.3006044328,0.009359719232,0.01153896656,1,0.1574626118,0.01485772803,0.0242163986,0,0.6312852502,-0.4102034569,50.95310211
0.179515034,0.3054480255,0.01094865147,0.01327714976,1,0.08928632736,0.01720917411,-0.03036791086,0,0.4011719823,-0.8872591853,50.49019623
0.179515034,0.3102915883,0.01173529215,0.01568938605,1,0.04083294049,0.01959270053,-0.09903794527,0,-0.05506395921,-1.389558792,53.20437622
0.179515034,0.315135181,0.01087972242,0.01952788793,1,-0.09111899137,0.02235412225,0.02158099413,0,-0.7310410738,-1.808860779,60.87617111
0.179515034,0.3199787438,0.007753096055,0.02455527335,1,-0.3629054427,0.02575018443,0.01658529043,0,-1.194178343,-1.554525852,72.47698212
0.179515034,0.3248223364,0.003337866627,0.02713768743,1,-0.1596465111,0.02734219097,0.1532783508,0,-1.951081276,-0.403069675,82.98797607
0.179515034,0.3296658993,-0.002470378531,0.02724998817,1,-0.2499033213,0.02736173756,0.495244205,0,-2.130260944,1.246197224,95.18004608
0.179515034,0.3345094621,-0.008190609515,0.02350039966,1,-0.06902128458,0.02488684095,0.6379087567,0,-1.728952408,2.134903431,109.2150116
0.179515034,0.3393530548,-0.01117900386,0.01999917813,1,0.00350612402,0.0229115095,0.7376026511,0,-1.060832977,1.956232548,119.20401
0.179515034,0.3441966176,-0.01331185456,0.0175978709,1,-0.5374091864,0.02206559666,-0.1796864271,15.3020792,-0.1905274391,0.4344059229,127.1055679
0.179515034,0.3490402102,-0.01470482163,0.0170247741,1,-1.178711414,0.02249610424,-2.223503351,0,0.6035321951,-1.986862063,130.8181915
0.1843586117,0.237637952,0.01211224124,0.003557233838,1,-0.8542479277,0.01262379903,0.5350432992,0,0.6489415169,-1.62093997,16.36694145
0.1843586117,0.2424815297,0.01161503233,0.00877857022,1,-0.04260258749,0.01455926802,0.4054159224,0,0.07332583517,-1.201619744,37.08176422
0.1843586117,0.2473251075,0.01226105168,0.0113410363,1,0.453363657,0.01670187153,-0.1750662029,13.52210808,-0.05406545103,-1.164903998,42.7677269
0.1843586117,0.2521686852,0.01354906429,0.01357292663,1,0.4854847193,0.01917815022,-0.323815763,4.781109333,-0.3306658864,-1.186785698,45.05041122
0.1843586117,0.257012248,0.01301092748,0.01552089211,1,0.3296741545,0.0202529598,-0.4185133278,0,-0.7324597836,-0.9538099766,50.0274086
0.1843586117,0.2618558407,0.01159814093,0.01616567746,1,0.1250353754,0.01989587769,-0.06910903752,0,-0.9497318268,-0.344573617,54.34227371
0.1843586117,0.2666994035,0.009016445838,0.01685512625,1,-0.1754502356,0.01911521889,0.3362508714,0,-1.034329891,0.3063363731,61.85598373
0.1843586117,0.2715429962,0.005738476757,0.01631057076,1,0.315911293,0.01729059964,0.07298848033,0,-1.06514287,0.6570070982,70.61682129
0.1843586117,0.276386559,0.005387484562,0.01402638666,1,0.2937114835,0.01502546202,-0.03740864992,7.941975594,-0.1598287076,0.6270667911,68.98839569
0.1843586117,0.2812301517,0.006386948284,0.01309213229,1,0.1288481951,0.01456698403,-0.06392070651,0,0.177788794,0.3180067539,63.9947319
0.1843586117,0.2860737145,0.006872704718,0.01217649132,1,-0.1777985543,0.0139821684,-0.04009923339,0,0.18561773,0.2020178437,60.55857468
0.1843586117,0.2909172773,0.006424820982,0.01191942301,1,-0.1943812221,0.01354071498,0.04531921819,0,0.1898436099,0.1264344156,61.67439651
0.1843586117,0.29576087,0.006850726437,0.01178360358,1,0.0577955842,0.01363032497,0.07387374341,0,0.3683956563,-0.01599364914,59.82722473
0.1843586117,0.3006044328,0.008489111438,0.01235470269,1,0.04190081358,0.01499012019,0.07578326762,0,0.3582179546,-0.3355572224,55.50642776
0.1843586117,0.3054480255,0.008788732812,0.01377596334,1,-0.1255325079,0.01634071581,0.03522953391,0,0.1565074623,-0.5947065353,57.46310425
0.1843586117,0.3102915883,0.008639140986,0.01540584676,1,-0.111305058,0.01766281016,-0.0279944241,0,-0.1434852183,-0.8538849354,60.71758652
0.1843586117,0.315135181,0.007554636337,0.01777622849,1,-0.01115849614,0.01931493729,0.1147015095,0,-0.6872975826,-1.09862566,66.97522736
0.1843586117,0.3199787438,0.005256114528,0.02128269151,1,0.213607043,0.02192212828,0.1773550212,0,-1.148361683,-0.7125343084,76.12744904
0.1843586117,0.3248223364,0.003027079394,0.02208647691,1,0.3459847569,0.02229295112,0.09709645808,0,-1.331486583,-0.109216392,82.19589996
0.1843586117,0.3296658993,0.0004827601078,0.02228198387,1,0.2782048583,0.02228721231,0.3225661218,0,-1.360092878,0.7720159292,88.75882721
0.1843586117,0.3345094621,-0.002213112777,0.01990953833,1,-0.1582179964,0.02003216371,0.5257928371,0,-1.105698228,1.466593623,96.34286499
0.1843586117,0.3393530548,-0.00563911628,0.01772514172,1,-0.8286745548,0.01860054582,0.5601664782,0,-1.227565765,1.008045554,107.6480637
0.1843586117,0.3441966176,-0.0121726729,0.01774020121,1,-1.764743447,0.02151484787,0.3609042466,30.74494362,-1.447432876,0.001511216164,124.4564819
0.1843586117,0.3490402102,-0.02119754255,0.01946588978,1,-1.430462241,0.02877944894,0.6042190194,0,-2.296056747,-0.108346507,137.4384766
0.1892021894,0.237637952,0.008853459731,0.009450688958,1,-0.6713234186,0.01294987556,-1.32179141,0,0.7732428908,-1.019323111,46.86878586
0.1892021894,0.2424815297,0.009100287221,0.008718174882,1,0.2966240346,0.01260245219,-0.3436184824,0,-0.1745057255,-0.2590638101,43.77149582
0.1892021894,0.2473251075,0.009444949217,0.009041141719,1,0.4931403697,0.01307475846,-0.2042493224,0,-0.4649676979,-0.6030179858,43.74863815
0.1892021894,0.2521686852,0.009236743674,0.01064964198,1,0.3503137827,0.01409724448,-0.2604125142,0,-0.587810576,-0.8188843131,49.06394958
0.1892021894,0.257012248,0.008294616826,0.01174613927,1,0.7555939555,0.01437958516,-0.7881695032,0,-0.6332038045,-1.218479514,54.77191162
0.1892021894,0.2618558407,0.00982955005,0.01273388229,1,0.9468643665,0.01608638652,-0.6605904102,17.84926605,-0.4006666839,-1.549547434,52.33470154
0.1892021894,0.2666994035,0.01094016805,0.0160518717,1,0.2779309452,0.0194254946,-0.7251799703,0,-0.8311971426,-0.752289474,55.72357559
0.1892021894,0.2715429962,0.007149762008,0.01286518946,1,-0.1235074699,0.01471843105,-0.416739881,0,-0.8796992302,0.2885867953,60.9371109
0.1892021894,0.276386559,0.006081058178,0.01263556723,1,0.1969919503,0.01402272563,0.00407955423,0,-0.5072259903,0.117548719,64.30011749
0.1892021894,0.2812301517,0.005647119135,0.01231559273,1,0.5506976247,0.01354857162,-0.3387391865,0,-0.4516487718,-0.247767359,65.36693573
0.1892021894,0.2860737145,0.006560808979,0.01219493803,1,0.4739175439,0.01384777017,-0.2896749973,10.53431892,-0.1905717105,-0.3281568885,61.71999359
0.1892021894,0.2909172773,0.0070195226,0.01250198204,1,0.03937949985,0.01433782652,0.1024572998,0,0.1356621087,0.002844780684,60.68697357
0.1892021894,0.29576087,0.007408636622,0.012677419,1,-0.1787596345,0.01468348876,0.200075835,0,0.4021402001,0.08258185536,59.69814301
0.1892021894,0.3006044328,0.008101483807,0.01307107322,1,-0.1564955413,0.01537813433,0.165161401,0,0.327886343,-0.2406983674,58.20926285
0.1892021894,0.3054480255,0.008238781244,0.01464323234,1,-0.5076935291,0.01680183783,0.2471623421,7.664743423,0.3760463893,-0.2612316608,60.63640976
0.1892021894,0.3102915883,0.007463840768,0.01553351898,1,-0.6839157343,0.01723366231,0.1724140197,20.04444885,0.2452375591,-0.1599277407,64.33576202
0.1892021894,0.315135181,0.006114009302,0.01625295542,1,-0.6696336865,0.01736489683,0.4102025926,16.05547714,0.1941736937,-0.09045055509,69.38479614
0.1892021894,0.3199787438,0.005160913337,0.01795847155,1,-0.5943009257,0.01868533529,0.4851599932,11.18841553,0.00902146101,-0.08461916447,73.96638489
0.1892021894,0.3248223364,0.003279162804,0.01901272498,1,-0.336124599,0.01929343492,-0.1125541478,9.184297562,-0.1448418647,-0.392573297,80.21435547
0.1892021894,0.3296658993,0.002831314923,0.01931476593,1,-0.2655791044,0.0195211824,-0.829026401,0,-0.1100727543,-0.8080666661,81.66051483
0.1892021894,0.3345094621,0.001459669322,0.01891120523,1,-0.9080084562,0.01896745339,-0.7925188541,4.951459885,-0.4163353443,-0.534930706,85.58635712
0.1892021894,0.3393530548,-0.003583247075,0.01806711778,1,-1.304468393,0.01841902174,0.2974516451,0,-1.382829428,0.2512906492,101.2178802
0.1892021894,0.3441966176,-0.01155646704,0.01913478971,1,-0.7754153609,0.02235379443,-0.002493977547,0,-1.024860859,1.078301668,121.1299057
0.1892021894,0.3490402102,-0.01230302453,0.01283220015,1,3.278633356,0.01777722687,5.391665459,0,-3.586899281,7.994109154,133.7939301
0.1940457672,0.237637952,0.0007728714263,0.01055410318,1,1.407969117,0.01058236416,-2.506014347,0,1.86358881,-0.8306055069,85.81173706
0.1940457672,0.2424815297,0.008695893921,0.006496616639,1,1.240945816,0.01085470431,-0.4813099504,0,0.3236246109,0.3143287301,36.76304626
0.1940457672,0.2473251075,0.008350989781,0.006700365338,1,0.4446160793,0.01070672274,0.03556390107,0,-0.5219324231,-0.4872793555,38.74160004
0.1940457672,0.2521686852,0.00832140632,0.009029048495,1,-0.1876963973,0.01227882411,0.0271601975,0,-0.8568683863,-0.4051193893,47.33552551
0.1940457672,0.257012248,0.003291566623,0.008794141933,1,-0.1573470235,0.009389959276,-0.9699795842,0,-1.376279593,-1.095869303,69.47959137
0.1940457672,0.2618558407,0.0008931661723,0.009638805874,1,0.4912478328,0.009680098854,-1.567429304,0,-0.7867646813,-2.122563601,84.70588684
0.1940457672,0.2666994035,0.001860207878,0.01148297824,1,1.379391313,0.01163267624,-1.56401217,0,-0.5071866512,-2.185266018,80.79819489
0.1940457672,0.2715429962,0.005117757246,0.01264789701,1,0.4697950482,0.01364407316,-0.5090798736,0,0.3800711036,-0.3299713433,67.97011566
0.1940457672,0.276386559,0.005976600572,0.01061545219,1,0.2548354864,0.01218226459,-0.4768812358,0,-0.5793061852,0.4337488115,60.62007523
0.1940457672,0.2812301517,0.003546158317,0.008237189613,1,0.6256112456,0.008968084119,-0.6048615575,0,-1.058434486,-0.2626627684,66.7078476
0.1940457672,0.2860737145,0.003880187869,0.008957985789,1,1.018112659,0.009762241505,-0.1251806021,0,-0.3184828162,-0.9816958904,66.57995605
0.1940457672,0.2909172773,0.00693485979,0.01238577534,1,0.4719679058,0.01419505943,0.5646575689,0,0.4239840806,-0.5996164083,60.75531006
0.1940457672,0.29576087,0.008219800889,0.01459723711,1,-0.2736875415,0.01675244607,0.4064554572,0,0.5190397501,-0.07151119411,60.61585236
0.1940457672,0.3006044328,0.008123242296,0.01470084395,1,-0.2847848833,0.01679588854,0.3615825176,0,0.3881766498,-0.3525980711,61.07629013
0.1940457672,0.3054480255,0.008720587008,0.0180564262,1,-0.6451853514,0.02005201206,0.6368268728,0,0.7641835213,-0.4378806353,64.22117615
0.1940457672,0.3102915883,0.008699619211,0.01990627311,1,-0.863278687,0.02172425203,0.6581165791,0,0.9423097968,-0.1478414834,66.39328003
0.1940457672,0.315135181,0.009103380144,0.02196014673,1,-1.333501577,0.02377224341,1.06093049,0,1.023099899,0.1734342277,67.48399353
0.1940457672,0.3199787438,0.007196165156,0.02420493029,1,-2.169454336,0.0252519995,0.5288783312,0,0.4098202586,0.3115136027,73.44270325
0.1940457672,0.3248223364,0.0005804554676,0.02301296964,1,-2.337454081,0.02302028798,-0.6779238582,0,-0.6856815219,-0.4364207387,88.55513763
0.1940457672,0.3296658993,-0.007446627598,0.023035191,1,-1.7202214,0.02420893125,-2.196502447,0,-0.1839912534,-2.047444105,107.9145508
0.1940457672,0.3345094621,-0.008642718196,0.02229099534,1,-0.236828357,0.02390784398,-2.673062563,0,1.158747554,-1.498394251,111.1924286
0.1940457672,0.3393530548,-0.002981240395,0.01734559424,1,0.3224734664,0.01759992726,-0.4702091515,0,0.02454346418,0.7187885046,99.75231171
0.1940457672,0.3441966176,-0.006961914711,0.0165319927,1,5.349798679,0.01793809049,-2.265302896,0,4.275057793,4.162475586,112.8368225
0.1940457672,0.3490402102,0.04363749921,-0.01378785167,1,15.94261742,0.04576392099,5.289638042,0,4.950722218,17.80920601,-17.53462982
