PIVlab, ASCII chart output - 13-Mar-2024
FRAME: 72, filenames: A:[72]2 vortices tapados mismo sentido clase 4.mp4 & B:[73]2 vortices tapados mismo sentido clase 4.mp4, conversion factor xy (px -> m): 0.00030272, conversion factor uv (px/frame -> m/s): 0.0090842
x [m],y [m],u [m/s],v [m/s],Vector type [-],vorticity [1/s],magnitude [m/s],divergence [1/s],dcev [1],simple shear [1/s],simple strain [1/s],vector direction [degrees]
0.1262357086,0.237637952,0.006478549447,-0.006034797058,1,0.3787674606,0.008853834122,0.549320817,0,0.1799492538,1.038698435,-42.9690094
0.1262357086,0.2424815297,0.007831643336,-0.007219966501,1,0.1761208922,0.01065187994,0.354539454,0,0.3874663711,0.6150214076,-42.67285538
0.1262357086,0.2473251075,0.009208328091,-0.007296461612,1,0.09509019554,0.01174868736,0.2280027121,0,0.4092732072,0.1862940341,-38.39247513
0.1262357086,0.2521686852,0.01027456671,-0.007017947268,1,0.05071078986,0.01244260091,0.1076746434,0,0.2130524218,0.152198568,-34.33466721
0.1262357086,0.257012248,0.0104858838,-0.007512116339,1,-0.1704616249,0.01289905608,-0.04132305086,0,0.1596999168,0.1410547048,-35.61791611
0.1262357086,0.2618558407,0.01022244152,-0.007901308127,1,-0.3728992939,0.01292009931,-0.1216512918,0,0.2053859979,-0.08971494436,-37.70178223
0.1262357086,0.2666994035,0.009674520232,-0.007666802499,1,-0.3266656697,0.01234407537,-0.05256452411,0,0.06637522578,-0.1408858001,-38.39589691
0.1262357086,0.2715429962,0.00896170456,-0.007473517209,1,-0.1097860336,0.01166900247,0.06294495612,0,-0.05446790159,-0.081228517,-39.82605362
0.1262357086,0.276386559,0.00887894351,-0.006968487054,1,0.064616777,0.01128695905,-0.009513493627,0,-0.2279293239,0.09544940293,-38.12599182
0.1262357086,0.2812301517,0.008170687594,-0.007981913164,1,-0.1228454858,0.01142239384,0.01014250517,0,-0.1919330209,0.3180675805,-44.33042145
0.1262357086,0.2860737145,0.007354289293,-0.008459946141,1,-0.1082734764,0.0112096509,0.1852881014,0,-0.04252355173,0.2304968834,-48.99934006
0.1262357086,0.2909172773,0.007440292742,-0.008200884797,1,-0.04963135719,0.01107305195,0.139036566,0,-0.03173696995,0.1946279407,-47.78396225
0.1262357086,0.29576087,0.006960175466,-0.008729207329,1,-0.1519623548,0.01116436813,0.1658359468,0,-0.120591417,0.3589591682,-51.43312454
0.1262357086,0.3006044328,0.006120157428,-0.009136292152,1,-0.04896287248,0.01099673379,0.2161459029,0,-0.1404172331,0.5721367598,-56.18292999
0.1262357086,0.3054480255,0.006042898167,-0.01045347657,1,-0.04181428999,0.01207442768,0.1271076649,0,-0.1670630872,0.4322606325,-59.96884918
0.1262357086,0.3102915883,0.005108443554,-0.01061432436,1,0.07147602737,0.01177964639,0.1824069321,0,-0.468937099,0.1517375112,-64.29949951
0.1262357086,0.315135181,0.004117764533,-0.01030492689,1,0.272187531,0.01109718438,0.1663271189,0,-0.6414166093,0.03936106712,-68.21875763
0.1262357086,0.3199787438,0.003320053685,-0.00999935437,1,0.4239583313,0.0105361212,-0.1065408289,0,-0.9495127201,0.1768470407,-71.63245392
0.1262357086,0.3248223364,0.001572201261,-0.01167753804,1,-0.1671788096,0.01178289857,-0.514498353,0,-0.7383375168,0.2625704408,-82.33210754
0.1262357086,0.3296658993,-0.001065885299,-0.01376314741,1,-1.133126616,0.01380435936,-1.046093702,0,-0.02150511742,-0.09332150221,-94.42842102
0.1262357086,0.3345094621,-0.00402033003,-0.01629235037,1,-2.105934143,0.01678105257,-0.7713769674,0,0.4766313434,-0.3647470772,-103.861496
0.1262357086,0.3393530548,-0.008957539685,-0.01573269069,1,-2.350720406,0.01810400747,0.6686583757,0,0.09877562523,-0.6042836905,-119.6553802
0.1262357086,0.3441966176,-0.01492779981,-0.0101267565,1,-1.715129375,0.01803858019,3.582825184,0,-1.439670324,-1.241425276,-145.8477173
0.1262357086,0.3490402102,-0.02423805743,0.007633941714,1,1.540739536,0.02541181631,6.742955208,0,-5.385100365,-0.590732336,162.5178223
0.1310792714,0.237637952,0.01032438502,-0.006516291294,1,0.03359663114,0.01220880728,0.3369046748,0,-0.09333644807,0.4161199629,-32.25829697
0.1310792714,0.2424815297,0.01017970778,-0.006708133966,1,-0.07320282608,0.01219120715,0.2920900285,0,0.04993061721,0.2960721552,-33.38373184
0.1310792714,0.2473251075,0.01021166425,-0.006535578985,1,-0.02008743584,0.01212402061,0.1625441909,0,0.1696081161,0.1453373432,-32.61969757
0.1310792714,0.2521686852,0.01090392284,-0.006624791306,1,-0.007222957909,0.01275866013,0.04512839764,0,0.1137038767,0.08166307956,-31.28120422
0.1310792714,0.257012248,0.01072741207,-0.006712537259,1,-0.2567847371,0.01265446655,0.03959941119,10.73060322,0.01040403545,0.01400599629,-32.03573608
0.1310792714,0.2618558407,0.00971055869,-0.006500827614,1,-0.3342848718,0.01168570574,-0.04776859656,13.97893715,0.02018105984,-0.047271844,-33.8007164
0.1310792714,0.2666994035,0.009206025861,-0.006714943331,1,-0.1865465939,0.01139479596,-0.1260478795,5.74063015,0.0227971971,0.04711360484,-36.10728836
0.1310792714,0.2715429962,0.008917425759,-0.007339548785,1,-0.06716527045,0.01154943556,-0.04057471082,1.371490598,0.042604018,0.1580442488,-39.45632172
0.1310792714,0.276386559,0.009087061509,-0.007676969748,1,0.06314499676,0.0118958205,-0.04720624164,0,-0.05321124196,0.1199592948,-40.19193268
0.1310792714,0.2812301517,0.008965540677,-0.008149228059,1,-0.09465138614,0.01211572718,0.01353436708,3.203765392,-0.05520309135,0.1423119903,-42.26926804
0.1310792714,0.2860737145,0.008361229673,-0.008300714195,1,-0.1573620141,0.01178185083,0.151131168,1.813690424,0.009292207658,0.1528490037,-44.79190445
0.1310792714,0.2909172773,0.00824835524,-0.008157548495,1,-0.0732415691,0.01160090324,0.1080907881,0,0.04637814313,0.1808716059,-44.68286896
0.1310792714,0.29576087,0.008231114596,-0.008653233759,1,-0.102957353,0.01194276754,0.1018164456,0,0.05771197379,0.3496138752,-46.43212891
0.1310792714,0.3006044328,0.008029205725,-0.00935777463,1,-0.1371190846,0.01233029086,0.1224502176,2.151912212,-0.03497447819,0.5567506552,-49.3695755
0.1310792714,0.3054480255,0.007397565991,-0.01075680181,1,-0.249314487,0.01305499021,0.02872759104,6.890955925,-0.1866313219,0.5583592653,-55.48328781
0.1310792714,0.3102915883,0.005917668343,-0.01192308683,1,-0.21379444,0.01331085246,0.06058758497,0,-0.3605061471,0.4240946174,-63.60387039
0.1310792714,0.315135181,0.004615896381,-0.01251747645,1,0.04830536246,0.01334142871,0.06580686569,0,-0.5494531393,0.3553684652,-69.75823975
0.1310792714,0.3199787438,0.003490319941,-0.01332560088,1,0.1998851597,0.01377512142,0.0864655003,0,-0.9542468786,0.1986311972,-75.32247162
0.1310792714,0.3248223364,0.0009620868368,-0.01306075975,1,-0.3213017285,0.01309614722,0.1883071065,0,-1.189073563,-0.2771665454,-85.7870636
0.1310792714,0.3296658993,-0.003825299907,-0.01107104309,1,-0.7751803994,0.01171327941,-0.058716923,0,-0.821549356,-0.6828066707,-109.061203
0.1310792714,0.3345094621,-0.006771774031,-0.01003794186,1,-0.975209415,0.01210855879,-0.3399925828,38.62733078,-0.05220013857,-0.6022979021,-124.0042953
0.1310792714,0.3393530548,-0.008801638149,-0.009800546803,1,-0.8320455551,0.01317268144,-0.1014918238,32.24661255,0.3188572824,-0.2208843678,-131.9262543
0.1310792714,0.3441966176,-0.009257441387,-0.009459654801,1,-0.3399574757,0.01323575806,0.4911125004,0,0.2290725559,0.3545153439,-134.3810272
0.1310792714,0.3490402102,-0.009338717908,-0.009138927795,1,1.685635686,0.01306643244,1.611336112,0,-1.719196081,1.478902698,-135.6194916
0.1359228492,0.237637952,0.01012587734,-0.006649606396,1,0.04795585573,0.01211406849,-0.04395345226,0,0.1810364127,-0.05470805243,-33.29267883
0.1359228492,0.2424815297,0.01068044826,-0.006623561028,1,0.006379652768,0.01256755833,0.1168904528,0,0.1120651364,0.06074424833,-31.80543518
0.1359228492,0.2473251075,0.0106995739,-0.006377657875,1,0.01291620824,0.01245613955,0.1352669299,0,0.03007718921,0.09576484561,-30.79775238
0.1359228492,0.2521686852,0.01088869013,-0.006432229653,1,0.002458930714,0.01264662575,0.02258416265,0,0.007028173655,-0.01038515847,-30.57144165
0.1359228492,0.257012248,0.01074552536,-0.00621796865,1,-0.157431215,0.01241488848,0.04232748598,5.574642181,-0.07516206056,-0.008833480999,-30.05610085
0.1359228492,0.2618558407,0.009762106463,-0.006184427533,1,-0.1710569859,0.01155620441,0.005829636008,4.748988152,-0.1289957762,0.09561088681,-32.35481644
0.1359228492,0.2666994035,0.009292196482,-0.0066528311,1,-0.02607786283,0.01142825838,-0.03269781545,0,-0.02170291916,0.1236771643,-35.60110855
0.1359228492,0.2715429962,0.009530676529,-0.006941841915,1,-0.03796321154,0.01179080084,-0.005883567035,1.168191552,0.02539637685,0.1756424904,-36.06840515
0.1359228492,0.276386559,0.009231328033,-0.007532066666,1,-0.1000404358,0.01191425417,-0.07421633601,2.636795759,-0.0248953402,0.1010674536,-39.2118454
0.1359228492,0.2812301517,0.008925540373,-0.007790842559,1,-0.1620091647,0.01184746809,-0.02140171267,5.931223869,0.0784574002,0.003513338044,-41.11675644
0.1359228492,0.2860737145,0.008826638572,-0.007652744651,1,-0.1800312549,0.01168221049,0.06871184707,1.545042157,0.1623504907,0.03374910355,-40.92546844
0.1359228492,0.2909172773,0.008839902468,-0.007621498313,1,-0.1178277656,0.01167180762,0.0224415604,0,0.1839093566,0.08401785046,-40.76692581
0.1359228492,0.29576087,0.009146709926,-0.007950994186,1,-0.1122452617,0.01211943105,5.431473255e-06,0,0.2299293876,0.210603714,-40.99957275
0.1359228492,0.3006044328,0.009409914725,-0.008641547523,1,-0.2145443559,0.01277586911,-0.01537777483,5.975792885,0.1608206034,0.43859905,-42.5626564
0.1359228492,0.3054480255,0.008886494674,-0.01014986634,1,-0.3794150949,0.01349035092,0.02295812964,15.99898911,-0.02398072183,0.576967001,-48.79693604
0.1359228492,0.3102915883,0.007456035819,-0.0113249328,1,-0.3544349074,0.01355900336,0.06306770444,11.82145786,-0.2089374661,0.6928389072,-56.64015198
0.1359228492,0.315135181,0.006157756783,-0.01320021227,1,-0.2027981728,0.01456583571,-0.05795893073,0,-0.3660160899,0.8224937916,-64.99146271
0.1359228492,0.3199787438,0.004700939637,-0.01558947377,1,-0.3202016354,0.01628283039,-0.01085439324,0,-0.7153866291,0.5425463915,-73.21954346
0.1359228492,0.3248223364,0.00114180427,-0.01588065177,1,-0.554662466,0.01592164673,0.263548255,0,-1.377472758,-0.06714431196,-85.88756561
0.1359228492,0.3296658993,-0.004657506943,-0.01398773864,1,-0.3300814033,0.01474276744,0.3387522995,0,-1.677982569,-0.4992592633,-108.4162445
0.1359228492,0.3345094621,-0.00858438015,-0.01182169002,1,0.02341324091,0.01460972056,0.003078967333,0,-1.233569145,-0.787561059,-125.9854584
0.1359228492,0.3393530548,-0.01051899139,-0.01015821192,1,0.2162392139,0.01462321635,-0.1486925781,0,-0.6802684665,-1.067655921,-135.9996185
0.1359228492,0.3441966176,-0.01083194185,-0.007370619569,1,0.06708481908,0.01310179383,-0.3559343219,0,0.1907252073,-0.6244571805,-145.7665863
0.1359228492,0.3490402102,-0.009270268492,-0.008857600391,1,0.03855463862,0.01282166038,-0.4582667351,0,0.6062862873,0.1557324082,-136.3040771
0.1407664269,0.237637952,0.009846510366,-0.005871705245,1,0.06936848164,0.01146432199,-0.1498141885,0,0.423484087,-0.01580876857,-30.80861664
0.1407664269,0.2424815297,0.01104009524,-0.006196238101,1,0.07282826304,0.01266005822,-0.03158754855,0,0.2335928082,0.08831415325,-29.30325699
0.1407664269,0.2473251075,0.01133068465,-0.006452458445,1,-0.003993124701,0.01303911954,0.07928824425,0,-0.0119218817,0.1631976515,-29.66011429
0.1407664269,0.2521686852,0.01096300967,-0.006602659822,1,-0.04439966008,0.01279776171,0.1127158329,0,-0.04665750638,0.08414223045,-31.05917168
0.1407664269,0.257012248,0.01088964287,-0.006314060185,1,-0.03092850745,0.01258775871,0.1124429256,0,-0.1262106895,0.04935752228,-30.10612488
0.1407664269,0.2618558407,0.01020189375,-0.006297100801,1,-0.07561613619,0.01198883355,0.04801430553,0,-0.1810023338,0.1264052689,-31.68488503
0.1407664269,0.2666994035,0.009646691382,-0.006693752948,1,-0.03609771281,0.01174159255,-0.01977747306,0,-0.05933329463,0.1320856512,-34.75643539
0.1407664269,0.2715429962,0.009739666246,-0.007032661699,1,-0.00140561536,0.01201330218,-0.04555841163,0,-0.08728386462,0.082290411,-35.83169556
0.1407664269,0.276386559,0.009217116982,-0.007312998641,1,-0.05618745089,0.01176584885,0.006258325651,0,-0.1215260774,-0.003683120944,-38.4290123
0.1407664269,0.2812301517,0.008878896944,-0.006984509528,1,-0.1580882967,0.01129682176,0.05069978163,5.251578808,0.08384364098,-0.08775922656,-38.19006348
0.1407664269,0.2860737145,0.008857507259,-0.006642361637,1,-0.1770960093,0.01107142307,0.005529578775,3.740562201,0.1533743739,-0.05402333662,-36.86671448
0.1407664269,0.2909172773,0.008763999678,-0.006696061231,1,-0.1497888565,0.01102927607,-0.06445068121,0,0.2310736477,0.008537227288,-37.38134003
0.1407664269,0.29576087,0.009251216426,-0.006995884236,1,-0.06387773156,0.01159859542,-0.06677995622,0,0.3353942335,0.1073896587,-37.09702301
0.1407664269,0.3006044328,0.01007911097,-0.007539665326,1,-0.1479769051,0.01258709747,-0.0912149325,0,0.3651993573,0.3298258185,-36.79827499
0.1407664269,0.3054480255,0.01030335017,-0.00903522782,1,-0.416277349,0.01370380819,-0.09212118387,10.94216156,0.3130168915,0.6673780084,-41.24821472
0.1407664269,0.3102915883,0.009578960948,-0.01121835876,1,-0.5297874212,0.01475154422,0.02961364388,21.80602646,0.1200964898,0.9117729664,-49.50715256
0.1407664269,0.315135181,0.008318980224,-0.01330803521,1,-0.377396524,0.01569424197,0.1073061228,4.197537422,-0.3479659557,0.9375500679,-57.99010468
0.1407664269,0.3199787438,0.006065611262,-0.01523970999,1,-0.7001020312,0.01640245132,0.02503988147,13.52873421,-0.6223905683,0.7967978716,-68.29677582
0.1407664269,0.3248223364,0.001913384534,-0.01704610512,1,-0.9106391072,0.01715315506,-0.04904398322,0,-1.291935086,0.438198626,-83.5954895
0.1407664269,0.3296658993,-0.004602727946,-0.01759970747,1,-0.6476144791,0.01819161326,0.1461575627,0,-1.930004358,-0.04375862703,-104.6559219
0.1407664269,0.3345094621,-0.01057147421,-0.01612623408,1,-0.3248316646,0.01928241365,0.06631830335,0,-1.758419514,-0.6473805904,-123.2466507
0.1407664269,0.3393530548,-0.01469311677,-0.01414285135,1,0.1767382026,0.02039382048,-0.1440375447,0,-0.8858358264,-1.644052982,-136.0932159
0.1407664269,0.3441966176,-0.01400604378,-0.008860792965,1,0.4456140399,0.01657356136,-0.2944607735,0,0.3573152423,-1.895297289,-147.6808929
0.1407664269,0.3490402102,-0.01080406643,-0.006389075425,1,-0.4384778738,0.01255181804,-0.4421520233,0,1.760627627,-1.462765336,-149.4017029
0.1456100047,0.237637952,0.009323669598,-0.004934419878,1,0.1605176926,0.01054890081,-0.2138917595,0,0.5131736994,0.1620558053,-27.88939857
0.1456100047,0.2424815297,0.01095520798,-0.005844885483,1,0.1926270723,0.01241689455,-0.1278817356,0,0.3339265585,0.1780164242,-28.08106995
0.1456100047,0.2473251075,0.01187407319,-0.006416061427,1,0.06744428724,0.01349664573,0.008610341698,0,0.1156805828,0.1321306527,-28.38422012
0.1456100047,0.2521686852,0.01184218749,-0.006443165708,1,-0.02542190626,0.01348153502,0.09853748977,0,-0.04577655718,0.1529217213,-28.54998016
0.1456100047,0.257012248,0.01152921841,-0.006679475307,1,-0.04738275707,0.01332434919,0.05365497991,0,-0.2076490074,0.1056223661,-30.08594131
0.1456100047,0.2618558407,0.01060692128,-0.006694873795,1,-0.1353590786,0.01254305057,0.01191966981,0,-0.2141859531,0.0296543166,-32.2592926
0.1456100047,0.2666994035,0.009836169891,-0.006765374448,1,-0.08841245621,0.01193819568,-0.01615492254,0,-0.09705591947,0.1207121089,-34.52042007
0.1456100047,0.2715429962,0.009708590806,-0.007357799914,1,-0.07919619232,0.0121817058,-0.1002134383,0,-0.04310362041,0.1234156638,-37.15721512
0.1456100047,0.276386559,0.009243801236,-0.00784853939,1,-0.1423566639,0.01212631166,0.06403641403,4.823955536,-0.0563705489,-0.08848999441,-40.33324814
0.1456100047,0.2812301517,0.008746040054,-0.006619026419,1,-0.1301258504,0.01096835081,0.1367291212,0,-0.00449488312,-0.234164834,-37.11853409
0.1456100047,0.2860737145,0.008591755293,-0.006052085664,1,-0.1338552684,0.01050932892,0.009503267705,3.869341373,0.09732043743,-0.1643904746,-35.16110611
0.1456100047,0.2909172773,0.008569081314,-0.0057767611,1,-0.07572688907,0.01033441443,0.002905060537,0,0.2309119403,-0.00432024058,-33.98548889
0.1456100047,0.29576087,0.009343406186,-0.006017089356,1,-0.01783487201,0.01111326274,0.02518986911,0,0.4300433397,0.1034744158,-32.78125763
0.1456100047,0.3006044328,0.01056564506,-0.006155938376,1,-0.06307680905,0.01222818252,0.01441502944,0,0.5440001488,0.1383696049,-30.22667122
0.1456100047,0.3054480255,0.01167279575,-0.006617472973,1,-0.272372067,0.01341808867,-0.0143738389,0,0.5717520118,0.4029274583,-29.54951668
0.1456100047,0.3102915883,0.01201571524,-0.008177169599,1,-0.562263906,0.01453421917,-0.2379052341,8.472112656,0.4684908986,1.091729641,-34.23683548
0.1456100047,0.315135181,0.01121859904,-0.01305766311,1,-0.6988078356,0.01721509546,-0.06006467342,29.46765137,0.01044473052,1.392560482,-49.33220291
0.1456100047,0.3199787438,0.008681574836,-0.0152130723,1,-1.05175519,0.01751591638,0.01688933372,35.33717728,-0.6395345926,0.9810166359,-60.28809357
0.1456100047,0.3248223364,0.003026705002,-0.01772748865,1,-1.356245756,0.01798401587,-0.2246610224,14.10640812,-1.29532814,0.8047478199,-80.31102753
0.1456100047,0.3296658993,-0.004161529709,-0.02019909397,1,-1.411613703,0.02062333003,-0.2401863039,0,-1.566670299,-0.02590280026,-101.64151
0.1456100047,0.3345094621,-0.01139880065,-0.01876538433,1,-1.607719898,0.02195614576,0.2048892975,23.71823311,-1.492925525,-0.8055666685,-121.2760773
0.1456100047,0.3393530548,-0.01917974651,-0.01530487183,1,-1.204164743,0.02453776263,0.2037168145,34.23529053,-0.8685602546,-2.060535669,-141.4111786
0.1456100047,0.3441966176,-0.02143820561,-0.007798301522,1,-0.4886567593,0.0228125006,0.7518508434,0,0.629639864,-2.778351784,-160.0107727
0.1456100047,0.3490402102,-0.01849688403,0.001793937758,1,-0.5280621648,0.01858367398,0.909262538,0,1.742582798,-3.051532507,174.460434
0.1504535824,0.237637952,0.009595438838,-0.004163588397,1,0.168964535,0.01045982447,-0.04818457365,0,0.5278292894,0.5085339546,-23.45666122
0.1504535824,0.2424815297,0.01128292643,-0.005511843134,1,0.1077920943,0.01255726255,0.07394319773,0,0.3912059069,0.4982646108,-26.03605652
0.1504535824,0.2473251075,0.01201237459,-0.006218822207,1,-0.004564531147,0.01352667343,0.008788250387,0,0.1899740696,0.2543517649,-27.3706646
0.1504535824,0.2521686852,0.01218097191,-0.006701249164,1,-0.06427941471,0.01390261948,-0.01532205939,2.619379759,-0.008241364732,0.164607197,-28.81698418
0.1504535824,0.257012248,0.0116611151,-0.007090322208,1,-0.1303628832,0.01364750043,-0.007337592542,0,-0.2366615385,-0.01195077226,-31.30090523
0.1504535824,0.2618558407,0.01040326059,-0.006678904872,1,-0.1235121936,0.01236267015,-0.02128677443,0,-0.1878264397,-0.09451858699,-32.70050812
0.1504535824,0.2666994035,0.01015312225,-0.006735618226,1,-0.09325560182,0.0121841887,0.007704174146,3.83665204,-0.02054717392,0.04464787245,-33.56044388
0.1504535824,0.2715429962,0.00985204801,-0.006857844535,1,-0.2181134075,0.01200386975,-0.07510298491,8.668100357,0.0004131644964,-0.04188375175,-34.84112549
0.1504535824,0.276386559,0.009098674171,-0.006896518171,1,-0.2877624035,0.01141699776,-0.05332517251,11.96157551,-0.01058904827,-0.1528050154,-37.16102219
0.1504535824,0.2812301517,0.008406959474,-0.006376006175,1,-0.2149334252,0.01055132318,0.0508107394,8.829554558,0.0102551505,-0.2328378707,-37.17740631
0.1504535824,0.2860737145,0.008107298985,-0.005522644147,1,-0.1373004764,0.009809581563,0.02135463804,0,0.2095996588,-0.2192066908,-34.2624588
0.1504535824,0.2909172773,0.008757145144,-0.005210832227,1,-0.04428085685,0.01019020937,-0.01763634384,0,0.4091171324,-0.1613509506,-30.75424576
0.1504535824,0.29576087,0.009874411859,-0.004826551303,1,-0.1104107946,0.01099088788,0.03176502511,0,0.5361270905,-0.09450344741,-26.04909706
0.1504535824,0.3006044328,0.01081913523,-0.004599241074,1,-0.1114896536,0.01175613422,0.05896157026,0,0.5886014104,0.08375644684,-23.03046417
0.1504535824,0.3054480255,0.01218533982,-0.004946647212,1,0.004275709391,0.01315111481,-0.03139434755,0,0.5935035944,0.3044269681,-22.09472847
0.1504535824,0.3102915883,0.01371452585,-0.006225817837,1,-0.1023286581,0.01506150793,-0.2602285147,0,0.6365798712,0.7568023205,-24.41604996
0.1504535824,0.315135181,0.01477302704,-0.009872714989,1,-1.162418604,0.01776831038,-0.289103657,40.81957626,0.5811375976,1.159674525,-33.7545433
0.1504535824,0.3199787438,0.01089904644,-0.01324308757,1,-2.133255005,0.0171513427,-0.1838486195,89.93049622,0.05835342407,1.236244321,-50.5456543
0.1504535824,0.3248223364,0.004723079968,-0.01675104536,1,-3.105326653,0.01740416512,0.1101616025,130.4723053,-0.3612425327,1.164681196,-74.2538147
0.1504535824,0.3296658993,-0.005891551264,-0.01835073531,1,-3.441406727,0.01927329414,0.3277507126,144.3900299,-0.3169797659,0.08395752311,-107.7993622
0.1504535824,0.3345094621,-0.01348090172,-0.01557021774,1,-3.351191521,0.02059530094,-0.02373307943,141.1923218,-0.3227893114,-1.228092909,-130.8864594
0.1504535824,0.3393530548,-0.0236867629,-0.01251732465,1,-2.337827206,0.02679078467,0.5856156349,95.41905212,0.2029064894,-1.917901874,-152.1456909
0.1504535824,0.3441966176,-0.02382155694,-0.003444236238,1,-0.4509871006,0.02406926267,1.205089569,0,0.9684649706,-2.330787182,-171.7729034
0.1504535824,0.3490402102,-0.02118031867,0.00460896967,1,1.078116179,0.02167598903,1.095402718,0,0.01249504089,-2.229900122,167.723465
0.1552971601,0.237637952,0.01155340765,-0.003196230391,1,0.2704643607,0.01198737323,0.1305376887,0,0.6269439459,0.657387197,-15.46401405
0.1552971601,0.2424815297,0.01372674108,-0.004472148605,1,-0.03893111646,0.01443688106,0.05574481189,0,0.368275404,0.5259691477,-18.04552078
0.1552971601,0.2473251075,0.01314861234,-0.005473798607,1,-0.342232585,0.01424248796,-0.02569931746,13.77964115,0.1024347618,0.3251967728,-22.60207748
0.1552971601,0.2521686852,0.01256526168,-0.006171741057,1,-0.3821502328,0.01399915013,-0.03720156848,16.05419922,0.02852295339,0.3180204034,-26.15911293
0.1552971601,0.257012248,0.01143579371,-0.00719434116,1,-0.4621729255,0.01351058576,-0.09011802822,19.03076553,-0.05794936419,0.08220166713,-32.17429733
0.1552971601,0.2618558407,0.01004600897,-0.007006384898,1,-0.3699031472,0.01224792749,-0.02823898941,15.11876488,0.09199851751,-0.1895114481,-34.89306259
0.1552971601,0.2666994035,0.01008974109,-0.006413205527,1,-0.2961636782,0.01195542049,-0.07234161347,11.23826504,0.1095139235,-0.2183153927,-32.44071198
0.1552971601,0.2715429962,0.009141956456,-0.006299349479,1,-0.3791363835,0.01110212412,-0.2179838568,13.13076973,-0.001645669341,-0.1988197118,-34.5691452
0.1552971601,0.276386559,0.008245393634,-0.006506028585,1,-0.3564481139,0.01050309092,-0.2396907359,10.45589924,0.09268048406,-0.3988791704,-38.27520752
0.1552971601,0.2812301517,0.007864377461,-0.005528307986,1,-0.3466887474,0.00961304456,-0.09085582197,10.65719986,0.2203461528,-0.5314764977,-35.10551834
0.1552971601,0.2860737145,0.007633443456,-0.004371847957,1,-0.2982617021,0.008796732873,-0.04574340582,5.481049061,0.2647667527,-0.4478472471,-29.80075836
0.1552971601,0.2909172773,0.007702142466,-0.00358069269,1,-0.2142005265,0.008493783884,-0.07979589701,0,0.504499197,-0.3866589665,-24.93350983
0.1552971601,0.29576087,0.009039527737,-0.002885532798,1,-0.07754337788,0.009488907643,-0.1033265069,0,0.8114571571,-0.2717350423,-17.7037487
0.1552971601,0.3006044328,0.01125691086,-0.002764992882,1,-0.1294387579,0.0115915155,-0.1804634184,0,0.9461331367,0.0008011311293,-13.8001461
0.1552971601,0.3054480255,0.01299525052,-0.003763501765,1,-0.1667852104,0.01352924574,-0.1892075986,0,0.8200209141,0.1892762333,-16.15133286
0.1552971601,0.3102915883,0.01442090888,-0.004598208703,1,-0.4074335694,0.01513625216,-0.05176095665,0,0.9111987948,0.1235457659,-17.68525124
0.1552971601,0.315135181,0.01543527655,-0.004612613469,1,-1.315315127,0.01610974781,-0.06210991368,24.21483231,1.182773948,-0.06218480691,-16.63803101
0.1552971601,0.3199787438,0.01377893519,-0.004597845953,1,-2.418935537,0.01452581305,0.1382004917,90.30174255,1.131917715,0.1017996073,-18.45316315
0.1552971601,0.3248223364,0.009201505221,-0.00443630293,1,-4.401412964,0.01021511015,0.2219964564,180.0534363,1.109151602,0.3185867965,-25.74001694
0.1552971601,0.3296658993,-0.002167388797,-0.005065688863,1,-6.055531025,0.005509879906,0.2763332129,255,0.5505702496,0.206297949,-113.1639862
0.1552971601,0.3345094621,-0.0174621176,-0.004097082652,1,-5.46069479,0.01793632284,0.0601169616,229.6606598,0.6160550117,-0.3666458726,-166.7957001
0.1552971601,0.3393530548,-0.02563277818,-0.002998629818,1,-3.363940239,0.02580757998,0.09185065329,129.080368,1.417343616,-0.5634517074,-173.3276215
0.1552971601,0.3441966176,-0.02689060941,-0.0009230748983,1,-0.9707630873,0.02690644749,-0.5583530068,0,1.309534907,-0.4822003245,-178.0339661
0.1552971601,0.3490402102,-0.02399191074,-0.003367481288,1,1.416177511,0.02422708645,-0.5795443654,0,-0.2192566991,0.4297917783,-172.0102081
0.1601407379,0.237637952,0.01341181435,-0.002436951734,1,0.01823166013,0.01363141555,-0.0774332732,0,0.2661402822,0.3778313398,-10.29839516
0.1601407379,0.2424815297,0.01410050318,-0.003539506579,1,-0.2734255493,0.01453796029,-0.1184360385,0,0.283996135,0.2176976502,-14.09122658
0.1601407379,0.2473251075,0.01346301381,-0.00406504143,1,-0.4196472168,0.0140633313,0.002971321344,12.23769855,0.3041616082,0.2450681925,-16.80124092
0.1601407379,0.2521686852,0.01354113966,-0.004712121561,1,-0.5198848248,0.01433759276,0.1661611795,19.99317551,0.1399497539,0.3865342736,-19.18716049
0.1601407379,0.257012248,0.01162277162,-0.005132433958,1,-0.9314343929,0.01270553842,0.1466973871,38.83554077,0.06584066153,0.09085575491,-23.8255024
0.1601407379,0.2618558407,0.009348569438,-0.004441648256,1,-0.8376306295,0.01035007183,0.0001987703145,33.92488861,0.2435513139,-0.07448706031,-25.41310883
0.1601407379,0.2666994035,0.008745302446,-0.004770687316,1,-0.5843225718,0.009961916134,-0.2189501226,19.84541702,0.2714666128,-0.09759545326,-28.61309624
0.1601407379,0.2715429962,0.007833227515,-0.005029438995,1,-0.7366262674,0.009308851324,-0.1739753634,29.42170143,0.1710132062,-0.1842071563,-32.70309067
0.1601407379,0.276386559,0.006005711388,-0.004721128847,1,-0.8396822214,0.007639216259,-0.1695303917,31.77737045,0.3358019888,-0.4585544467,-38.17111969
0.1601407379,0.2812301517,0.005392644554,-0.003629528452,1,-0.4894554019,0.006500314455,-0.2012151033,5.07756567,0.4297563732,-0.5987635255,-33.94259262
0.1601407379,0.2860737145,0.005716554355,-0.00279557216,1,-0.2043444216,0.006363506429,-0.1783996224,0,0.4325215518,-0.5706262589,-26.06006622
0.1601407379,0.2909172773,0.006497834809,-0.001729754033,1,-0.160069868,0.0067241285,-0.07315944135,0,0.6434352398,-0.5428462029,-14.90670204
0.1601407379,0.29576087,0.008057772182,-0.0005206079804,1,-0.1962636411,0.00807457231,-0.06420253217,0,0.9087724686,-0.5473430753,-3.696708918
0.1601407379,0.3006044328,0.009948926978,0.0006103747874,1,-0.3904583752,0.009967632592,-0.3030764759,0,1.242700338,-0.3760872185,3.510742426
0.1601407379,0.3054480255,0.0121856723,-0.0001669747726,1,-0.6498527527,0.01218681596,-0.4283104539,0,1.499079227,-0.3355496526,-0.7850490808
0.1601407379,0.3102915883,0.01406222116,0.000161080563,1,-1.127600312,0.0140631441,-0.1016768515,0,1.537488103,-0.595928967,0.6562855244
0.1601407379,0.315135181,0.01417099591,0.002226973884,1,-1.803458691,0.01434491295,-0.1362941563,48.27635193,1.390393019,-0.9197368622,8.930997849
0.1601407379,0.3199787438,0.01206150558,0.00395574607,1,-2.627248764,0.01269361377,0.1181647778,98.42796326,1.217225313,-1.474217653,18.15765762
0.1601407379,0.3248223364,0.007341437042,0.009939801879,1,-4.128296375,0.01235703658,0.07158559561,170.4786987,0.9043580294,-1.929143071,53.55080032
0.1601407379,0.3296658993,-0.003553889692,0.01364643034,1,-5.096680641,0.01410160214,-0.01461350918,214.7366791,0.4911792278,-0.8245936632,104.5970993
0.1601407379,0.3345094621,-0.01496559847,0.01386299171,1,-5.271325111,0.02039979585,-0.3390786648,221.0020142,0.643112421,0.2813789248,137.1903381
0.1601407379,0.3393530548,-0.02597099915,0.01064119581,1,-3.710831165,0.02806648985,-0.2450811565,152.6308899,0.8418856859,1.047853112,157.7194366
0.1601407379,0.3441966176,-0.02886155806,0.007600564044,1,-1.016717434,0.02984557115,-1.513021231,0,1.856043816,1.367820263,165.2463684
0.1601407379,0.3490402102,-0.0219056569,-0.003312383546,1,0.6549196839,0.0221546758,-1.928715467,0,2.217287779,2.577422142,-171.4013672
0.1649843156,0.237637952,0.01300840918,-0.001995465718,1,0.1707122326,0.01316056959,-0.1177610755,0,0.3244230747,-0.2099376917,-8.721085548
0.1649843156,0.2424815297,0.01420752238,-0.001772233401,1,-0.2004663646,0.01431762893,-0.03399414569,0,0.4774520695,-0.03967000544,-7.110296726
0.1649843156,0.2473251075,0.01435001101,-0.00196797424,1,-0.2871789336,0.01448432729,0.04284338653,0,0.5008149743,0.2913265824,-7.808886051
0.1649843156,0.2521686852,0.0152422851,-0.002975780983,1,-0.660436213,0.01553005259,0.101829581,24.60962486,0.2963225245,0.1835848987,-11.04701138
0.1649843156,0.257012248,0.01258640084,-0.002363961888,1,-1.126239538,0.01280647516,0.2416487336,46.55488205,-0.02086651325,-0.007378958166,-10.63729668
0.1649843156,0.2618558407,0.009686187841,-0.001769596012,1,-0.8636959791,0.009846507572,0.1691418886,35.82710648,0.03169262409,0.1493553221,-10.35334301
0.1649843156,0.2666994035,0.008556528017,-0.002268124139,1,-0.7062101364,0.00885203667,-0.0009919721633,28.18015862,0.2356662154,0.02657673322,-14.84625816
0.1649843156,0.2715429962,0.007407071535,-0.00190312718,1,-0.9535375834,0.00764765311,0.02346597612,38.80633545,0.2612162828,-0.2770649791,-14.40953732
0.1649843156,0.276386559,0.005203215871,-0.0008124791202,1,-1.071075916,0.005266267806,-0.01525239646,42.61193848,0.3655122221,-0.1860131174,-8.875033379
0.1649843156,0.2812301517,0.003989618737,-0.001076034387,1,-0.7484115958,0.004132179543,-0.2328072935,21.36679077,0.5011278987,-0.1348096877,-15.09401131
0.1649843156,0.2860737145,0.004005478229,-0.00128713809,1,-0.4439737201,0.004207205959,-0.1710975766,0,0.5944523215,-0.4574944377,-17.81451988
0.1649843156,0.2909172773,0.004718471318,0.0003111468395,1,-0.2133683711,0.004728719126,0.02825573087,0,0.6411473155,-0.7467775345,3.772753239
0.1649843156,0.29576087,0.006077459082,0.002466795733,1,-0.2341395319,0.006559008267,0.1073369384,0,0.9048951864,-0.8907251954,22.09186935
0.1649843156,0.3006044328,0.007967328653,0.005145338364,1,-0.4612741768,0.009484346956,0.0321418941,0,1.125654101,-0.8304892778,32.85456848
0.1649843156,0.3054480255,0.009295434691,0.006645016838,1,-0.852250576,0.01142634451,-0.1417861581,0,1.487044096,-0.7952320576,35.55979538
0.1649843156,0.3102915883,0.01104200073,0.008310354315,1,-1.36761272,0.01381983235,-0.1697933078,0,1.579207063,-1.039406538,36.96559906
0.1649843156,0.315135181,0.01032030862,0.0108570559,1,-2.075975895,0.0149794668,-0.2869492173,67.94098663,1.28498745,-1.466409564,46.45186996
0.1649843156,0.3199787438,0.007210787386,0.01402316242,1,-3.079033613,0.01576846652,-0.1475488544,123.2490463,0.9904891253,-2.022752047,62.78752518
0.1649843156,0.3248223364,0.0002042812121,0.01993974857,1,-2.972736835,0.01994079538,-0.2718443871,125.0296173,0.1973212957,-1.91863966,89.4130249
0.1649843156,0.3296658993,-0.00623215409,0.02199954353,1,-3.1907444,0.02286524884,0.006611078978,133.2970428,-0.5143531561,-0.9452106953,105.816658
0.1649843156,0.3345094621,-0.01774159074,0.02454995736,1,-2.453830481,0.03028967604,-0.1573272347,98.6911087,-0.7488301992,0.4510528445,125.8546219
0.1649843156,0.3393530548,-0.02174448967,0.01905280724,1,-1.724801183,0.02891076542,-0.2571576834,70.99747467,-0.3092964888,2.129216671,138.7747345
0.1649843156,0.3441966176,-0.02759390138,0.01299136784,1,-0.4580837786,0.03049916402,-0.393827796,0,0.642790556,2.672673702,154.7886658
0.1649843156,0.3490402102,-0.02084984817,0.004199969582,1,0.06167984009,0.0212686602,-1.285883665,0,2.723052025,2.34423089,168.6108093
0.1698278934,0.237637952,0.01182457991,-0.001692441292,1,0.1896582693,0.01194508467,-0.002255052328,0,0.6027829051,-0.5954055786,-8.145371437
0.1698278934,0.2424815297,0.01374370512,-0.0002559558488,1,0.127004087,0.01374608837,0.0006754249334,0,0.5454351902,-0.2974739075,-1.066924453
0.1698278934,0.2473251075,0.0150815919,-0.0002483317803,1,-0.2274236381,0.01508363616,-0.003154423088,0,0.471016705,-0.03989787772,-0.9433404803
0.1698278934,0.2521686852,0.01492356695,-7.798607112e-05,1,-0.8342137337,0.01492377091,-0.07009477168,31.82955933,0.3543783426,-0.1671012938,-0.2994077802
0.1698278934,0.257012248,0.01275747549,0.0002215260902,1,-0.943310976,0.01275939867,-0.02091338299,39.64393234,0.1107999682,-0.01538488455,0.9948076606
0.1698278934,0.2618558407,0.01089123543,-0.0001047637852,1,-0.779625237,0.01089173928,0.05296825245,32.91060257,-0.02313905954,0.14177908,-0.5511162877
0.1698278934,0.2666994035,0.008869224228,-0.0002086360328,1,-0.9531723261,0.008871678263,0.04440239817,40.20026398,0.06822016835,-0.1536081135,-1.347554207
0.1698278934,0.2715429962,0.006604901049,0.0008543155855,1,-1.029479384,0.006659922656,-0.01700890064,42.4009552,0.2370159924,-0.5219525695,7.370043278
0.1698278934,0.276386559,0.005030866247,0.002237097826,1,-0.9076238871,0.005505835172,0.04461176693,36.36058426,0.2897256911,-0.2791979313,23.97349358
0.1698278934,0.2812301517,0.003612063127,0.002422712976,1,-0.9682825804,0.004349314608,-0.1143048704,35.235569,0.4812569618,-0.113691166,33.85087585
0.1698278934,0.2860737145,0.002671919996,0.002234125277,1,-0.8669256568,0.003482882632,-0.2209646404,16.33437347,0.7441969514,-0.2181663215,39.90067291
0.1698278934,0.2909172773,0.003017618787,0.002409159206,1,-0.4227294922,0.003861356061,-0.007905691862,0,0.751298666,-0.5782010555,38.60261917
0.1698278934,0.29576087,0.004263370298,0.004996395204,1,-0.2142977417,0.006568126846,0.225389719,0,0.8469810486,-0.9901633263,49.52622986
0.1698278934,0.3006044328,0.006082069594,0.008296784945,1,-0.2284502983,0.01028728392,0.2137936652,0,0.927062273,-1.059477091,53.75622177
0.1698278934,0.3054480255,0.007647151593,0.01116358116,1,-0.4999895692,0.01353160944,0.1698050797,0,0.9383636117,-1.097325683,55.58851242
0.1698278934,0.3102915883,0.008205368184,0.01443423145,1,-1.123095751,0.01660346612,0.1173049808,36.26576233,0.7166430354,-1.398615837,60.38324356
0.1698278934,0.315135181,0.005678466056,0.01850606129,1,-1.790247679,0.01935766637,0.1811091304,73.30602264,0.4160808921,-1.72503686,72.94171143
0.1698278934,0.3199787438,0.001549484325,0.02366679721,1,-2.085098028,0.02371746674,-0.1582041979,87.42919922,0.2379491925,-1.559681535,86.25414276
0.1698278934,0.3248223364,-0.003268342931,0.02529422566,1,-1.652291298,0.02550450712,-0.2188888192,67.81491089,-0.3399455547,-0.8264856339,97.36256409
0.1698278934,0.3296658993,-0.008100070059,0.02660973929,1,-1.518669724,0.02781527117,-0.5394721031,54.40966034,-0.6026142836,0.1156101674,106.9303741
0.1698278934,0.3345094621,-0.01354291569,0.02212129347,1,-0.6577461958,0.02593765967,-0.3465508819,0,-1.159808278,1.534793139,121.4754639
0.1698278934,0.3393530548,-0.01690353639,0.01749730296,1,-0.3691886961,0.02432869002,-0.2064128518,0,-0.5146363378,1.690647364,134.0111542
0.1698278934,0.3441966176,-0.01782379113,0.01293273456,1,-0.174946323,0.02202142403,0.453938663,0,0.2005610913,2.088912487,144.0357971
0.1698278934,0.3490402102,-0.01677946933,0.009578179568,1,-0.7830222845,0.01932076924,-0.1102532744,0,1.214240074,1.274898291,150.2810974
0.1746714562,0.237637952,0.01011359785,5.532623618e-06,1,0.2129771113,0.01011359878,-0.2475423813,0,0.8838816285,-0.3503319025,0.03134353831
0.1746714562,0.2424815297,0.012769958,0.0002544671006,1,0.1689616293,0.01277249306,-0.08213101327,0,0.6626315713,-0.3731220961,1.141582608
0.1746714562,0.2473251075,0.01414148416,0.001414970611,1,-0.2772368789,0.01421209704,-0.06443583965,0,0.5504752398,-0.5861124396,5.713891029
0.1746714562,0.2521686852,0.01409340929,0.002781248186,1,-0.6890463829,0.01436521951,-0.1647467017,24.59606743,0.3316867948,-0.4386619925,11.16352749
0.1746714562,0.257012248,0.01241058763,0.002741698641,1,-0.8205965161,0.01270982251,-0.2906253934,32.17624664,0.1054332256,-0.1075478345,12.45747375
0.1746714562,0.2618558407,0.01062946022,0.001894497895,1,-0.967756331,0.01079696883,-0.208681047,39.91270447,0.06284570694,-0.1957491636,10.10576057
0.1746714562,0.2666994035,0.008027582429,0.002679062076,1,-1.25260222,0.008462827653,0.02521523833,52.97220612,0.04835051298,-0.4572244883,18.45551109
0.1746714562,0.2715429962,0.004796573892,0.004231232218,1,-1.041084766,0.006396127399,-0.02472524345,43.02984238,0.2233831286,-0.5012129545,41.41668701
0.1746714562,0.276386559,0.004066981375,0.004986967426,1,-0.7387439609,0.006435074378,-0.02988795936,27.64154434,0.3441451192,-0.3836925626,50.80200195
0.1746714562,0.2812301517,0.002885303926,0.005944912322,1,-0.8108254671,0.00660809828,-0.005631685257,30.77375603,0.3589973152,-0.3214065135,64.11084747
0.1746714562,0.2860737145,0.001878516516,0.006516447291,1,-0.7968025208,0.006781807169,-0.179418236,21.3999176,0.5891699791,-0.1903033257,73.91915131
0.1746714562,0.2909172773,0.001879622345,0.005997634958,1,-0.728133142,0.006285268813,-0.169140175,0,0.8302699924,-0.394330442,72.59932709
0.1746714562,0.29576087,0.002373224357,0.007607174106,1,-0.4704377949,0.007968769409,0.05798250437,0,0.8816171885,-0.921563983,72.67354584
0.1746714562,0.3006044328,0.003871201538,0.01074214466,1,-0.3614218831,0.01141840126,0.1216903329,0,0.8630550504,-1.118014574,70.18209839
0.1746714562,0.3054480255,0.00480292365,0.01361178141,1,-0.3480596542,0.01443428732,0.08407741785,0,0.5472264886,-1.253593683,70.56458282
0.1746714562,0.3102915883,0.004835881758,0.01722125895,1,-0.5490803719,0.01788735576,0.154209733,21.45481682,0.1442685425,-1.483377814,74.31478882
0.1746714562,0.315135181,0.002842186252,0.02154356427,1,-0.8076316118,0.02173023671,0.2654401064,26.95413208,-0.4199309349,-1.3973279,82.48451996
0.1746714562,0.3199787438,-0.001109912875,0.02527500503,1,-0.5415645242,0.02529936284,0.04497468472,0,-1.048427343,-0.9362468719,92.51444244
0.1746714562,0.3248223364,-0.004859063309,0.02629618719,1,-0.4635698199,0.02674135193,-0.08125571907,0,-1.017823935,-0.3210614324,100.4691315
0.1746714562,0.3296658993,-0.008285159245,0.0264365226,1,-0.3191291392,0.02770439722,-0.4192478955,0,-1.152348042,0.4433408082,107.4008942
0.1746714562,0.3345094621,-0.01198625565,0.02211818472,1,-0.4975524247,0.02515719458,-0.543435216,0,-0.7970145941,1.126446366,118.4540863
0.1746714562,0.3393530548,-0.01455549523,0.01834832132,1,-0.3920697272,0.02342057414,-0.3509988189,0,-0.2874212563,1.15780735,128.4245453
0.1746714562,0.3441966176,-0.01527742296,0.01481016446,1,-0.2132351696,0.02127770334,-0.01726990938,8.362885475,0.07835293561,0.9065247774,135.88974
0.1746714562,0.3490402102,-0.01520880777,0.01387385,1,-0.1545910239,0.0205861982,0.2067400664,0,0.1829233766,0.5933598876,137.6281586
0.179515034,0.237637952,0.008928733878,0.00155713188,1,0.1179941297,0.009063495323,-0.08358775079,0,0.9596888423,-0.3222697377,9.892641068
0.179515034,0.2424815297,0.01153865457,0.002135169227,1,-0.1485481262,0.01173454337,-0.04422207177,0,0.7683135271,-0.4991787672,10.48370552
0.179515034,0.2473251075,0.01193061564,0.00376074994,1,-0.4436112046,0.01250930969,-0.09932664037,0,0.5390489697,-0.6631325483,17.49581146
0.179515034,0.2521686852,0.01200091466,0.004866006784,1,-0.5362780094,0.01294990256,-0.2819025517,14.21405697,0.3088176847,-0.4772267342,22.07106018
0.179515034,0.257012248,0.01082889549,0.004706816282,1,-0.7880251408,0.011807587,-0.2564227283,30.85620689,0.1544923186,-0.2607630789,23.49234009
0.179515034,0.2618558407,0.008932349272,0.004887029529,1,-1.113580227,0.0101818433,-0.1559802294,45.17635727,0.2769799531,-0.4420918226,28.68376541
0.179515034,0.2666994035,0.006776757073,0.006092620082,1,-1.238911152,0.009112873115,-0.01402293146,51.50815964,0.2324511409,-0.4458989501,41.95701599
0.179515034,0.2715429962,0.004057482351,0.006978854537,1,-0.9306572676,0.008072643541,0.0793941468,38.68701553,0.1566226184,-0.2074861974,59.82642746
0.179515034,0.276386559,0.003027659841,0.00748214731,1,-0.7218557596,0.008071508259,-0.04013195634,27.68459129,0.3028572798,-0.2692967057,67.96922302
0.179515034,0.2812301517,0.002028030576,0.00808883179,1,-0.7264813185,0.008339190856,-0.05077771842,28.23530388,0.2833146155,-0.3532469869,75.92494202
0.179515034,0.2860737145,0.0008811475709,0.008947180584,1,-0.7607002854,0.008990464732,-0.03847922385,27.30033112,0.4015387893,-0.4242619276,84.37545776
0.179515034,0.2909172773,0.0002884091227,0.009957394563,1,-0.8143244982,0.009961570613,-0.05416768789,20.69165802,0.6490345001,-0.5905455351,88.34092712
0.179515034,0.29576087,8.055278886e-05,0.01154516824,1,-0.6276690364,0.0115454495,0.006459087133,0,0.82749933,-0.8751682639,89.60024261
0.179515034,0.3006044328,0.00125630293,0.01422762498,1,-0.3037599921,0.01428298373,-0.06278026104,0,0.6964375377,-0.8792829514,84.95385742
0.179515034,0.3054480255,0.001982516842,0.01549996249,1,-0.1304152608,0.01562623493,-0.1292719245,0,0.2359459996,-0.8652755022,82.71118164
0.179515034,0.3102915883,0.001767449314,0.01779251546,1,-0.1353453696,0.01788008586,-0.08076041937,0,-0.233478874,-1.089096546,84.32704163
0.179515034,0.315135181,0.000196087989,0.0203839168,1,-0.1574238241,0.02038485929,-0.1432160437,0,-0.7788478136,-0.8491520286,89.44884491
0.179515034,0.3199787438,-0.002767455066,0.02121177129,1,0.1070131063,0.02139154263,0.02852919698,0,-1.224592447,-0.4309947193,97.43326569
0.179515034,0.3248223364,-0.005216994323,0.02260965668,1,0.2122163177,0.0232037399,0.1343963295,0,-1.28908968,-0.1468449086,102.9931259
0.179515034,0.3296658993,-0.007983374409,0.02257398516,1,0.1684961915,0.02394408174,-0.09250094742,0,-1.304450512,0.3077889383,109.4763336
0.179515034,0.3345094621,-0.01071905997,0.02067082748,1,-0.09577596188,0.02328478917,-0.1981889307,0,-0.9390640259,0.7452892065,117.4094391
0.179515034,0.3393530548,-0.01299570221,0.01800417528,1,-0.09766069055,0.02220447175,-0.3091083765,0,-0.4799211919,0.996902585,125.8223572
0.179515034,0.3441966176,-0.0135166226,0.01434506197,1,0.1703471988,0.01970989443,-0.3441441953,0,-0.1514410824,1.057964206,133.2968903
0.179515034,0.3490402102,-0.01290412899,0.0112129543,1,0.7260338664,0.01709522866,-0.198274225,0,-0.4731250405,1.095025063,139.0112305
0.1843586117,0.237637952,0.008147795685,0.004082346335,1,-0.04559791088,0.009113294072,-0.1404902041,0,0.8673698902,-0.3936136067,26.61255836
0.1843586117,0.2424815297,0.0101379538,0.004695357755,1,-0.1944881678,0.01117248833,-0.09200514853,0,0.6694796681,-0.5239617229,24.85104752
0.1843586117,0.2473251075,0.01044845395,0.006174561568,1,-0.4184545279,0.01213653199,-0.008567839861,0,0.4759644866,-0.4584784508,30.58115768
0.1843586117,0.2521686852,0.01041650772,0.006874534767,1,-0.5733714104,0.01248049922,-0.07375060022,14.0730896,0.4612855017,-0.3075231314,33.4234314
0.1843586117,0.257012248,0.009905558079,0.007306855172,1,-0.9085085988,0.01230894774,0.0556306541,35.33192444,0.3544024825,-0.306756258,36.41441727
0.1843586117,0.2618558407,0.007732651662,0.008629783988,1,-1.217336774,0.01158736739,0.1071469039,48.88609314,0.3696900308,-0.4087659717,48.13831329
0.1843586117,0.2666994035,0.005799915176,0.009805719368,1,-1.056001425,0.01139259152,-0.05190841109,42.51853943,0.3217298687,-0.2310678959,59.3964119
0.1843586117,0.2715429962,0.004176150076,0.009497556835,1,-0.9030599594,0.01037515327,0.004040088505,36.89928055,0.2358515561,-0.02579848096,66.264534
0.1843586117,0.276386559,0.002568239579,0.009950244799,1,-0.8753252029,0.01027634274,0.05167458951,35.95755386,0.2047937214,-0.224646017,75.52735901
0.1843586117,0.2812301517,0.0009283788968,0.01083593722,1,-0.8863562942,0.01087563392,0.02286075056,35.56772995,0.2812156081,-0.4304400682,85.10308838
0.1843586117,0.2860737145,-0.0003628063423,0.01214584243,1,-0.8730379343,0.012151259,-0.01943022013,32.27728653,0.424716115,-0.4838798642,91.71096039
0.1843586117,0.2909172773,-0.001243096078,0.01308552828,1,-0.7517794967,0.01314444095,-0.01895099878,25.54408073,0.4479483962,-0.5370706916,95.42668152
0.1843586117,0.29576087,-0.001834435854,0.01465539541,1,-0.4307882786,0.0147697581,0.01675495505,0,0.5446175933,-0.499630034,97.1346817
0.1843586117,0.3006044328,-0.0006917549763,0.01558667887,1,0.1230168268,0.01560202148,-0.1792336702,0,0.2527780533,-0.3301314712,92.54117584
0.1843586117,0.3054480255,-1.424415041e-05,0.0153862806,1,-0.07551509887,0.01538628712,-0.1838598847,0,0.04688835144,-0.4232000709,90.05303955
0.1843586117,0.3102915883,-0.0008304108633,0.01674594171,1,-0.130725652,0.01676651835,-0.08590251207,0,-0.2719067931,-0.7357048988,92.83889771
0.1843586117,0.315135181,-0.001964425668,0.01853364892,1,0.04628422856,0.01863746531,-0.09752683342,0,-0.5064554811,-0.5268228054,96.05032349
0.1843586117,0.3199787438,-0.003059285926,0.01882527024,1,0.05300334096,0.01907223277,-0.02643538266,0,-0.6630758047,-0.1277749538,99.23041534
0.1843586117,0.3248223364,-0.004919358995,0.01902449504,1,0.1315739453,0.01965023018,0.08902986348,0,-0.9952142835,-0.00943474099,104.4980011
0.1843586117,0.3296658993,-0.007242395077,0.01930219121,1,0.1763563752,0.02061617933,0.1058496088,0,-1.088283062,0.3104183674,110.5666504
0.1843586117,0.3345094621,-0.009336332791,0.0180336535,1,0.08162334561,0.0203071367,-0.01801750064,0,-0.9036841393,0.561177969,117.371376
0.1843586117,0.3393530548,-0.01122411061,0.01649681292,1,0.02494838834,0.01995308325,-0.1241005361,0,-0.5377196074,0.8632059097,124.2306061
0.1843586117,0.3441966176,-0.01181998011,0.01325155795,1,0.2517963648,0.01775713265,-0.4980202913,0,-0.1777219027,1.242672801,131.7319794
0.1843586117,0.3490402102,-0.01086532511,0.008065630682,1,0.5244519711,0.01353180315,-0.7377671599,0,-0.1302590668,1.403588533,143.4124908
0.1892021894,0.237637952,0.006341760512,0.005979162175,1,0.5494439602,0.008715979755,0.2438251227,0,0.3645129204,0.1031429619,43.31430054
0.1892021894,0.2424815297,0.00855517108,0.006319864653,1,0.2084631175,0.01063633617,0.282718122,0,0.4783597589,-0.1536898464,36.45397568
0.1892021894,0.2473251075,0.009668440558,0.008092937991,1,-0.1768925935,0.01260850485,0.4560372233,0,0.5070235133,-0.2784577012,39.93091202
0.1892021894,0.2521686852,0.01015418582,0.00987744797,1,-0.6192362905,0.01416585594,0.3744356036,0,0.6076969504,-0.1893812269,44.20850372
0.1892021894,0.257012248,0.009612549096,0.01082382444,1,-1.017207623,0.014476059,0.3241813779,35.7917366,0.4633294344,-0.2325288653,48.39198303
0.1892021894,0.2618558407,0.007471433841,0.0125739174,1,-1.261491418,0.01462620031,0.2612656355,49.52087402,0.3930404484,-0.1396661997,59.28117752
0.1892021894,0.2666994035,0.005406139418,0.01276576892,1,-1.237696528,0.01386330463,-0.04641795158,47.67548752,0.511097312,-0.03017856926,67.047966
0.1892021894,0.2715429962,0.003952093888,0.01249526069,1,-1.176974058,0.01310536545,-0.139423281,44.45073318,0.5129442215,-0.1286911666,72.44849396
0.1892021894,0.276386559,0.002189859282,0.01271378715,1,-1.065281749,0.01290100254,-0.02992859483,43.70624924,0.2604623139,-0.2877538204,80.22710419
0.1892021894,0.2812301517,5.388852514e-05,0.01374405716,1,-0.8883783221,0.01374416333,0.08924287558,37.09738541,0.114872992,-0.4308615327,89.77535248
0.1892021894,0.2860737145,-0.001556674019,0.01523295324,1,-0.7108938694,0.01531228516,-0.02513457835,28.81577873,0.2032895088,-0.4430733323,95.83486938
0.1892021894,0.2909172773,-0.002404725179,0.01576836966,1,-0.3250681162,0.01595067978,-0.1134762987,10.39589214,0.180213213,-0.3275059164,98.67097473
0.1892021894,0.29576087,-0.002258290071,0.01626962237,1,-0.13705495,0.016425604,-0.2560575008,0,0.3835418522,-0.06771818548,97.90238953
0.1892021894,0.3006044328,-0.001210846705,0.01485613361,1,-0.06993597746,0.01490539685,-0.2377488315,0,0.3384286165,-0.2012491226,94.65958405
0.1892021894,0.3054480255,-0.0009578251629,0.01609283313,1,-0.5628101826,0.01612131298,0.005880892277,18.44700432,0.3560986519,-0.4591803253,93.40615082
0.1892021894,0.3102915883,-0.002212069929,0.01710869372,1,-0.535846591,0.01725110598,0.01093366742,21.77385521,0.149732694,-0.3222593069,97.3671875
0.1892021894,0.315135181,-0.002827998018,0.01770667918,1,-0.3031532764,0.01793109067,-0.07948645949,12.29817581,0.03427869081,-0.2105244398,99.07427216
0.1892021894,0.3199787438,-0.003514384851,0.01774338633,1,-0.387691319,0.01808807999,-0.3185207546,9.290997505,-0.02594324946,-0.2039961517,101.2034149
0.1892021894,0.3248223364,-0.004831469152,0.01715197042,1,-0.3318714499,0.01781946048,-0.3105069399,0,-0.1745234579,-0.04318790138,105.731781
0.1892021894,0.3296658993,-0.005967148114,0.01644860581,1,-0.09189845622,0.01749752834,-0.06401672214,0,-0.5804889798,0.1947920322,109.9395218
0.1892021894,0.3345094621,-0.008088219911,0.01589841396,1,-0.08370688558,0.01783756912,0.01393779367,0,-0.62829566,0.2554445863,116.9644394
0.1892021894,0.3393530548,-0.009415787645,0.01527884882,1,0.1152356416,0.01794715226,-0.06084963679,0,-0.4913254976,0.6893720627,121.6439743
0.1892021894,0.3441966176,-0.009909840301,0.01226465683,1,0.05598248169,0.01576790214,-0.2329910994,0,-0.110360384,1.261160374,128.9382172
0.1892021894,0.3490402102,-0.009679171257,0.008041810244,1,-0.8575066328,0.01258400083,-0.6166415215,0,0.9527536631,1.127042055,140.2789612
0.1940457672,0.237637952,0.009828362614,0.003186618444,1,0.7694917917,0.0103320498,1.301229596,0,-0.3835995197,0.138450861,17.96408463
0.1940457672,0.2424815297,0.01076291222,0.006002623122,1,0.2182988077,0.01232362632,1.106209755,0,0.08730410039,-0.1945939064,29.14900398
0.1940457672,0.2473251075,0.01130857412,0.009487162344,1,-0.2310820669,0.01476110145,1.042093873,0,0.3446181417,-0.3648533523,39.99447632
0.1940457672,0.2521686852,0.01131283306,0.0128172813,1,-0.7059614658,0.01709569804,0.7544104457,0,0.5079483986,-0.2759842277,48.56761932
0.1940457672,0.257012248,0.01034948416,0.01447795145,1,-1.063207865,0.01779671013,0.5471396446,0,0.4456467032,-0.2428459227,54.44113159
0.1940457672,0.2618558407,0.008321627975,0.01664363779,1,-1.348178148,0.01860806718,0.5676150322,0,0.3322823644,-0.2165546417,63.43547058
0.1940457672,0.2666994035,0.005428913981,0.01827613823,1,-1.699657798,0.01906542294,0.1119749546,0,0.5756722689,-0.1025709361,73.45598602
0.1940457672,0.2715429962,0.002877516905,0.01768280752,1,-1.525162578,0.0179154072,-0.4184616506,0,0.6168683767,-0.02525043488,80.7572937
0.1940457672,0.276386559,0.001029520063,0.01637158915,1,-1.127203822,0.01640392654,-0.4447356462,0,0.3831681311,-0.03438921273,86.40171814
0.1940457672,0.2812301517,-0.0007262775907,0.0156952627,1,-0.7806769609,0.01571205817,-0.1402022243,0,0.0250107944,-0.1819423437,92.64939117
0.1940457672,0.2860737145,-0.002630607691,0.01657376066,1,-0.5506645441,0.01678122953,-0.2384841293,0,0.00297883153,-0.2049623281,99.01882172
0.1940457672,0.2909172773,-0.003379027825,0.01553289779,1,-0.03108415753,0.01589618623,-0.1388869286,0,-0.1283147037,-0.2634200752,102.2729111
0.1940457672,0.29576087,-0.003402668517,0.01717694663,1,-0.1294184327,0.01751072891,-0.02653308213,0,0.2452320158,-0.4460012913,101.2049408
0.1940457672,0.3006044328,-0.002818075707,0.01756462455,1,-0.4360566139,0.01778925583,-0.0572218895,0,0.6823277473,-0.6064317226,99.11487579
0.1940457672,0.3054480255,-0.00220983522,0.01983708702,1,-0.7235119343,0.01995979436,-0.0002112388611,0,0.8225575686,-0.5167661309,96.35649109
0.1940457672,0.3102915883,-0.002338340739,0.02006659843,1,-0.7303578854,0.02020238154,0.008093012497,0,0.4910140038,-0.0602324903,96.64664459
0.1940457672,0.315135181,-0.003369115992,0.02016802691,1,-0.8438484669,0.02044750005,-0.05898628011,0,0.172486037,-0.1644510329,99.48381042
0.1940457672,0.3199787438,-0.005590137094,0.02057742514,1,-0.9219908714,0.02132322825,-0.4679298401,0,0.2482345104,-0.3891854286,105.1983795
0.1940457672,0.3248223364,-0.006632507313,0.01978662238,1,-0.6491215825,0.02086865157,-0.747777462,0,0.4387734532,0.004096537828,108.5312347
0.1940457672,0.3296658993,-0.006608974654,0.01693566516,1,-0.2449814975,0.01817953028,-0.5857646465,0,-0.04386597127,0.3207429945,111.3177185
0.1940457672,0.3345094621,-0.008031558245,0.01539589558,1,-0.05840746313,0.01736489311,-0.336884737,0,-0.2659063041,0.3602813482,117.5496292
0.1940457672,0.3393530548,-0.008179813623,0.01355888695,1,0.4781093597,0.01583517529,-0.04935237765,0,-0.2320936918,0.5597082376,121.1017685
0.1940457672,0.3441966176,-0.006839962211,0.01244586334,1,-0.05943534523,0.0142015703,0.9718680382,0,0.01538806222,0.2957396507,118.7921829
0.1940457672,0.3490402102,-0.008393160067,0.01683376729,1,-2.135848999,0.01881012693,1.171427727,0,1.49450767,-0.6404107213,116.5004044
