PIVlab, ASCII chart output - 13-Mar-2024
FRAME: 68, filenames: A:[68]2 vortices tapados mismo sentido clase 4.mp4 & B:[69]2 vortices tapados mismo sentido clase 4.mp4, conversion factor xy (px -> m): 0.00030272, conversion factor uv (px/frame -> m/s): 0.0090842
x [m],y [m],u [m/s],v [m/s],Vector type [-],vorticity [1/s],magnitude [m/s],divergence [1/s],dcev [1],simple shear [1/s],simple strain [1/s],vector direction [degrees]
0.1262357086,0.237637952,0.007249861024,-0.007537147496,1,0.3081602454,0.01045796741,0.9325799942,0,0.6838801503,0.3510029316,-46.11301804
0.1262357086,0.2424815297,0.009652373381,-0.006128690671,1,0.3002547622,0.0114336852,0.4649716616,0,0.3403519988,0.1472628117,-32.41315079
0.1262357086,0.2473251075,0.01035268977,-0.005998299923,1,0.03500493616,0.01196485665,0.2499136031,0,0.1611761153,0.2432508171,-30.08779907
0.1262357086,0.2521686852,0.01060259156,-0.006096418947,1,-0.06601326168,0.01223034225,0.02294948697,0,0.1893150359,0.2056643069,-29.89861298
0.1262357086,0.257012248,0.01094991062,-0.006883291993,1,-0.1668496281,0.01293368638,-0.1291384995,0,0.1480115801,0.1221225634,-32.15413666
0.1262357086,0.2618558407,0.01051134802,-0.007313421462,1,-0.3638730049,0.01280525513,-0.07574191689,0,0.05183987319,0.02127770334,-34.82882309
0.1262357086,0.2666994035,0.009438553825,-0.007353214081,1,-0.4154347181,0.011964784,0.0537834689,0,0.07374951243,-0.05538439751,-37.920784
0.1262357086,0.2715429962,0.008856369182,-0.006784658413,1,-0.2532835007,0.01115647238,0.1524304599,0,0.02352230996,-0.1800565571,-37.45488739
0.1262357086,0.276386559,0.00832568761,-0.005742787383,1,-0.06301930547,0.01011418179,0.1497179866,0,-0.02645429038,-0.1110507622,-34.59664536
0.1262357086,0.2812301517,0.008422996849,-0.005521604791,1,0.0676355511,0.01007149369,-0.08759453148,0,0.1017143875,-0.05916970223,-33.24641418
0.1262357086,0.2860737145,0.009145947173,-0.005880465265,1,0.09297953546,0.01087328047,-0.2999663949,0,0.2323478907,-0.1907199323,-32.73933792
0.1262357086,0.2909172773,0.009998740628,-0.006050746888,1,-0.09920858592,0.01168701705,-0.4166879356,0,0.05507688969,-0.3555758297,-31.18026352
0.1262357086,0.29576087,0.008932191879,-0.006176466588,1,-0.3023100793,0.01085968688,-0.2044675797,0,-0.3812000453,-0.1324689537,-34.6632309
0.1262357086,0.3006044328,0.006688106339,-0.006399477832,1,-0.1751313508,0.009256569669,0.1111031473,0,-0.3103100955,0.3817438185,-43.73662567
0.1262357086,0.3054480255,0.006580918562,-0.007487335708,1,0.001486837864,0.009968384169,-0.002693817019,0,-0.1768138856,0.3851787448,-48.68646622
0.1262357086,0.3102915883,0.005838896148,-0.008278168738,1,0.1071617454,0.01013019122,-0.01879924536,0,-0.4184545875,0.3293731809,-54.80327988
0.1262357086,0.315135181,0.00507314736,-0.009173735976,1,0.04508984089,0.01048304606,-0.319195658,0,-0.344815731,0.142198205,-61.05706787
0.1262357086,0.3199787438,0.004387150519,-0.01051296573,1,-0.3339568973,0.01139164343,-0.4940236211,0,-0.6002868414,-0.1002411693,-67.34880829
0.1262357086,0.3248223364,0.0005480649997,-0.01108105201,1,-0.9654861093,0.01109459717,0.1910227686,0,-1.013266683,0.0258666575,-87.16847992
0.1262357086,0.3296658993,-0.005197092425,-0.009713019244,1,-1.140898585,0.01101601124,0.635666132,0,-1.089228511,0.05403345823,-118.1496506
0.1262357086,0.3345094621,-0.01025369577,-0.008263877593,1,-0.9799841642,0.01316928118,0.8946682811,0,-1.186213732,0.7137869,-141.1332245
0.1262357086,0.3393530548,-0.01568924077,-0.008836906403,1,-0.03488272429,0.01800675504,1.773157239,0,0.2634504437,1.500866771,-150.609787
0.1262357086,0.3441966176,-0.009146610275,-0.006945017725,1,2.879042625,0.01148450095,-0.5840327144,0,2.798130989,-0.6278238893,-142.7906189
0.1262357086,0.3490402102,0.01180859189,-0.008624800481,1,4.294382095,0.01462292857,-5.97945118,0,4.35836935,-5.285840988,-36.14377213
0.1310792714,0.237637952,0.01035841834,-0.006627236027,1,0.06913235784,0.01229703519,0.3365599215,0,0.2515616417,0.09060453624,-32.6108017
0.1310792714,0.2424815297,0.01113507152,-0.006031583995,1,0.1588497758,0.01266372018,0.1626842171,0,0.08654896915,-0.03025066853,-28.44327545
0.1310792714,0.2473251075,0.01154702622,-0.005692740902,1,-0.01992080733,0.0128740482,0.1094070971,0,0.0242920965,-0.004870899022,-26.24352646
0.1310792714,0.2521686852,0.0111562442,-0.005478069652,1,-0.1128433347,0.01242863759,-0.01558666304,4.471700191,-0.01394468918,0.07278329134,-26.15250397
0.1310792714,0.257012248,0.01093291957,-0.006120766979,1,-0.1611606181,0.0125296656,-0.08547403663,5.509550571,0.0007840022445,0.08559497446,-29.24217033
0.1310792714,0.2618558407,0.0103794476,-0.006306655705,1,-0.2698547244,0.01214523893,-0.01869414374,10.73873997,-0.03947094828,-0.008835762739,-31.28328133
0.1310792714,0.2666994035,0.009434676729,-0.006168516818,1,-0.3379748464,0.0112722544,-0.003764348105,13.62275696,0.009708672762,-0.04347889125,-33.17719269
0.1310792714,0.2715429962,0.008789464831,-0.006114295218,1,-0.2504447103,0.01070697419,-0.01047800481,9.955474854,0.04081754386,-0.1166561097,-34.82398224
0.1310792714,0.276386559,0.008419331163,-0.005654234905,1,-0.1022008881,0.01014177036,0.03436449543,3.390748739,-0.04684159905,-0.1050411165,-33.88442993
0.1310792714,0.2812301517,0.00806756597,-0.005439073313,1,-0.06790434569,0.009729807265,-0.06933230907,0,-0.02742167562,-0.09230899066,-33.98746109
0.1310792714,0.2860737145,0.007957612164,-0.005542945582,1,-0.05222698674,0.009697826579,-0.1955810934,0,0.06480462849,-0.1464379579,-34.85948181
0.1310792714,0.2909172773,0.008128486574,-0.005677101202,1,-0.07955421507,0.009914725088,-0.306822896,0,0.1122971773,-0.1365819275,-34.93123627
0.1310792714,0.29576087,0.008116205223,-0.006367520895,1,-0.07927371562,0.01031591557,-0.1558617204,0,0.02831704356,0.06086857989,-38.11574936
0.1310792714,0.3006044328,0.007881673984,-0.006726851221,1,-0.05569303781,0.01036201324,0.09364926815,0,-0.07003877312,0.4139951468,-40.48009491
0.1310792714,0.3054480255,0.007507213391,-0.007919141091,1,-0.142354995,0.01091196761,-0.1180472821,0,-0.1241082847,0.4650434852,-46.52959824
0.1310792714,0.3102915883,0.006591038313,-0.009551096708,1,-0.1990797073,0.01160453446,-0.1317642629,0,-0.3919534683,0.3222102821,-55.39114761
0.1310792714,0.315135181,0.004644498229,-0.01011800207,1,-0.2110493928,0.01113307383,-0.1439576,0,-0.5410944819,0.1877934486,-65.34331512
0.1310792714,0.3199787438,0.002947970992,-0.01115795877,1,-0.1332843304,0.01154082268,-0.2000447512,0,-0.6040166616,0.02267574519,-75.20042419
0.1310792714,0.3248223364,0.001073323772,-0.01119676605,1,-0.4479463696,0.0112480931,0.260771811,0,-0.8888261914,-0.06338380277,-84.5243454
0.1310792714,0.3296658993,-0.003526790766,-0.009587885812,1,-0.5441106558,0.01021595858,0.4364062846,0,-0.9902335405,-0.06600186229,-110.1954498
0.1310792714,0.3345094621,-0.006358368788,-0.008763320744,1,-0.2158330083,0.01082703285,0.5893090963,0,-0.6582068205,0.2850965858,-125.9633713
0.1310792714,0.3393530548,-0.007760270499,-0.008114408702,1,-0.6296502352,0.01122788619,0.9121571779,0,-0.5519336462,0.5772080421,-133.7220459
0.1310792714,0.3441966176,-0.01208146196,-0.007140968461,1,-0.7737720013,0.01403407101,-0.4010181427,0,-0.8186900616,-0.3276370168,-149.4140167
0.1310792714,0.3490402102,-0.01547348406,-0.008469835855,1,-0.8964966536,0.01763992198,-3.456334829,0,-0.5041257143,-2.907623768,-151.3047028
0.1359228492,0.237637952,0.00931886211,-0.006653538439,1,0.08827166259,0.01145036053,-0.0469651334,0,0.3143078089,-0.1190827787,-35.52630997
0.1359228492,0.2424815297,0.0102938246,-0.006478884723,1,0.1127020121,0.01216300856,0.01129375398,0,0.2052769959,-0.1681989431,-32.18611908
0.1359228492,0.2473251075,0.01085901819,-0.00578415161,1,0.03186640143,0.01230344176,-0.003566794097,0,0.08907783777,-0.1814287603,-28.04239082
0.1359228492,0.2521686852,0.01087962743,-0.00561739644,1,0.009270164184,0.01224424038,-0.06886744499,0,0.009616364725,-0.003884341568,-27.30832481
0.1359228492,0.257012248,0.01095049642,-0.006098901853,1,-0.04255384952,0.01253435202,-0.08001900464,0,-0.06101059914,0.03975713253,-29.1157093
0.1359228492,0.2618558407,0.01037800498,-0.006197541486,1,-0.1799599379,0.01208770089,-0.006231166422,0.4922428429,-0.1794373244,-0.09495016187,-30.84482384
0.1359228492,0.2666994035,0.009209727868,-0.005669184495,1,-0.2700532377,0.01081474684,0.03658783063,8.29076004,-0.1712359935,-0.1334584355,-31.61499214
0.1359228492,0.2715429962,0.008240586147,-0.005373909138,1,-0.211116299,0.009837996215,-0.09158310294,7.480698586,-0.04207824171,-0.1317463368,-33.10945892
0.1359228492,0.276386559,0.00798336044,-0.005474650767,1,-0.1128631532,0.009680178016,-0.09805634618,2.208549976,-0.01111757383,-0.1080458611,-34.44068527
0.1359228492,0.2812301517,0.00764007587,-0.005325524136,1,-0.0985994488,0.009313000366,-0.02464734763,3.847472906,-0.003392633051,-0.05789475143,-34.87847137
0.1359228492,0.2860737145,0.007489353884,-0.005313614383,1,-0.05050210282,0.009182860143,-0.006297439337,0,0.09406554699,-0.04841993749,-35.35528564
0.1359228492,0.2909172773,0.007851078175,-0.005121501163,1,-0.02481900901,0.00937385764,-0.007245730609,0,0.2277128398,0.06330724061,-33.11765671
0.1359228492,0.29576087,0.00847208593,-0.005655343179,1,-0.02983540297,0.01018622331,-0.04002233595,0,0.2973730564,0.2381730974,-33.72416687
0.1359228492,0.3006044328,0.009146917611,-0.006468962412,1,-0.1258596331,0.01120328438,0.06076568365,2.951611757,0.08240687847,0.4207502604,-35.26904678
0.1359228492,0.3054480255,0.008261619136,-0.007398956455,1,-0.380153358,0.01109048724,0.02733966708,14.60351276,-0.1123715788,0.5937399864,-41.84704971
0.1359228492,0.3102915883,0.006761334836,-0.009212366305,1,-0.3891379237,0.01142730657,-0.04684144258,12.65415382,-0.2253148705,0.6496222615,-53.72352219
0.1359228492,0.315135181,0.005285469349,-0.01077233255,1,-0.1821083426,0.01199913956,-0.09937244654,0,-0.4854319692,0.6398794651,-63.86501312
0.1359228492,0.3199787438,0.003528051311,-0.01279299054,1,-0.1108296216,0.01327055972,-0.05020266771,0,-0.6698622108,0.4544143677,-74.58221436
0.1359228492,0.3248223364,0.001504127751,-0.01321648434,1,-0.2805958688,0.01330179907,0.09373227507,0,-1.150384307,-0.09603316337,-83.50727844
0.1359228492,0.3296658993,-0.003403012641,-0.01187384687,1,-0.1728768945,0.0123518724,0.1218854636,0,-1.380231619,-0.4582532048,-105.9921646
0.1359228492,0.3345094621,-0.006018450484,-0.01040654629,1,-0.06558358669,0.01202156208,-0.06986504793,0,-0.9816553593,-0.7745850682,-120.0422134
0.1359228492,0.3393530548,-0.008475395851,-0.00846048072,1,-0.4909106195,0.01197547745,-0.2980215549,0,-0.8835799694,-0.9677671194,-135.0504608
0.1359228492,0.3441966176,-0.01267590281,-0.007162581664,1,-1.144191861,0.01455956977,-0.006163969636,19.92883301,-1.031945825,-0.3646089435,-150.5311737
0.1359228492,0.3490402102,-0.01901568845,-0.006724324543,1,-2.031751633,0.02016960457,0.5262883306,0,-0.5860515833,0.3453246653,-160.5254059
0.1407664269,0.237637952,0.009554152377,-0.005532412324,1,-0.05744375288,0.01104035415,-0.006259479094,0,0.3964232206,0.01470748894,-30.07334709
0.1407664269,0.2424815297,0.01037508901,-0.005583189894,1,-0.07569587231,0.01178195607,0.04568810388,0,0.3021469712,0.02157793567,-28.28621292
0.1407664269,0.2473251075,0.01065098587,-0.005415632855,1,-0.02331696451,0.01194874849,-0.02037392743,0,0.1118416637,-0.04242314398,-26.95165634
0.1407664269,0.2521686852,0.01080386527,-0.005476392806,1,0.01446950808,0.01211257186,-0.1254505366,0,0.003476385493,0.03858771548,-26.88008308
0.1407664269,0.257012248,0.01073790807,-0.006210163701,1,-0.05270911008,0.01240438689,-0.1376751959,0,-0.1360970438,0.03321740776,-30.04251862
0.1407664269,0.2618558407,0.009889367968,-0.00630412437,1,-0.1483896971,0.0117278127,-0.01866807044,0,-0.2175447047,-0.1260836869,-32.51607895
0.1407664269,0.2666994035,0.008965476416,-0.005689887796,1,-0.1895145774,0.01061859634,0.06136540696,0,-0.2608997226,-0.1468645781,-32.40102005
0.1407664269,0.2715429962,0.007707751356,-0.00529554626,1,-0.1634867042,0.009351589717,0.007791854441,2.027045488,-0.1553720981,-0.1013145819,-34.49068832
0.1407664269,0.276386559,0.007421059068,-0.005161422305,1,-0.05156393722,0.009039490484,-0.05086990446,0,0.04330878332,-0.1164442673,-34.81900787
0.1407664269,0.2812301517,0.007667766884,-0.004977931734,1,-0.05932579562,0.009141907096,0.01159562916,0,0.1153846085,-0.05420312285,-32.99172592
0.1407664269,0.2860737145,0.007692584302,-0.004842720926,1,-0.09293159097,0.009089983068,0.06466917694,0,0.2441132665,-0.04351320118,-32.19169235
0.1407664269,0.2909172773,0.008400024846,-0.004453943577,1,-0.05051991343,0.009507788345,0.1062912121,0,0.3361310065,0.09389137477,-27.93386841
0.1407664269,0.29576087,0.00907596387,-0.00478266133,1,-0.03565832973,0.01025899407,0.09794040024,0,0.410156101,0.3589360118,-27.78739548
0.1407664269,0.3006044328,0.01021393389,-0.005718096159,1,-0.09169284999,0.01170559973,-0.01846501231,0,0.3888898492,0.3613075614,-29.24153519
0.1407664269,0.3054480255,0.01051546074,-0.006622119341,1,-0.3199675083,0.01242688112,-0.01168072224,10.79796696,0.1747691035,0.615853548,-32.20070267
0.1407664269,0.3102915883,0.009510654025,-0.00875760708,1,-0.5922921896,0.0129285818,-0.04125919938,23.61120224,-0.07931357622,0.983820796,-42.63951111
0.1407664269,0.315135181,0.007262486033,-0.01158717368,1,-0.4570282698,0.01367502473,0.038641572,0,-0.4936847091,1.093248248,-57.921772
0.1407664269,0.3199787438,0.004905801732,-0.01386567671,1,-0.5160157084,0.01470795274,0.06049758196,0,-0.7640931606,0.8496829271,-70.51576233
0.1407664269,0.3248223364,0.001062179217,-0.01540965401,1,-0.7018712759,0.01544621866,-0.1161891222,0,-1.375480652,0.2079772651,-86.05686951
0.1407664269,0.3296658993,-0.005156014115,-0.01543580182,1,-0.6596570015,0.01627416536,-0.2727772593,0,-1.716838956,-0.7289019227,-108.4708481
0.1407664269,0.3345094621,-0.01044852845,-0.0132003855,1,-0.4677900374,0.01683514006,-0.5330396295,0,-1.33567071,-1.651937485,-128.3627625
0.1407664269,0.3393530548,-0.01389121637,-0.01001633331,1,-0.1212210208,0.01712579466,-0.7251200676,0,-0.5866856575,-2.088387012,-144.2063141
0.1407664269,0.3441966176,-0.01387732942,-0.006597295869,1,0.1468412131,0.01536569558,0.3367859125,0,0.3980984092,-1.428202152,-154.5735474
0.1407664269,0.3490402102,-0.01125175878,-0.001467476133,1,-0.1363057494,0.01134704985,1.342116475,0,1.22044754,-0.7760714293,-172.5693207
0.1456100047,0.237637952,0.009359780699,-0.004455198534,1,0.09392736852,0.01036601607,-0.06398382783,0,0.4262881279,0.01594673283,-25.45416451
0.1456100047,0.2424815297,0.0106196329,-0.004648773465,1,0.06021244824,0.01159257069,-0.01584607363,0,0.1865214854,0.1233695596,-23.64153099
0.1456100047,0.2473251075,0.01055485569,-0.005129500292,1,-0.003033744171,0.01173527818,-0.02703402191,0,-0.03015088104,0.1839399934,-25.91905212
0.1456100047,0.2521686852,0.01045890059,-0.00567064248,1,0.04102313519,0.01189725939,-0.1178760529,0,-0.06379737705,0.165653944,-28.46581459
0.1456100047,0.257012248,0.01044454705,-0.006502797827,1,-0.04585231096,0.01230345294,-0.09991376847,0,-0.1156010702,0.0780242458,-31.90648079
0.1456100047,0.2618558407,0.009676888585,-0.006532499101,1,-0.1827191114,0.01167543232,0.0448868759,3.25019455,-0.1577195525,-0.05583490804,-34.02178955
0.1456100047,0.2666994035,0.008795605972,-0.006014944054,1,-0.09142509103,0.01065562014,0.1042530462,0,-0.2986351252,-0.1430628151,-34.36658096
0.1456100047,0.2715429962,0.007787601557,-0.005334605463,1,-0.1199163198,0.009439531714,0.1081912741,0,-0.2150932252,-0.09822983295,-34.41163635
0.1456100047,0.276386559,0.007172961254,-0.005015127361,1,-0.08505731821,0.008752306923,0.03155875579,3.148279428,0.01199182495,-0.1450265795,-34.9601326
0.1456100047,0.2812301517,0.007433703169,-0.004479300696,1,-0.05437867343,0.008678944781,0.05299653858,0,0.1408567429,-0.2224229872,-31.07176018
0.1456100047,0.2860737145,0.007591824513,-0.003681111382,1,-0.08461005986,0.008437202312,0.06737676263,0,0.3709643483,-0.1866869032,-25.86774445
0.1456100047,0.2909172773,0.008820678107,-0.003248727415,1,0.05695435405,0.009399925359,0.01556774788,0,0.5816599131,-0.02264883928,-20.21916389
0.1456100047,0.29576087,0.01068500243,-0.003496006364,1,-0.1060273647,0.01124239061,0.02528475225,0,0.5162249804,0.2095483989,-18.11748314
0.1456100047,0.3006044328,0.01080750208,-0.004141222686,1,-0.2789453566,0.01157375611,-0.1031285673,0,0.382788986,0.2079337984,-20.96585083
0.1456100047,0.3054480255,0.01118797716,-0.005002661142,1,-0.2557144463,0.01225550659,-0.2149065584,0,0.362908572,0.3190978467,-24.09162331
0.1456100047,0.3102915883,0.01132670511,-0.006727714557,1,-0.4336111844,0.01317408029,-0.3077326715,0,0.346875459,0.920124054,-30.70900917
0.1456100047,0.315135181,0.01076786593,-0.01094988082,1,-0.6502081752,0.0153573053,-0.05907344818,26.03488922,-0.04971331358,1.441234469,-45.48017883
0.1456100047,0.3199787438,0.007936581038,-0.01399457268,1,-0.9909816384,0.01608842425,0.1343530416,21.16282845,-0.8298119307,1.275923133,-60.4416275
0.1456100047,0.3248223364,0.001948710764,-0.01647916436,1,-1.639431477,0.01659398526,-0.0463128686,0,-1.70340836,0.5730264187,-83.25592041
0.1456100047,0.3296658993,-0.008254723623,-0.01699439064,1,-1.756224513,0.01889311336,-0.5234177709,0,-2.073656321,-0.9092846513,-115.907341
0.1456100047,0.3345094621,-0.01660155691,-0.01461019367,1,-1.42421174,0.02211491577,-0.4508261681,0,-1.434855223,-1.74726367,-138.6506348
0.1456100047,0.3393530548,-0.02210283652,-0.01071499474,1,-0.3635377884,0.02456311323,-0.571977973,0,0.08260805905,-2.360861301,-154.1368561
0.1456100047,0.3441966176,-0.01796226203,-0.005945597775,1,0.1757611632,0.01892070286,0.2106056809,0,1.027653337,-1.970057249,-161.6851959
0.1456100047,0.3490402102,-0.01627400517,-0.0001527844433,1,-0.209736824,0.01627472229,1.003814459,0,0.9068461657,-1.38813448,-179.4621124
0.1504535824,0.237637952,0.009321480989,-0.003922597039,1,0.2568559349,0.01011319831,-0.1101740673,0,0.3932446539,0.3228963912,-22.8219738
0.1504535824,0.2424815297,0.01089588739,-0.004971402232,1,0.1951384693,0.01197644323,-0.008374601603,0,0.2362556905,0.3269931376,-24.52551079
0.1504535824,0.2473251075,0.0114109721,-0.005546976812,1,0.003311685286,0.01268775947,0.1264651716,0,0.02546742186,0.3355455101,-25.92480659
0.1504535824,0.2521686852,0.01103528123,-0.005984099116,1,-0.09696561843,0.01255336124,0.04264342785,2.386638641,-0.06388425082,0.2493133843,-28.46963882
0.1504535824,0.257012248,0.01063188445,-0.00654799724,1,-0.1338026226,0.01248652209,-0.0072022276,2.827688694,-0.113729462,0.03387029469,-31.62821198
0.1504535824,0.2618558407,0.009836340323,-0.006183037069,1,-0.2031983584,0.01161824167,-0.05649279058,3.07690382,-0.1796562821,-0.02644713782,-32.1531105
0.1504535824,0.2666994035,0.008777498268,-0.006693525705,1,-0.2061083168,0.01103846729,-0.01274541765,0,-0.223396495,-0.1007989347,-37.32833862
0.1504535824,0.2715429962,0.007756000385,-0.005756543018,1,-0.2353715301,0.009658847004,0.1288103163,4.736860752,-0.1581453085,-0.2845552862,-36.58299255
0.1504535824,0.276386559,0.006871468853,-0.004691357259,1,-0.1744161695,0.008320211433,0.07167958468,6.389894485,-0.01322688162,-0.2843070924,-34.32252121
0.1504535824,0.2812301517,0.006847136654,-0.0040322938,1,-0.04315265641,0.007946236059,0.0619456619,0,0.09336914122,-0.3623783588,-30.49392319
0.1504535824,0.2860737145,0.007114696316,-0.002636110876,1,0.01149642467,0.007587356959,0.1099685356,0,0.3020311296,-0.3276850283,-20.3304882
0.1504535824,0.2909172773,0.00836572703,-0.001912491163,1,0.08529141545,0.008581550792,-0.1160181016,0,0.5544630289,-0.2950959206,-12.87711716
0.1504535824,0.29576087,0.01021339651,-0.001768733608,1,-0.09088712931,0.01036541816,-0.3081063032,0,0.5772712231,-0.1841394305,-9.824913025
0.1504535824,0.3006044328,0.01072156616,-0.002512934385,1,-0.316930443,0.0110121211,-0.2427626997,0,0.4834856093,0.1406392008,-13.19095135
0.1504535824,0.3054480255,0.0110201193,-0.003625770565,1,-0.1657122672,0.01160125993,-0.2330103219,0,0.5281000137,0.2757716477,-18.21191597
0.1504535824,0.3102915883,0.01247681957,-0.004977259319,1,-0.08895170689,0.01343294885,-0.3427754939,0,0.6953157187,0.7004326582,-21.74806976
0.1504535824,0.315135181,0.01395709068,-0.008678629994,1,-0.8185299635,0.01643529721,-0.4404520392,7.307219505,0.6657017469,1.233471632,-31.87367439
0.1504535824,0.3199787438,0.0117365839,-0.0130850384,1,-2.182412148,0.01757741719,-0.03277945518,87.97809601,0.0468556881,1.420877576,-48.10958481
0.1504535824,0.3248223364,0.003613357199,-0.0157195311,1,-3.841862679,0.01612947695,0.2711204588,148.295639,-1.078467727,1.073888421,-77.05462646
0.1504535824,0.3296658993,-0.01209541969,-0.01697330736,1,-3.437246084,0.02084208094,0.4457866251,119.9446259,-1.664061546,-0.0636716783,-125.474205
0.1504535824,0.3345094621,-0.02109514736,-0.01325193793,1,-2.373132229,0.02491222881,0.2816981077,87.30066681,-0.9304654002,-1.600777388,-147.8630219
0.1504535824,0.3393530548,-0.02809665166,-0.00785539113,1,-0.9525402188,0.02917411551,0.1531920433,26.04097748,0.6832717657,-2.072610378,-164.3798218
0.1504535824,0.3441966176,-0.02239936963,-0.002471090062,1,0.6897801757,0.02253526263,0.1757574081,0,2.403678656,-2.259667873,-173.7046051
0.1504535824,0.3490402102,-0.01311324257,0.003940780647,1,0.8735971451,0.01369258482,1.052764297,0,2.960799217,-1.594803929,163.273468
0.1552971601,0.237637952,0.01039011776,-0.00379458908,1,0.2820831239,0.01106134895,0.1103506833,0,0.4499248564,0.3808242679,-20.06276894
0.1552971601,0.2424815297,0.01216288656,-0.00444961898,1,0.03536844254,0.01295125112,0.08829669654,0,0.4606538713,0.341745317,-20.09432602
0.1552971601,0.2473251075,0.01279264037,-0.005022187252,1,-0.25412938,0.01374314446,0.04870123416,6.307407856,0.1942830384,0.267711103,-21.43418312
0.1552971601,0.2521686852,0.01187301613,-0.005510410294,1,-0.3395991921,0.01308942772,0.0654322505,12.55948639,-0.1185183674,0.3510448337,-24.89658356
0.1552971601,0.257012248,0.0105737159,-0.006405571941,1,-0.4236277342,0.01236263849,-0.08310768753,16.12276268,-0.1127223969,0.104369618,-31.20754051
0.1552971601,0.2618558407,0.009275162593,-0.006418471225,1,-0.4506475329,0.01127942465,-0.1532992721,17.04620361,-0.03000354767,-0.2166597247,-34.68348312
0.1552971601,0.2666994035,0.008245645091,-0.006098680664,1,-0.5568287969,0.0102559533,-0.05559296906,22.01891708,0.09396351874,-0.3565930128,-36.48753357
0.1552971601,0.2715429962,0.007033238653,-0.004960554186,1,-0.5136545897,0.008606598713,-0.0023021698,20.46351624,0.07956191897,-0.387200743,-35.19537735
0.1552971601,0.276386559,0.00614308333,-0.004234394524,1,-0.3346397877,0.007461070549,-0.1448571831,11.21456718,0.1168865785,-0.3807380795,-34.57828903
0.1552971601,0.2812301517,0.005978533998,-0.003818046767,1,-0.1506399959,0.007093683816,-0.128478542,0,0.2320290953,-0.5332435369,-32.56335831
0.1552971601,0.2860737145,0.006537297741,-0.002273883903,1,-0.09131682664,0.006921474356,-0.0661984086,0,0.2669894695,-0.6529128551,-19.17933083
0.1552971601,0.2909172773,0.006829415448,-0.000976258365,1,-0.05784936249,0.006898840424,-0.2213211358,0,0.4219344258,-0.6371613741,-8.135262489
0.1552971601,0.29576087,0.008300771937,-0.0002597295388,1,-0.001265496016,0.008304834366,-0.3793866932,0,0.72045362,-0.5263674855,-1.792188883
0.1552971601,0.3006044328,0.01031285897,-0.0002643453481,1,-0.2854416966,0.01031624619,-0.3291371465,0,0.9242923856,-0.04372873902,-1.468317986
0.1552971601,0.3054480255,0.01139509492,-0.001642127405,1,-0.3925892115,0.01151280943,-0.1817201972,0,0.959563911,0.3684328198,-8.200341225
0.1552971601,0.3102915883,0.01305904519,-0.002929054201,1,-0.4414130449,0.01338349842,-0.1270921826,0,1.104935527,0.3103451133,-12.64182854
0.1552971601,0.315135181,0.01460891776,-0.00376088894,1,-1.118166447,0.01508525014,-0.02590529248,0,1.448685884,0.02940228581,-14.43662739
0.1552971601,0.3199787438,0.01465994213,-0.003196940757,1,-2.781093597,0.01500447746,0.03436197713,94.11025238,1.512289524,-0.1032312512,-12.30207634
0.1552971601,0.3248223364,0.008463365957,-0.003094445448,1,-5.154065132,0.00901133474,-0.3498870432,204.8058929,0.8052420616,0.7255358696,-20.08383751
0.1552971601,0.3296658993,-0.006403920241,-0.008405835368,1,-6.282230377,0.01056732051,0.1258867979,253.1433868,-0.2117471695,1.060752153,-127.3016815
0.1552971601,0.3345094621,-0.02299061976,-0.00762252463,1,-4.754836082,0.02422130108,0.189612329,190.8917389,-0.4057643414,-0.9694530368,-161.6570892
0.1552971601,0.3393530548,-0.03139968961,-0.002791812178,1,-1.958290935,0.03152355924,0.8077993393,61.81427002,0.9125298262,-1.25231576,-174.9190674
0.1552971601,0.3441966176,-0.02805584483,0.002355802804,1,0.3153145313,0.02815457806,0.7345753312,0,2.265478849,-1.897477627,175.2002258
0.1552971601,0.3490402102,-0.01889941655,0.009956740774,1,0.8506507874,0.02136175521,0.8804293275,0,2.930190802,-2.25812459,152.2184906
0.1601407379,0.237637952,0.01170052495,-0.003109642537,1,0.04079587758,0.01210669894,0.2115254104,0,0.4870389402,0.1297084987,-14.88341427
0.1601407379,0.2424815297,0.01297882944,-0.002911499236,1,-0.2081142962,0.01330138464,0.1209250093,0,0.4647458792,0.1757220924,-12.64366531
0.1601407379,0.2473251075,0.01294353977,-0.003375056433,1,-0.3660873175,0.01337633096,-0.01098942757,0,0.3813014627,0.4022955298,-14.61457825
0.1601407379,0.2521686852,0.01305252034,-0.004913276993,1,-0.4915147424,0.01394663379,0.1393567324,18.95351791,0.03551404178,0.4835339785,-20.62752342
0.1601407379,0.257012248,0.01073486824,-0.005042103119,1,-0.9157629609,0.01186002512,0.1191267669,36.3038063,-0.1182052493,-0.03936387599,-25.15916061
0.1601407379,0.2618558407,0.008044415154,-0.004145615268,1,-0.8803359866,0.009049791843,0.01368138194,35.40223694,0.06403341889,-0.2961599529,-27.26389885
0.1601407379,0.2666994035,0.006781043485,-0.003541362472,1,-0.7026586533,0.007650084794,-0.02384869754,26.4080143,0.2536099553,-0.2844747901,-27.57556534
0.1601407379,0.2715429962,0.005869412795,-0.002883252455,1,-0.7253050804,0.006539354101,-0.02623979002,27.87146187,0.2183789909,-0.240339458,-26.16182137
0.1601407379,0.276386559,0.004325707443,-0.00250435411,1,-0.7406383753,0.00499835331,-0.1881867647,26.57538986,0.2807761431,-0.3336259723,-30.06855583
0.1601407379,0.2812301517,0.003642034251,-0.002178806346,1,-0.536265254,0.004244009033,-0.2004047036,12.29758263,0.392965734,-0.5315086246,-30.88950348
0.1601407379,0.2860737145,0.003631625092,-0.0009006265318,1,-0.3006707728,0.003741634544,-0.1696813703,0,0.417437315,-0.704449892,-13.92809677
0.1601407379,0.2909172773,0.004207600374,0.0004113788309,1,-0.2169453055,0.004227662925,-0.1113182008,0,0.6700567007,-0.6538088322,5.584084034
0.1601407379,0.29576087,0.005826305598,0.001726969029,1,-0.1481197774,0.00607686257,-0.08032637835,0,1.120120406,-0.6863098741,16.51029396
0.1601407379,0.3006044328,0.008915561251,0.003346506972,1,-0.2238216996,0.009522937238,-0.1913519651,0,1.482843757,-0.4383841157,20.57391167
0.1601407379,0.3054480255,0.01192447636,0.002923488384,1,-0.6784424782,0.01227761898,-0.2858894765,0,1.5969491,-0.1137219667,13.77532768
0.1601407379,0.3102915883,0.01336441934,0.002512600273,1,-1.221445441,0.01359856129,-0.2124264091,0,1.644593835,-0.3839175105,10.64769745
0.1601407379,0.315135181,0.01397402864,0.003754118923,1,-2.13786459,0.01446951553,-0.06267982721,50.4245491,1.732913971,-1.135790825,15.03744221
0.1601407379,0.3199787438,0.01140301023,0.007710297126,1,-3.205057144,0.01376507618,0.0211994648,115.4313354,1.441652417,-1.917598724,34.06511688
0.1601407379,0.3248223364,0.005432841368,0.01314483862,1,-4.576181889,0.01422331017,-0.3213534355,180.3783264,0.9113596678,-1.295685291,67.54439545
0.1601407379,0.3296658993,-0.006347841583,0.01242954936,1,-6.374294281,0.01395667531,-0.7949479222,255,0.117493391,0.3058345914,117.0536499
0.1601407379,0.3345094621,-0.02487236634,0.007813129574,1,-5.389984608,0.02607066557,-0.2337585092,216.3755341,0.4552314281,1.083428383,162.5609894
0.1601407379,0.3393530548,-0.03024970181,0.006049652584,1,-1.914124012,0.030848708,0.7633488178,49.2085762,1.26179409,0.9364538193,168.6905975
0.1601407379,0.3441966176,-0.02803197689,0.006974682212,1,0.2056338787,0.02888663858,1.106655359,0,1.954646349,-0.5374891758,166.0278625
0.1601407379,0.3490402102,-0.01978621632,0.01401319448,1,1.526230335,0.02424590662,1.041325927,0,1.878581524,-1.864992976,144.6927185
0.1649843156,0.237637952,0.01204291079,-0.001633175998,1,-0.0396899581,0.01215314679,0.08626709878,0,0.6825243235,-0.09649349749,-7.722941875
0.1649843156,0.2424815297,0.01359971985,-0.001190568437,1,-0.06567361951,0.01365173422,0.05600080639,0,0.6117681265,0.00830373913,-5.00312376
0.1649843156,0.2473251075,0.0146879619,-0.001402151538,1,-0.2575652301,0.01475473586,0.04618823528,0,0.5239624977,0.4110294878,-5.453081131
0.1649843156,0.2521686852,0.01489003561,-0.002957705408,1,-0.9917143583,0.01518094726,0.03098890185,38.956604,0.2220531404,0.2664325237,-11.23479748
0.1649843156,0.257012248,0.01096005365,-0.002542539267,1,-1.345524073,0.01125110127,0.1316818297,53.85982895,-0.09619539976,-0.09818148613,-13.06059361
0.1649843156,0.2618558407,0.007906955667,-0.001844344544,1,-0.8967397809,0.008119208738,0.1609343439,35.55702591,0.02800235152,-0.06113704666,-13.12981892
0.1649843156,0.2666994035,0.006752256304,-0.001466919202,1,-0.6530694962,0.006909762509,0.1634019017,24.10549545,0.2061035633,-0.1369128525,-12.25697327
0.1649843156,0.2715429962,0.005742041394,-0.0003897467395,1,-0.8340095282,0.005755253602,0.1686134636,32.06845474,0.1864275336,-0.2814309895,-3.883051634
0.1649843156,0.276386559,0.003615642898,0.0007129061269,1,-1.0121665,0.003685255535,0.04411988705,38.55824661,0.3290790319,-0.1773078442,11.15408707
0.1649843156,0.2812301517,0.002433454851,0.0006827556645,1,-0.8589100838,0.002527421108,-0.07786498964,25.05233192,0.587980628,-0.1793235391,15.67255402
0.1649843156,0.2860737145,0.002303374698,0.001204328495,1,-0.5521521568,0.002599219559,0.1119113415,0,0.6946109533,-0.4325740933,27.60299492
0.1649843156,0.2909172773,0.003123463131,0.003320005024,1,-0.3811288476,0.004558339249,0.3267480731,0,0.8527089953,-0.6392242908,46.7471199
0.1649843156,0.29576087,0.004587509669,0.005883090664,1,-0.3297174573,0.007460294757,0.3003237247,0,1.184296489,-0.6663205028,52.05365372
0.1649843156,0.3006044328,0.007262683474,0.00800202135,1,-0.3885213733,0.0108064292,0.003376096487,0,1.394396901,-0.7183667421,47.7729187
0.1649843156,0.3054480255,0.009459545836,0.009378908202,1,-0.9328427315,0.01332092099,-0.2286226153,0,1.533209562,-0.8378433585,44.75474548
0.1649843156,0.3102915883,0.0101706069,0.01095282938,1,-1.702628732,0.01494676247,-0.05540877581,26.73324394,1.567291856,-1.213358402,47.12075424
0.1649843156,0.315135181,0.008804031648,0.01498752739,1,-2.577097893,0.01738208719,-0.1104771495,81.10445404,1.607562304,-1.835839748,59.56901169
0.1649843156,0.3199787438,0.005474584643,0.01930975728,1,-2.897482157,0.02007081918,-0.218025744,105.8014374,1.210109949,-1.972382307,74.17123413
0.1649843156,0.3248223364,0.0006311132456,0.02348488942,1,-3.211250067,0.02349336818,-0.4871549606,127.5356674,0.2697132826,-1.256810188,88.46064758
0.1649843156,0.3296658993,-0.008772978559,0.02303764224,1,-3.709203243,0.02465153299,-0.7735904455,145.725296,-0.3180575371,-0.1964006126,110.8473663
0.1649843156,0.3345094621,-0.01887517795,0.02068923414,1,-3.647312164,0.02800565585,-0.5102659464,143.0643616,0.6756277084,1.646538138,132.3748016
0.1649843156,0.3393530548,-0.02316656336,0.01259099413,1,-1.906113386,0.0263670776,-0.07955873013,73.15296936,0.5798487067,1.956529975,151.4759827
0.1649843156,0.3441966176,-0.02529904433,0.01082728058,1,-0.6883896589,0.02751856856,0.5356530547,0,0.7457133532,0.7271670699,156.8304291
0.1649843156,0.3490402102,-0.02288891189,0.01166338101,1,0.9003695846,0.02568923496,0.2372634411,0,0.09481418133,-0.1079763547,152.9982147
0.1698278934,0.237637952,0.01165099256,0.0003884584585,1,0.01527917385,0.01165746618,-0.2284493744,0,0.6616175771,-0.2207211554,1.909604549
0.1698278934,0.2424815297,0.01329029351,0.000369742309,1,0.1316881627,0.01329543628,-0.03408084437,0,0.592387557,-0.03859721497,1.593584895
0.1698278934,0.2473251075,0.01515810937,0.0004103338579,1,-0.2806456983,0.01516366284,-0.008401159197,0,0.5289766788,-0.1314420998,1.550632477
0.1698278934,0.2521686852,0.01449310407,0.0009657006594,1,-1.16311574,0.01452524122,-0.02701902762,45.4773674,0.2833970487,-0.1506434381,3.812082291
0.1698278934,0.257012248,0.01089712977,0.001009117346,1,-1.273302078,0.01094375458,0.01918693632,51.31399155,0.04170966148,0.1497217715,5.290726662
0.1698278934,0.2618558407,0.008527791128,0.0003334449721,1,-0.9395858049,0.008534307592,0.08854867518,37.42870331,0.1162719727,0.1688629538,2.239180565
0.1698278934,0.2666994035,0.006909345277,0.0006201089127,1,-0.9069983959,0.00693711685,0.1433212012,34.73475266,0.2453348637,-0.2129999101,5.128515244
0.1698278934,0.2715429962,0.005322972313,0.002059313934,1,-0.929304719,0.005707434379,0.1809408367,35.19842148,0.2627016306,-0.5152312517,21.15010643
0.1698278934,0.276386559,0.00368060125,0.003992072772,1,-0.9527138472,0.005429868121,0.2005321681,34.83050156,0.3484806418,-0.3713606894,47.32463837
0.1698278934,0.2812301517,0.002396321623,0.004829321522,1,-0.9777280092,0.005391168874,0.03012917936,29.53723335,0.6469537616,-0.2064923644,63.60927963
0.1698278934,0.2860737145,0.002078470076,0.005138167646,1,-0.794698298,0.005542634986,0.06886062026,0,0.856177032,-0.2528543174,67.97589111
0.1698278934,0.2909172773,0.00269409758,0.006387568079,1,-0.4690288305,0.006932473276,0.1676226556,0,0.8768062592,-0.6421188116,67.13134003
0.1698278934,0.29576087,0.004053571727,0.009060213342,1,-0.2661999464,0.009925669059,0.3585547209,0,0.8356862068,-0.7965091467,65.89608765
0.1698278934,0.3006044328,0.005452448502,0.01198220998,1,-0.3466255963,0.01316444296,0.2215272784,0,0.9051784277,-0.9775431752,65.53231812
0.1698278934,0.3054480255,0.006758965552,0.01486800425,1,-0.6767702103,0.01633221284,0.08935683966,0,1.041500092,-1.225477934,65.55355072
0.1698278934,0.3102915883,0.007219046354,0.01835071482,1,-1.305260897,0.0197196193,0.3113752007,37.97303009,0.8485584259,-1.578723669,68.52566528
0.1698278934,0.315135181,0.004546891432,0.02402284555,1,-1.789961457,0.02444936149,0.2310073972,69.09656525,0.463370204,-1.679775119,79.28220367
0.1698278934,0.3199787438,0.0007935987087,0.02760573849,1,-1.782104254,0.02761714347,-0.1544041038,71.03807068,0.2210513949,-1.389505386,88.35334015
0.1698278934,0.3248223364,-0.003014189657,0.03000515513,1,-1.884850144,0.03015617095,-0.5155445337,69.54096222,-0.5595551729,-0.7734298706,95.73644257
0.1698278934,0.3296658993,-0.01104606874,0.02885482647,1,-2.23360014,0.03089687042,-0.2021037787,76.9562149,-1.14295435,0.05669958889,110.9476089
0.1698278934,0.3345094621,-0.01936874352,0.02875162475,1,-1.493700027,0.0346670486,-0.5706284046,50.24742126,-0.5940907001,1.651741743,123.9664688
0.1698278934,0.3393530548,-0.02115844563,0.01809060387,1,-1.028177977,0.02783791907,-0.9531539679,0,0.5023958683,2.108788013,139.4693451
0.1698278934,0.3441966176,-0.02191540971,0.01392087154,1,-0.3343115449,0.02596297115,-0.1444775462,0,0.7469076514,1.502895594,147.5759125
0.1698278934,0.3490402102,-0.01916000433,0.01011142414,1,0.3479518294,0.02166440897,-0.09453052282,0,0.7898009419,1.478453636,152.1777802
0.1746714562,0.237637952,0.0098673217,0.001497409539,1,0.2451266944,0.009980293922,-0.5380432606,0,1.150691509,-0.3495262861,8.629048347
0.1746714562,0.2424815297,0.01324769855,0.001040861243,1,0.1846188903,0.01328852493,-0.05369193107,0,0.6708024144,-0.2646727264,4.492455482
0.1746714562,0.2473251075,0.01401062123,0.002519311383,1,-0.3437336683,0.01423532329,0.07655258477,0,0.5051466823,-0.5444181561,10.19367313
0.1746714562,0.2521686852,0.01402951498,0.004048581235,1,-0.7483742237,0.01460199617,0.00550378859,27.86294365,0.2874649763,-0.2644419074,16.09687233
0.1746714562,0.257012248,0.0117781749,0.003826812375,1,-1.090616107,0.01238426007,-0.01650326699,43.84475708,0.08397018909,0.1442878544,17.99934578
0.1746714562,0.2618558407,0.009153747,0.003269776935,1,-1.281222582,0.00972021278,0.09447066486,51.04671097,0.1738981605,0.03507752717,19.65705299
0.1746714562,0.2666994035,0.006414762698,0.004114487674,1,-1.326867461,0.00762090506,0.1663385928,51.7975235,0.2882003188,-0.270124495,32.67648697
0.1746714562,0.2715429962,0.00412288215,0.005383819807,1,-1.082603216,0.006781126373,0.1305918097,41.19402313,0.3338716626,-0.468313694,52.55542374
0.1746714562,0.276386559,0.002788222861,0.007015333045,1,-0.8542401791,0.007549111266,0.1887738258,30.86458969,0.3290798664,-0.4653286338,68.32480621
0.1746714562,0.2812301517,0.001579227392,0.008552015759,1,-0.7070773244,0.00869660452,0.09921456873,22.49608803,0.4229826331,-0.3519243002,79.53753662
0.1746714562,0.2860737145,0.001412188285,0.009200459346,1,-0.6991716027,0.00930820778,-0.06638559699,17.53352928,0.543497026,-0.3320239484,81.27371216
0.1746714562,0.2909172773,0.0008252077387,0.009838651866,1,-0.5267454982,0.009873197414,-0.1169672161,0,0.7443652749,-0.5339511633,85.20558929
0.1746714562,0.29576087,0.002466246486,0.01122015342,1,-0.2475835979,0.01148800272,0.03671348095,0,0.8206433654,-0.8358997703,77.60323334
0.1746714562,0.3006044328,0.003600867232,0.01406522188,1,-0.2248491645,0.01451884024,0.293096453,0,0.5325589776,-1.04502964,75.64001465
0.1746714562,0.3054480255,0.003956662957,0.01770147122,1,-0.3303233087,0.018138282,0.2705155909,0,0.4193582833,-1.240719199,77.40026093
0.1746714562,0.3102915883,0.004032114986,0.02138500474,1,-0.4692376852,0.02176181041,0.2186614275,16.72050476,0.02125485241,-1.474348783,79.3223114
0.1746714562,0.315135181,0.001786823268,0.02590169758,1,-0.4968462586,0.02596325614,0.2412825823,0,-0.749250114,-1.333416581,86.05371857
0.1746714562,0.3199787438,-0.002003449947,0.02901218273,1,-0.4600422978,0.02908127569,0.03189307451,0,-1.067536831,-0.7944282293,93.95030975
0.1746714562,0.3248223364,-0.005612125155,0.02990404889,1,-0.2750265598,0.03042610921,-0.3275691271,0,-1.268007159,-0.1847159266,100.6291199
0.1746714562,0.3296658993,-0.009477254003,0.02832026221,1,-0.3083833456,0.02986395173,-0.2353943288,0,-1.348785996,0.7674818039,108.5026016
0.1746714562,0.3345094621,-0.01363872923,0.02504655533,1,-0.1481173635,0.02851920202,-0.06809586287,0,-1.522531033,1.648780823,118.5698471
0.1746714562,0.3393530548,-0.0175691694,0.02000443637,1,-0.6329687834,0.02662429772,-0.2377430201,16.67956543,-0.4159917831,1.616736054,131.2916718
0.1746714562,0.3441966176,-0.0187194515,0.01606424153,1,-0.08518283069,0.02466734126,-0.009889125824,0,0.3707953691,1.270348072,139.3652039
0.1746714562,0.3490402102,-0.01618578285,0.01380350813,1,-0.09511810541,0.02127243206,0.1066668034,0,1.141312122,1.040161252,139.5419006
0.179515034,0.237637952,0.007351987064,0.004774624947,1,0.3911668062,0.008766341954,-0.8622664213,0,1.42413795,-0.01577702165,33.0010376
0.179515034,0.2424815297,0.01174827199,0.002724606311,1,0.1666955948,0.0120600732,-0.4492037594,0,0.9770834446,-0.3970358074,13.05695629
0.179515034,0.2473251075,0.01289196964,0.004521945491,1,-0.2832403183,0.01366202254,0.04939967394,0,0.5909976959,-0.623296082,19.32866478
0.179515034,0.2521686852,0.01323891897,0.005982860457,1,-0.5691733956,0.01452802774,0.01627126336,19.854599,0.2851048112,-0.4330590665,24.31890297
0.179515034,0.257012248,0.01151606347,0.006698308513,1,-1.089226484,0.01332242694,0.04456403106,42.75054932,0.246119976,-0.24418208,30.1843853
0.179515034,0.2618558407,0.009155266918,0.007381424773,1,-1.416737199,0.01176028699,0.1504322886,54.90250397,0.3618532419,-0.2097342908,38.87746429
0.179515034,0.2666994035,0.006406650878,0.008442803286,1,-1.400382519,0.01059840061,0.1281178296,55.15953064,0.2714498043,-0.1895574927,52.80768967
0.179515034,0.2715429962,0.003687192686,0.008920109831,1,-1.161491752,0.009652136825,0.1305137724,44.69237137,0.3221200109,-0.1339112669,67.54189301
0.179515034,0.276386559,0.002341088606,0.009723566473,1,-0.8651092052,0.01000142191,0.1258064359,31.57175636,0.3458879292,-0.1596718878,76.46286011
0.179515034,0.2812301517,0.001172304153,0.01030284632,1,-0.7163744569,0.01036932692,0.05926459283,26.75294495,0.2637455463,-0.236705482,83.50855255
0.179515034,0.2860737145,0.0001487454283,0.01115712058,1,-0.6940419078,0.01115811244,-0.02038314939,23.97990417,0.3573114276,-0.4831492007,89.23618317
0.179515034,0.2909172773,-0.0004586712166,0.01254428271,1,-0.5683148503,0.01255266555,-0.0126209259,0,0.5753161311,-0.6479209661,92.09403229
0.179515034,0.29576087,0.0001826567022,0.01423424575,1,-0.386420399,0.01423541736,-0.1130087674,0,0.8548920155,-0.7543708086,89.26480865
0.179515034,0.3006044328,0.001810407266,0.0156507697,1,-0.1837618649,0.01575513184,0.1121081412,0,0.5712976456,-0.7684173584,83.40161896
0.179515034,0.3054480255,0.002059716266,0.0184991397,1,-0.1565255225,0.01861345209,0.1622710526,0,0.01750201732,-0.8856486082,83.64678192
0.179515034,0.3102915883,0.001137036132,0.02072644979,1,-0.1077013016,0.02075761557,-0.09852170944,0,-0.4709314704,-0.9865366817,86.8599472
0.179515034,0.315135181,-0.0007429365651,0.02280030958,1,0.1316253245,0.02281241119,-0.03698578477,0,-0.9650650024,-0.8497828245,91.86628723
0.179515034,0.3199787438,-0.002899793675,0.0246632956,1,0.299857527,0.02483318187,0.1330419481,0,-1.281062365,-0.3614838421,96.70578003
0.179515034,0.3248223364,-0.005495478399,0.0251955837,1,0.2885837555,0.02578793839,-0.0281747207,0,-1.43836844,0.1468472779,102.304245
0.179515034,0.3296658993,-0.008468865417,0.02381556295,1,0.1741371155,0.02527652495,-0.09297908843,0,-1.457718372,0.5472580194,109.5755005
0.179515034,0.3345094621,-0.01171258464,0.0220945552,1,-0.005325138569,0.02500707842,-0.06052199006,0,-1.235561371,0.9044703245,117.9285965
0.179515034,0.3393530548,-0.0144791957,0.01914154738,1,-0.1700238585,0.02400095761,-0.0167979002,0,-0.6759837866,1.21475482,127.1048737
0.179515034,0.3441966176,-0.01581028849,0.01612943411,1,0.09575740248,0.02258592285,0.2024118602,0,0.08467400819,0.8303333521,134.4275208
0.179515034,0.3490402102,-0.01360526215,0.01610016078,1,0.1053185463,0.02107886039,0.3143159151,0,0.8051735163,0.3264033794,130.1991272
0.1843586117,0.237637952,0.005614449736,0.006500685588,1,0.3681102693,0.00858958438,-0.316326946,0,1.091315746,0.3173566163,49.18379974
0.1843586117,0.2424815297,0.009148871526,0.004966037814,1,0.1082006991,0.01040977333,-0.3356768489,0,1.051367521,-0.3879244924,28.49325371
0.1843586117,0.2473251075,0.01123090927,0.006753751077,1,-0.1055693626,0.01310520805,-0.02587679029,0,0.6964340806,-0.6907378435,31.02075958
0.1843586117,0.2521686852,0.01201077085,0.008186344057,1,-0.4631673694,0.01453529671,0.02680841088,10.82253456,0.3765370846,-0.7042464018,34.27770233
0.1843586117,0.257012248,0.01081130933,0.01029466651,1,-0.9818225503,0.01492864918,0.1647628099,36.65389633,0.3326624036,-0.5987583399,43.59776306
0.1843586117,0.2618558407,0.008866513148,0.01188451797,1,-1.216428757,0.01482756995,0.1265827417,47.75760269,0.2472827137,-0.2692963481,53.27500916
0.1843586117,0.2666994035,0.006117174868,0.01221213769,1,-1.15766573,0.01365855522,0.1136160195,45.92032623,0.1749031544,-0.02786832675,63.39328003
0.1843586117,0.2715429962,0.004106426146,0.0125698084,1,-1.142183065,0.01322357077,0.1610641181,42.32091522,0.4210256636,0.02299388498,71.9083252
0.1843586117,0.276386559,0.002624192974,0.01288089156,1,-1.085825205,0.01314548403,0.1023799479,40.70862579,0.386621505,-0.04823076352,78.48485565
0.1843586117,0.2812301517,0.000719778589,0.01329930313,1,-1.024758339,0.01331876591,0.002338886261,39.85328674,0.2709967792,-0.2891562581,86.90208435
0.1843586117,0.2860737145,-0.00102670968,0.014292771,1,-1.04916811,0.01432960015,-0.02471503615,38.92512894,0.4103910029,-0.4538648725,94.10873413
0.1843586117,0.2909172773,-0.002374178264,0.01537791733,1,-0.7045321465,0.01556011103,0.03591161966,17.26844406,0.5583046675,-0.5710313916,98.7765274
0.1843586117,0.29576087,-0.001734973979,0.01723254658,1,-0.09642490745,0.01731966436,0.008994817734,0,0.6737173796,-0.4750469327,95.7491684
0.1843586117,0.3006044328,0.0004219824623,0.01772241108,1,-0.09724771976,0.01772743464,-0.166119054,0,0.5489596128,-0.4369602799,88.63600922
0.1843586117,0.3054480255,0.0004529276339,0.01854438707,1,-0.2696749568,0.01854991727,-0.2195710242,5.646765709,-0.0700392276,-0.6125161648,88.60088348
0.1843586117,0.3102915883,-0.001223449712,0.01962567121,1,-0.2155047953,0.01966376789,-0.1861358136,0,-0.3958691061,-0.6084281802,93.56715393
0.1843586117,0.315135181,-0.002508309437,0.0205897931,1,0.1370426416,0.02074201591,-0.02522829175,0,-0.5265225768,-0.3822378218,96.94571686
0.1843586117,0.3199787438,-0.003109926125,0.0213548746,1,0.290115118,0.02158013731,0.02183624357,0,-0.8122531176,-0.1742230952,98.28577423
0.1843586117,0.3248223364,-0.005037325434,0.02153942175,1,0.1627929807,0.02212060988,-0.1056478471,0,-1.02310586,0.08814105392,103.1629333
0.1843586117,0.3296658993,-0.007276918739,0.020416243,1,0.06361964345,0.02167432755,-0.1093153208,0,-0.995511055,0.3968434334,109.617485
0.1843586117,0.3345094621,-0.00955099985,0.01908781007,1,-0.09387210011,0.02134399302,0.04065191746,0,-0.8330982924,0.6316329837,116.5820923
0.1843586117,0.3393530548,-0.01176677179,0.01755378023,1,-0.2121937424,0.02113272622,0.09297627211,0,-0.6479699612,0.7283024788,123.8350143
0.1843586117,0.3441966176,-0.01371726952,0.01601055823,1,-0.1639029235,0.02108320408,0.3483524323,0,-0.1077222079,0.4227747321,130.5887909
0.1843586117,0.3490402102,-0.01308240928,0.01719330996,1,0.09744550288,0.02160461247,0.2505670488,0,0.1646988541,-0.2378108203,127.26754
0.1892021894,0.237637952,0.007356974296,0.008277527057,1,-0.3464496732,0.01107440889,1.404960155,0,0.7124925256,1.811526656,48.36965942
0.1892021894,0.2424815297,0.008243452758,0.007292908616,1,-0.07474510372,0.01100640837,0.4950100482,0,0.5008798242,0.4683800638,41.49889755
0.1892021894,0.2473251075,0.009420990944,0.008406511508,1,-0.0111695379,0.01262634154,0.1100103259,0,0.365090251,-0.4592229128,41.74308014
0.1892021894,0.2521686852,0.00995769538,0.01005003415,1,-0.2794471085,0.01414775196,-0.02568134665,0.4909527302,0.27799806,-0.9874938726,45.26442337
0.1892021894,0.257012248,0.009413972497,0.01306511834,1,-0.5257501006,0.01610342227,-0.06331208348,19.13500404,0.2173679918,-0.9760652781,54.22564697
0.1892021894,0.2618558407,0.00846402254,0.01447102521,1,-0.7187317014,0.01676455326,-0.2039202154,26.78841591,0.183590889,-0.5821707249,59.67687225
0.1892021894,0.2666994035,0.006821976509,0.014897204,1,-0.9303433895,0.01638493314,0.0493157506,37.10612106,0.128182143,-0.3678568006,65.3952179
0.1892021894,0.2715429962,0.004578691907,0.01649163291,1,-0.9982095957,0.01711544208,0.1822875738,39.24304581,0.1272393763,-0.2220152915,74.48336792
0.1892021894,0.276386559,0.00260336441,0.01685547642,1,-1.170029163,0.01705533825,-0.090816468,46.47744751,0.1799325049,-0.1088411659,81.21992493
0.1892021894,0.2812301517,-0.000216918037,0.01657893695,1,-1.082833767,0.01658035628,-0.06656034291,43.40633392,0.09747582674,-0.349642843,90.7496109
0.1892021894,0.2860737145,-0.002169293584,0.01822660863,1,-0.8796229362,0.01835524663,0.03599499166,33.39186478,0.2945891917,-0.3938526511,96.78729248
0.1892021894,0.2909172773,-0.003050565487,0.01866093092,1,-0.5633328557,0.01890862919,-0.07326801121,0,0.5828619599,-0.0191512201,99.28421021
0.1892021894,0.29576087,-0.002074702876,0.01796448976,1,-0.1129738837,0.01808389649,-0.07320168614,0,0.5134859085,-0.09793426096,96.58784485
0.1892021894,0.3006044328,-0.001110654441,0.01878072508,1,-0.3206050098,0.01881353743,-0.2522764206,0,0.3421057165,-0.5622954369,93.38441467
0.1892021894,0.3054480255,-0.001970562618,0.01946609095,1,-0.6231936216,0.01956557669,-0.3739469051,16.2744503,0.2926854491,-0.5952949524,95.78038788
0.1892021894,0.3102915883,-0.002711496316,0.01985284127,1,-0.4670358002,0.02003715374,-0.1662472486,12.26473713,0.3130240738,-0.1910613477,97.77732086
0.1892021894,0.315135181,-0.002716530347,0.01958627999,1,-0.2905236483,0.01977376826,-0.0782982707,10.54824734,0.09926112741,0.03090863116,97.89629364
0.1892021894,0.3199787438,-0.003637891263,0.01932388917,1,-0.2589449883,0.01966333948,-0.1666272134,0,-0.3323005438,-0.138819322,100.6616364
0.1892021894,0.3248223364,-0.005580273923,0.01945159025,1,-0.2478761226,0.02023620158,-0.1929487288,0,-0.4619936347,-0.06116431952,106.0071335
0.1892021894,0.3296658993,-0.007076200563,0.01868558116,1,-0.4447228909,0.01998057961,-0.1495920271,15.78296375,-0.1490644813,0.0439709574,110.7415924
0.1892021894,0.3345094621,-0.008456320502,0.01851405576,1,-0.541495204,0.02035385929,-0.09496444464,20.4339447,-0.1656407118,0.2466734648,114.5486145
0.1892021894,0.3393530548,-0.01050126832,0.01703083143,1,-0.3951882124,0.0200081449,-0.08755272627,6.327523708,-0.3519771695,0.3485930562,121.6581268
0.1892021894,0.3441966176,-0.01207527425,0.0164015498,1,-0.5246520042,0.02036720514,0.1110848933,20.25241661,-0.1034390777,0.2359768301,126.3615341
0.1892021894,0.3490402102,-0.01354347635,0.01642590761,1,0.7772319317,0.02128934488,0.0219919011,0,-1.383477092,0.01193415467,129.5062408
0.1940457672,0.237637952,0.02119375393,0.01162975468,1,-2.215481281,0.0241749119,2.056568146,0,-0.8312863111,3.656886101,28.75511742
0.1940457672,0.2424815297,0.01381512638,0.007754121907,1,-1.298287153,0.01584247872,0.8351045847,0,-1.107843876,1.465539336,29.30452347
0.1940457672,0.2473251075,0.009539471008,0.008576194756,1,-0.7278829813,0.01282780617,0.3478019238,0,-0.6578177214,-0.298879385,41.95624161
0.1940457672,0.2521686852,0.007103377488,0.010886373,1,-0.5610677004,0.01299888827,-0.04034262896,0,-0.2157284319,-1.138256311,56.87548447
0.1940457672,0.257012248,0.005777004175,0.01389401685,1,-0.3821713924,0.01504717488,-0.1966853738,0,-0.0399043709,-1.30508399,67.4229126
0.1940457672,0.2618558407,0.005059020594,0.01625498757,1,-0.4924699068,0.0170240514,-0.3473498821,0,0.2441601306,-1.058636427,72.71234894
0.1940457672,0.2666994035,0.00457429653,0.01733918861,1,-0.6223692894,0.01793241873,-0.2817482948,0,0.385969907,-0.6463590264,75.22135925
0.1940457672,0.2715429962,0.003914001863,0.018021008,1,-0.616890192,0.01844115369,0.07752196491,0,0.01461622119,-0.3519843817,77.74617767
0.1940457672,0.276386559,0.001657135668,0.01941953599,1,-1.067212582,0.01949011162,-0.09262167662,0,-0.008466601372,-0.2980931103,85.12257385
0.1940457672,0.2812301517,-0.001296133967,0.01901622489,1,-0.9591807127,0.01906034537,-0.1649410129,0,0.04721915722,-0.2806865573,93.89920807
0.1940457672,0.2860737145,-0.002760021016,0.01998015866,1,-0.5195321441,0.02016988955,0.07555645704,0,0.204540059,-0.3194783926,97.86495209
0.1940457672,0.2909172773,-0.002821817994,0.02092960104,1,-0.4481401742,0.02111896873,0.07682230324,0,0.4886343777,0.01763163321,97.67855072
0.1940457672,0.29576087,-0.002563884249,0.02026685327,1,-0.5477736592,0.02042838372,-0.1007170677,0,0.4029134512,-0.1012746841,97.2099762
0.1940457672,0.3006044328,-0.003523459658,0.02093230188,1,-0.6174092889,0.02122677676,-0.2180149853,0,0.2710152864,-0.7782755494,99.5548172
0.1940457672,0.3054480255,-0.004241670482,0.02298051864,1,-0.6668105125,0.02336869761,-0.2137434185,0,0.7843595743,-0.7240376472,100.4577637
0.1940457672,0.3102915883,-0.002954101656,0.0234039519,1,-0.5779194832,0.02358965203,-0.101989001,0,0.8883976936,0.001812912524,97.19395447
0.1940457672,0.315135181,-0.002737844829,0.02247774601,1,-0.7657780051,0.02264387161,-0.2526035011,0,0.428160131,0.2438023835,96.94455719
0.1940457672,0.3199787438,-0.004589380231,0.02099957131,1,-0.7103903294,0.02149521746,-0.4003648758,0,-0.01847115159,0.007478043437,102.3279495
0.1940457672,0.3248223364,-0.006268141791,0.02050232701,1,-0.547177732,0.02143909968,-0.0544039607,0,-0.1133097261,-0.22962901,106.9998779
0.1940457672,0.3296658993,-0.007788502611,0.02184828743,1,-0.9160029888,0.02319500968,-0.1051536053,0,0.3899349868,-0.1889686733,109.6201935
0.1940457672,0.3345094621,-0.008816185407,0.02090829052,1,-0.7744656801,0.02269100584,-0.4960115552,0,0.2141567171,0.3474168777,112.8631973
0.1940457672,0.3393530548,-0.01050240267,0.01776307635,1,-0.4835839868,0.02063558437,-0.2952180803,0,-0.1812269539,0.294749707,120.5936584
0.1940457672,0.3441966176,-0.01203624904,0.01805073582,1,-0.5898588896,0.02169562876,-1.131114006,0,0.09111949801,1.14722836,123.6953964
0.1940457672,0.3490402102,-0.01291808579,0.006727748085,1,1.820209384,0.01456501056,-2.208607435,0,-2.184334517,2.466842651,152.4894714
