PIVlab, ASCII chart output - 13-Mar-2024
FRAME: 20, filenames: A:[20]2 vortices tapados mismo sentido clase 4.mp4 & B:[21]2 vortices tapados mismo sentido clase 4.mp4, conversion factor xy (px -> m): 0.00030272, conversion factor uv (px/frame -> m/s): 0.0090842
x [m],y [m],u [m/s],v [m/s],Vector type [-],vorticity [1/s],magnitude [m/s],divergence [1/s],dcev [1],simple shear [1/s],simple strain [1/s],vector direction [degrees]
0.1262357086,0.237637952,0.01146791968,-0.01017928217,1,-1.482682228,0.01533398032,0.670006156,0,0.6898696423,-0.8495768309,-41.5932579
0.1262357086,0.2424815297,0.009547894821,-0.00649917312,1,-0.4508779049,0.01154995803,0.6276502609,0,-0.05118660629,-0.06129041314,-34.24279785
0.1262357086,0.2473251075,0.009036131203,-0.006842344534,1,-0.02074093558,0.01133443136,0.1533276141,0,-0.02563658915,0.5112156868,-37.13375473
0.1262357086,0.2521686852,0.009323261678,-0.008232631721,1,-0.05681601912,0.0124378223,-0.01086717844,0,0.2128431201,0.6158846021,-41.44516754
0.1262357086,0.257012248,0.009791859426,-0.00987806078,1,-0.3835320473,0.01390886772,-0.0981361866,0,0.4911724329,0.5346167088,-45.251091
0.1262357086,0.2618558407,0.0098446263,-0.01129741967,1,-0.575653255,0.01498493832,0.01312350482,0,0.5311101079,0.1887017787,-48.93094635
0.1262357086,0.2666994035,0.009576111101,-0.01072848774,1,-0.4329837859,0.01438062452,0.06366746873,0,0.04147136211,-0.03691279143,-48.24830627
0.1262357086,0.2715429962,0.007948305458,-0.01081025135,1,-0.4151170254,0.01341779064,0.1698344499,0,-0.1963803023,0.1837370545,-53.67458344
0.1262357086,0.276386559,0.006614276208,-0.01079582609,1,-0.2428454757,0.01266090479,0.3042808771,0,-0.2228394747,0.1767125726,-58.50546265
0.1262357086,0.2812301517,0.005692724138,-0.01019236445,1,-0.1510882527,0.01167439111,0.3692395985,0,-0.2725422084,0.3382179439,-60.81540298
0.1262357086,0.2860737145,0.004562389106,-0.01064557023,1,-0.1840605736,0.01158203557,0.429384023,0,-0.02479927987,0.7521572113,-66.80140686
0.1262357086,0.2909172773,0.004681098275,-0.01175573654,1,-0.07882265747,0.01265345886,0.3159140646,0,0.2170477659,0.6403957605,-68.28770447
0.1262357086,0.29576087,0.005231893156,-0.01221722271,1,-0.07957205176,0.01329034381,0.07293815166,0,0.04633551463,0.2021815777,-66.81749725
0.1262357086,0.3006044328,0.004520114511,-0.01238173712,1,-0.04824818671,0.01318100281,0.1284817755,0,-0.1912018061,-0.02156518027,-69.94473267
0.1262357086,0.3054480255,0.004072098527,-0.01149045862,1,0.2849860787,0.01219067723,0.119229719,0,-0.6912784576,-0.09451514482,-70.48619843
0.1262357086,0.3102915883,0.00255220593,-0.01134644728,1,0.391756475,0.0116299456,-0.1655155867,0,-1.124372482,0.4497594833,-77.32319641
0.1262357086,0.315135181,0.0005236161523,-0.01447059121,1,-0.3564551473,0.01448006183,-0.2757340074,0,-0.4036165476,0.9412240386,-87.92765808
0.1262357086,0.3199787438,-0.00112926052,-0.01724087819,1,-1.182257414,0.0172778219,-0.422611773,0,0.4614326358,1.107537031,-93.74745941
0.1262357086,0.3248223364,-0.002967754379,-0.02188198641,1,-2.20531106,0.02208232135,-0.08818343282,0,0.9765495658,0.2548108101,-97.72363281
0.1262357086,0.3296658993,-0.007080862299,-0.01890219748,1,-1.995161414,0.02018493786,0.8226478696,0,0.5542572737,-0.3872300982,-110.5362091
0.1262357086,0.3345094621,-0.009946864098,-0.01602186635,1,-1.403629661,0.01885842718,0.929933548,0,0.7339657545,-0.5264801979,-121.8332825
0.1262357086,0.3393530548,-0.01032443158,-0.011847944,1,-0.255856216,0.01571520418,0.7974351645,0,0.6467545033,-1.282453299,-131.0692596
0.1262357086,0.3441966176,-0.0080535179,-0.005947764497,1,0.7857490778,0.01001174562,-0.3991217017,0,0.7962846756,-2.263923168,-143.5530243
0.1262357086,0.3490402102,-0.002661727834,-0.002815633081,1,1.226614118,0.00387460785,-2.037791014,0,0.9997457266,-3.331100464,-133.3905182
0.1310792714,0.237637952,0.01103303861,-0.004917836282,1,-0.6913322806,0.01207944751,-0.2219973654,0,0.6444478631,0.03127484024,-24.02431297
0.1310792714,0.2424815297,0.01091949455,-0.005531208124,1,-0.104473263,0.01224049088,0.04767170548,2.987481356,0.02446444705,0.4474515021,-26.86423683
0.1310792714,0.2473251075,0.0106455097,-0.006854200736,1,-0.05286174268,0.01266123727,0.1796469837,0,0.02581296116,0.6025509238,-32.77580261
0.1310792714,0.2521686852,0.01078848168,-0.007579576224,1,-0.09232491255,0.01318488922,0.2389595062,0,0.1343208253,0.4259119034,-35.09041977
0.1310792714,0.257012248,0.01084891986,-0.007759717759,1,-0.2604423761,0.01333837677,0.1138789654,5.488027096,0.1664873064,0.3280810714,-35.57434464
0.1310792714,0.2618558407,0.01033340301,-0.008617080748,1,-0.3417664766,0.01345486194,-0.0384619385,10.88567543,0.09236101806,0.3372403383,-39.82490921
0.1310792714,0.2666994035,0.009640905075,-0.009579461068,1,-0.218821913,0.01359092072,-0.1460708529,4.365159035,-0.09681764245,0.1973608285,-44.8168335
0.1310792714,0.2715429962,0.008804578334,-0.01028051879,1,-0.2016545981,0.01353549678,-0.06315318495,1.910111308,-0.1827240437,0.1779733002,-49.42214584
0.1310792714,0.276386559,0.007779137231,-0.0107473759,1,-0.1506091952,0.01326729357,0.08359567076,0,-0.1381332874,0.1261222064,-54.10232925
0.1310792714,0.2812301517,0.007406031713,-0.01048649941,1,0.04364256188,0.01283806749,0.1755138934,0,-0.1170002222,0.07486480474,-54.76856613
0.1310792714,0.2860737145,0.007423823699,-0.01025987417,1,-0.009915519506,0.0126640508,0.1447424591,0,-0.07451820374,0.2588534355,-54.11131287
0.1310792714,0.2909172773,0.006997071672,-0.01103920303,1,-0.2248048186,0.01306992769,-0.00715020299,6.855307102,-0.09017945081,0.3340083361,-57.63190842
0.1310792714,0.29576087,0.005898172967,-0.01191230211,1,-0.315466702,0.01329253148,-0.1068196893,8.674328804,-0.1424651295,0.2418350875,-63.65847397
0.1310792714,0.3006044328,0.004779043142,-0.01272793952,1,-0.1679074615,0.0135955764,-0.1127120331,0,-0.1967446953,0.2883253694,-69.42002106
0.1310792714,0.3054480255,0.004131951835,-0.01385475788,1,0.120665729,0.01445777807,-0.1034028679,0,-0.4382947087,0.3694378138,-73.3936615
0.1310792714,0.3102915883,0.003240582533,-0.01501818001,1,0.3421664536,0.01536382455,0.2449020743,0,-0.7543957233,0.3956270218,-77.82355499
0.1310792714,0.315135181,0.002135287505,-0.01458480582,1,0.03792381287,0.01474028546,0.5669509768,0,-0.5976554155,0.2040044516,-81.67079163
0.1310792714,0.3199787438,0.0005294788862,-0.01326022018,1,-0.5284141302,0.01327078696,0.2577720284,4.413041592,-0.4418411255,0.1734148115,-87.71339417
0.1310792714,0.3248223364,-0.002564219292,-0.01417621505,1,-1.249434352,0.01440625917,0.08094352484,41.38687897,-0.1040804982,-0.02892520092,-100.2528992
0.1310792714,0.3296658993,-0.006026375573,-0.01272806246,1,-0.9757125378,0.01408264134,0.4678198695,26.07817841,-0.346778661,-0.2199254483,-115.3362122
0.1310792714,0.3345094621,-0.00896978844,-0.01084507722,1,-0.8936572075,0.01407383475,0.3719732165,25.89786339,-0.2362233698,-0.2610390782,-129.5936127
0.1310792714,0.3393530548,-0.01149903983,-0.009662018158,1,-0.6765315533,0.0150194047,0.2627760172,13.80117798,-0.4658145905,-0.7535858154,-139.9615021
0.1310792714,0.3441966176,-0.0145028308,-0.005922249518,1,-0.2784784436,0.01566541195,-0.09038025141,0,-0.5814168453,-1.39044404,-157.7872925
0.1310792714,0.3490402102,-0.01566400938,-0.003365058685,1,-0.3133512139,0.01602138579,-0.9471630454,0,-0.1661187559,-2.003069878,-167.8755646
0.1359228492,0.237637952,0.01054414175,-0.003709337208,1,0.1341538727,0.01117757149,-0.4589642286,0,0.4447228014,0.4351339936,-19.38142776
0.1359228492,0.2424815297,0.01194605883,-0.005874654278,1,0.2554422319,0.01331239566,-0.05149179697,4.239331722,0.2154121697,0.5166710615,-26.18634796
0.1359228492,0.2473251075,0.01282476168,-0.00646127807,1,0.01213853434,0.014360453,0.2015057206,0,0.1112318933,0.4616858959,-26.73954773
0.1359228492,0.2521686852,0.01254361309,-0.007134857122,1,-0.08759286255,0.01443081442,0.1041810066,0,-0.09661789984,0.3826777935,-29.63138962
0.1359228492,0.257012248,0.01193252392,-0.007810196839,1,-0.01219175011,0.01426128671,-0.04141165316,0,-0.2462603152,0.3838598132,-33.20595932
0.1359228492,0.2618558407,0.01129178051,-0.009194692597,1,-0.01748709381,0.01456182264,-0.136523515,0,-0.417725563,0.3439796865,-39.15530396
0.1359228492,0.2666994035,0.009824537672,-0.01013755146,1,-0.1222789586,0.01411706395,-0.2273979783,0,-0.453191489,0.08721806854,-45.89834595
0.1359228492,0.2715429962,0.008504444733,-0.01071855985,1,-0.1295371354,0.01368258335,-0.2248245478,0,-0.3235325217,-0.1013937518,-51.57040405
0.1359228492,0.276386559,0.007630059496,-0.01073539816,1,-0.1490504146,0.01317067165,-0.1514551193,0,-0.181076169,-0.09945033491,-54.59713364
0.1359228492,0.2812301517,0.006905450951,-0.01097044908,1,-0.05294320732,0.0129628703,-0.1250391304,0,-0.1768095195,-0.07898232341,-57.81125259
0.1359228492,0.2860737145,0.006517234258,-0.01095847785,1,-0.02186896652,0.01275000349,-0.1079539955,0,-0.1105113402,-0.08044943213,-59.25917053
0.1359228492,0.2909172773,0.006264258642,-0.01110366918,1,-0.1378391087,0.01274881978,-0.1074540317,2.864941835,0.00748410821,-0.02057620883,-60.56999588
0.1359228492,0.29576087,0.005885849707,-0.01137927733,1,-0.2846739888,0.01281136833,-0.1079531386,8.114832878,0.1001928598,0.1847526133,-62.65005875
0.1359228492,0.3006044328,0.005370710045,-0.01252141222,1,-0.2083834112,0.01362462062,-0.1058803797,4.965659618,0.09995274991,0.4760335684,-66.78444672
0.1359228492,0.3054480255,0.005360657349,-0.01419782266,1,-0.02372368239,0.0151761258,-0.1196036637,0,0.08234635741,0.7343747616,-69.31502533
0.1359228492,0.3102915883,0.005654653534,-0.01665772311,1,0.04673078656,0.01759132743,0.154440999,0,-0.2744269967,0.846334815,-71.24964142
0.1359228492,0.315135181,0.004257793073,-0.01754906401,1,-0.02523690462,0.01805819757,0.4566833675,0,-0.9441767335,0.4905081093,-76.36229706
0.1359228492,0.3199787438,0.0009592233109,-0.01682155579,1,0.00447422266,0.01684888266,0.3318323791,0,-1.444234848,0.08105097711,-86.73633575
0.1359228492,0.3248223364,-0.002715799958,-0.01633438468,1,-0.0195851922,0.01655861363,0.08084407449,0,-1.392468452,-0.1185217053,-99.43979645
0.1359228492,0.3296658993,-0.005880168173,-0.01585591212,1,0.03158223629,0.0169111304,0.1874248385,0,-1.413570523,-0.5345324278,-110.3473053
0.1359228492,0.3345094621,-0.009409546852,-0.01283753943,1,-0.1626300216,0.01591672003,0.2024083138,0,-1.245737076,-0.8357892036,-126.2403336
0.1359228492,0.3393530548,-0.01270170324,-0.01082732156,1,-0.328359127,0.01669024117,0.2188234031,0,-0.8724985123,-0.9006943703,-139.554718
0.1359228492,0.3441966176,-0.0152259944,-0.00741506787,1,-0.2163556367,0.01693558879,0.6502661109,0,-0.6610298157,-1.151050925,-154.0338898
0.1359228492,0.3490402102,-0.01695138775,-0.002102502389,1,-0.3857027888,0.01708127744,0.8628183603,0,-0.3267408609,-1.330828309,-172.9296417
0.1407664269,0.237637952,0.01091761515,-0.00341357151,1,0.5035204291,0.01143882796,-0.3777650595,0,0.4276141822,0.5767051578,-17.36271286
0.1407664269,0.2424815297,0.0131726265,-0.005725096911,1,0.2353859097,0.01436296664,0.1854856312,0,0.3716270924,0.7967410088,-23.49076653
0.1407664269,0.2473251075,0.01385772973,-0.006374234334,1,-0.06305160373,0.01525344327,0.08897973597,0,0.05768238008,0.4808786511,-24.701334
0.1407664269,0.2521686852,0.01314662024,-0.007623289712,1,-0.03221060336,0.01519697905,-0.03380618989,0,-0.2465374023,0.4863086343,-30.1080265
0.1407664269,0.257012248,0.01250759419,-0.008893446997,1,0.09114192426,0.01534709428,-0.08574528992,0,-0.4644996524,0.519670248,-35.41449356
0.1407664269,0.2618558407,0.01133823302,-0.01055566687,1,-0.07710298896,0.01549121179,-0.1788520217,0,-0.6549305916,0.2936942577,-42.95291519
0.1407664269,0.2666994035,0.008961932734,-0.01118226163,1,-0.1548389792,0.01433036011,-0.248083055,0,-0.6944749951,-0.1108944342,-51.28985596
0.1407664269,0.2715429962,0.007224514615,-0.01122015063,1,-0.08717834949,0.01334486436,-0.2212146819,0,-0.4079258144,-0.2789749801,-57.22302246
0.1407664269,0.276386559,0.006563857198,-0.01090249512,1,-0.02261418477,0.01272590365,-0.2301493138,0,-0.1439314485,-0.2577518523,-58.94991684
0.1407664269,0.2812301517,0.006417837925,-0.01108645555,1,-0.03683241457,0.01281007938,-0.1423484534,0,0.02597677149,-0.1863809377,-59.93387985
0.1407664269,0.2860737145,0.006511277054,-0.01068922039,1,-0.1153308377,0.01251623593,-0.02574276924,1.160307884,0.1068885699,-0.1808221638,-58.65255737
0.1407664269,0.2909172773,0.006376947276,-0.01033531874,1,-0.1993152648,0.0121443104,0.01544862986,4.359416008,0.1495339125,-0.1169020385,-58.3251915
0.1407664269,0.29576087,0.006270157173,-0.01004816964,1,-0.2493149489,0.01184401009,-0.02670777589,0,0.2895665169,0.158934027,-58.03542709
0.1407664269,0.3006044328,0.006571908947,-0.01123448927,1,-0.2445408404,0.0130155189,-0.06394326687,0,0.4178602993,0.6158909202,-59.67338181
0.1407664269,0.3054480255,0.007109643426,-0.01334099937,1,-0.1058705896,0.01511718519,-0.08751773834,0,0.4188642502,1.01481688,-61.94609451
0.1407664269,0.3102915883,0.008087918162,-0.01657373272,1,-0.2364846468,0.01844188198,-0.03538823128,5.781587601,0.1566758156,1.140346527,-63.9878006
0.1407664269,0.315135181,0.00672308309,-0.01903576218,1,-0.4295938909,0.0201881174,0.1340187192,0,-0.7180302143,0.8986235261,-70.54771423
0.1407664269,0.3199787438,0.00252931146,-0.02027715556,1,-0.186983645,0.02043429576,0.1469198763,0,-1.768140793,0.5165060759,-82.88982391
0.1407664269,0.3248223364,-0.002746713813,-0.02082588151,1,0.07298672199,0.02100623213,0.07493194938,0,-2.186492443,-0.03849318251,-97.51333618
0.1407664269,0.3296658993,-0.007707618177,-0.0197277721,1,-0.07647943497,0.02118000016,0.1158618331,0,-1.841716766,-0.8616605997,-111.340538
0.1407664269,0.3345094621,-0.01203761809,-0.01609119028,1,-0.1197766066,0.02009553835,0.1560562849,0,-1.344867349,-1.377969384,-126.7996979
0.1407664269,0.3393530548,-0.01480173506,-0.01229759958,1,-0.3230088651,0.01924376003,0.2661638856,0,-0.6867412329,-1.388630867,-140.2794647
0.1407664269,0.3441966176,-0.01692842133,-0.008076063357,1,-0.3298983872,0.01875617914,0.6585795879,0,-0.3161358535,-1.244585395,-154.4955292
0.1407664269,0.3490402102,-0.01793085225,-0.003079471877,1,-0.1763741672,0.01819336601,1.176704526,0,-0.2375462353,-0.8864711523,-170.2550049
0.1456100047,0.237637952,0.01150772348,-0.004076994956,1,1.167315364,0.01220858656,-0.1479722559,0,0.9781342745,0.3218311369,-19.50839043
0.1456100047,0.2424815297,0.01670354977,-0.005214759614,1,0.1840568781,0.01749863662,0.6430526972,0,0.6577157974,1.014575243,-17.33808708
0.1456100047,0.2473251075,0.01558491495,-0.00587649364,1,-0.3598809838,0.01665601321,-0.06150183082,11.70957947,-0.04647275805,0.5492463112,-20.6595993
0.1456100047,0.2521686852,0.01473534387,-0.008172965609,1,-0.1102904528,0.01685015485,-0.1253256798,0,-0.2098539323,0.8295477033,-29.01496124
0.1456100047,0.257012248,0.0140342731,-0.01050148997,1,0.118373543,0.01752832346,-0.02417707443,0,-0.7144857645,0.7645952106,-36.80657578
0.1456100047,0.2618558407,0.01184802782,-0.01199344546,1,-0.1059538126,0.01685878076,-0.1491105556,0,-1.122161269,0.3153870702,-45.3494606
0.1456100047,0.2666994035,0.008085802197,-0.01275132038,1,-0.04535341263,0.01509888656,-0.2206375152,0,-1.145148993,-0.1631015986,-57.62060928
0.1456100047,0.2715429962,0.006081737112,-0.01227212511,1,0.02811458707,0.01369644422,-0.1989962608,0,-0.6101078987,-0.4938842058,-63.6382103
0.1456100047,0.276386559,0.005266872235,-0.01132300775,1,-0.03346131369,0.0124880122,-0.2212736011,0,-0.1252049655,-0.5528254509,-65.05461121
0.1456100047,0.2812301517,0.005313224625,-0.0106662279,1,-0.1541880816,0.01191632356,-0.1183595955,0,0.2057715803,-0.4158394635,-63.52048492
0.1456100047,0.2860737145,0.005516720936,-0.009882140905,1,-0.2124226987,0.01131772622,-0.04822051525,0,0.3073190749,-0.3067567945,-60.82749176
0.1456100047,0.2909172773,0.005772861186,-0.009413991123,1,-0.1535643339,0.01104305871,0.02509694546,0,0.362000525,-0.2046873271,-58.48248291
0.1456100047,0.29576087,0.00652629789,-0.008769162931,1,-0.05955480039,0.01093118358,0.07524926215,0,0.5284747481,0.05440304428,-53.34217072
0.1456100047,0.3006044328,0.008044111542,-0.009313020855,1,-0.03137686849,0.01230609976,0.01185372472,0,0.7180191278,0.6079142094,-49.18122101
0.1456100047,0.3054480255,0.009852102958,-0.01165622845,1,-0.1202680767,0.01526209712,-0.02066916227,0,0.7319014072,1.10255003,-49.79476166
0.1456100047,0.3102915883,0.01100660488,-0.01475341991,1,-0.5726742744,0.01840675808,-0.07155871391,11.54130268,0.4503211975,1.43350637,-53.27568054
0.1456100047,0.315135181,0.009259476326,-0.01894612797,1,-0.7885062099,0.02108776011,-0.1368604898,15.46625328,-0.6224398017,1.871281624,-63.95401001
0.1456100047,0.3199787438,0.004172578454,-0.02448001318,1,-0.06619238853,0.02483307198,-0.06743746996,0,-2.369771957,1.652824163,-80.32698822
0.1456100047,0.3248223364,-0.002539305948,-0.0272783488,1,0.04164195061,0.02739628404,0.5061104298,0,-2.862920284,0.4908249676,-95.31826019
0.1456100047,0.3296658993,-0.009492502548,-0.02440597676,1,-0.7547156215,0.02618700638,0.8642402887,0,-1.885628223,-0.892108798,-111.2531357
0.1456100047,0.3345094621,-0.01532797795,-0.01877136156,1,-0.7060314417,0.02423449792,0.5224528909,0,-1.079003692,-1.91724968,-129.2337646
0.1456100047,0.3393530548,-0.01813845895,-0.01258908771,1,-0.4777680039,0.02207914926,0.3195721507,11.46844578,-0.08718238771,-2.038798809,-145.2372284
0.1456100047,0.3441966176,-0.0180643592,-0.007348407991,1,-0.2002747357,0.01950179972,0.6942750216,0,0.7355896235,-1.409602284,-157.8639832
0.1456100047,0.3490402102,-0.01554561965,-0.002398794051,1,0.08006256819,0.01572960615,1.503921747,0,0.9599669576,-0.5398561954,-171.2280579
0.1504535824,0.237637952,0.01175971422,-0.00432988489,1,1.794268489,0.01253151149,-0.3844453096,0,2.104404211,-0.7556550503,-20.21352577
0.1504535824,0.2424815297,0.02120147645,-0.003430893179,1,0.05202493072,0.02147728205,0.5383399129,0,0.8688735962,0.6470059752,-9.192109108
0.1504535824,0.2473251075,0.01622015797,-0.004856217187,1,-0.7543827295,0.01693152077,-0.0988406539,23.96382523,-0.204392463,0.8662806153,-16.66738319
0.1504535824,0.2521686852,0.01655757427,-0.008105533198,1,-0.1640433222,0.01843510009,-0.3489876091,0,0.1379693598,1.317396641,-26.08342552
0.1504535824,0.257012248,0.0160938669,-0.01292746607,1,-0.159165442,0.02064296417,0.04956126213,0,-0.7521377802,1.571620822,-38.77331924
0.1504535824,0.2618558407,0.01214360632,-0.01547774673,1,-0.2932894826,0.01967302151,-0.1316082627,0,-1.562901258,0.6078742146,-51.88280869
0.1504535824,0.2666994035,0.007103262469,-0.01650920697,1,-0.180221796,0.01797248609,-0.1430131197,0,-1.528249264,-0.3838094473,-66.71969604
0.1504535824,0.2715429962,0.003868494416,-0.01431143098,1,-0.2256929725,0.01482505631,-0.04631835222,0,-0.6597711444,-1.112130642,-74.87397766
0.1504535824,0.276386559,0.002814448206,-0.01134686265,1,-0.186040014,0.01169069763,-0.05011856556,0.6253315806,0.1781757772,-1.075903177,-76.06963348
0.1504535824,0.2812301517,0.003830403322,-0.009342962876,1,-0.2068310231,0.01009767037,-0.02615693212,0,0.6150971055,-0.6816748381,-67.70748138
0.1504535824,0.2860737145,0.004791916814,-0.008171810769,1,-0.3131309748,0.009473171085,0.0497296378,0,0.6592984796,-0.2609554231,-59.61281204
0.1504535824,0.2909172773,0.005507087335,-0.007838140242,1,-0.2849269509,0.009579376318,0.1368671358,0,0.7197752595,-0.06377135217,-54.90807724
0.1504535824,0.29576087,0.006898138206,-0.00720000267,1,-0.005786329508,0.009971175343,0.181871444,0,0.8453962803,0.1336821616,-46.22660828
0.1504535824,0.3006044328,0.009573803283,-0.007604731712,1,0.1767487526,0.01222659647,0.05327135324,0,0.9487991333,0.4689656496,-38.4610672
0.1504535824,0.3054480255,0.01234981697,-0.009213450365,1,-0.02129971981,0.0154079739,0.008510947227,0,1.076473117,0.8372460008,-36.72439194
0.1504535824,0.3102915883,0.01468461752,-0.01161877438,1,-0.4736583233,0.01872522198,-0.2805200815,0,1.046389937,1.581317782,-38.35177994
0.1504535824,0.315135181,0.01512388699,-0.01823140681,1,-1.249416471,0.0236878898,-0.9263726473,25.73975945,0.3252312243,3.16480732,-50.32255173
0.1504535824,0.3199787438,0.01020825468,-0.03143472224,1,-1.080309868,0.03305072337,-0.07919418812,0,-1.612300277,3.361020565,-72.00907898
0.1504535824,0.3248223364,0.00208202051,-0.03489435464,1,-1.260146856,0.03495641425,1.764980435,0,-2.466614008,0.4788883924,-86.58541107
0.1504535824,0.3296658993,-0.007842601277,-0.02520543523,1,-3.399615288,0.0263973549,2.79437542,56.92260361,-0.9103204012,-0.7147448063,-107.2833862
0.1504535824,0.3345094621,-0.01879342459,-0.0178977102,1,-1.697021246,0.02595227957,-0.00471329689,28.87143517,-1.458981037,-3.060237169,-136.3984528
0.1504535824,0.3393530548,-0.02312894352,-0.01040576771,1,-0.427736342,0.02536194026,-0.2546676397,10.97757149,0.09745563567,-3.218298912,-155.7769012
0.1504535824,0.3441966176,-0.02039316483,-0.003543131519,1,0.2547035217,0.0206986703,-0.2501553297,0,1.782554626,-2.64263916,-170.1437531
0.1504535824,0.3490402102,-0.01326132566,0.001182413311,1,0.6580260396,0.01331393514,0.04362934828,0,2.286828995,-1.907626629,174.9048309
0.1552971601,0.237637952,0.005985558964,-0.002574828221,1,3.180483103,0.006515877321,-0.5324615836,0,3.615859032,-1.076083899,-23.27608871
0.1552971601,0.2424815297,0.02244486474,-0.001258289558,1,0.9572949409,0.02248010784,-0.03748027608,0,1.792017937,0.09418784082,-3.208720446
0.1552971601,0.2473251075,0.01930207014,-0.003212573007,1,-0.7793000937,0.01956758834,0.08886772394,25.26051331,0.1560094357,1.21445179,-9.449501991
0.1552971601,0.2521686852,0.0194259081,-0.00671014376,1,-0.2108348012,0.02055217698,-0.2337248325,0,0.7444337606,1.864112854,-19.05605888
0.1552971601,0.257012248,0.02188659459,-0.01337359753,1,-0.8440051079,0.02564909682,-0.0147755146,26.90671539,-0.2442501485,2.345621109,-31.42662239
0.1552971601,0.2618558407,0.01415485889,-0.01814290881,1,-1.77135551,0.02301141433,-0.2871599793,23.07748032,-1.604764342,0.9323926568,-52.03911591
0.1552971601,0.2666994035,0.005534096155,-0.0192805957,1,-1.684901595,0.02005910315,-0.1998633444,40.77819061,-1.140315652,-0.9778609276,-73.98496246
0.1552971601,0.2715429962,0.0004706993932,-0.01437461656,1,-0.9818564653,0.01438232046,0.03459572792,32.00426102,-0.1993361115,-1.972535372,-88.12450409
0.1552971601,0.276386559,-0.0001871019485,-0.009558900259,1,-0.456782341,0.00956073124,0.0513420701,0,0.7487332821,-1.536216021,-91.12133789
0.1552971601,0.2812301517,0.001884786645,-0.006685154978,1,-0.146394968,0.006945769768,0.1380412281,0,1.112774491,-0.7676523328,-74.25493622
0.1552971601,0.2860737145,0.004493632354,-0.005172103178,1,-0.2168154418,0.006851524115,0.1380863488,0,1.092641711,-0.3032245636,-49.01519775
0.1552971601,0.2909172773,0.006126906257,-0.004547637887,1,-0.3636957705,0.007630202454,0.1453823894,0,1.098911405,0.03684500977,-36.58430099
0.1552971601,0.29576087,0.008054706268,-0.004646393936,1,-0.1709721386,0.009298778139,0.1159477457,0,1.089033365,0.327753365,-29.97869492
0.1552971601,0.3006044328,0.01057360694,-0.005573534872,1,0.007427811623,0.01195263397,0.0553483963,0,1.209417582,0.4048187137,-27.79450798
0.1552971601,0.3054480255,0.01394859236,-0.006339080632,1,-0.04879033566,0.01532146055,0.1303511113,0,1.438984275,0.505572319,-24.43990707
0.1552971601,0.3102915883,0.01730711944,-0.007390948012,1,-0.4360120893,0.01881920546,0.04508388042,0,1.706336737,1.073274016,-23.12474442
0.1552971601,0.315135181,0.02010150813,-0.01131919958,1,-1.541982174,0.02306935005,-0.791476965,0,2.112065077,3.268704176,-29.38394928
0.1552971601,0.3199787438,0.02006836049,-0.02705674991,1,-4.349504471,0.03368689492,-0.4185597897,129.2710266,1.918973923,4.082816124,-53.43516541
0.1552971601,0.3248223364,0.00832904689,-0.03312196583,1,-5.613490105,0.03415314853,2.202730894,163.6324921,1.590015888,-0.8338398337,-75.88473511
0.1552971601,0.3296658993,0.0005803498789,-0.01234888379,1,-6.689312935,0.01236251369,2.725288868,199.1188507,-1.259866714,-0.4755718708,-87.30929565
0.1552971601,0.3345094621,-0.03017330356,-0.01761839539,1,-5.880049706,0.03494046628,-0.8268614411,187.7445679,-1.457582235,-1.302461147,-149.7190552
0.1552971601,0.3393530548,-0.03496004269,-0.01004527975,1,-1.835186243,0.03637460992,0.6802049875,30.25090027,1.442391753,-2.967977047,-163.9687347
0.1552971601,0.3441966176,-0.03207583353,5.185765258e-05,1,-0.02299427986,0.03207587451,0.4044662714,0,2.167278528,-2.803022146,179.9073639
0.1552971601,0.3490402102,-0.02457403578,0.005490439478,1,1.059086561,0.02517991513,0.7509473562,0,2.038530588,-1.494733691,167.4055786
0.1601407379,0.237637952,0.003968598787,-0.002221106784,1,3.387847424,0.004547866527,0.7909255028,0,3.841331482,-0.3789779246,-29.23444366
0.1601407379,0.2424815297,0.02147614397,0.0006121522165,1,1.522530556,0.02148486674,-0.2326835543,0,2.310233355,-0.6239509583,1.632706881
0.1601407379,0.2473251075,0.02253288776,-0.0003259725345,1,-0.4140481651,0.02253524587,0.1205969751,0,1.028953552,0.9651725292,-0.8288129568
0.1601407379,0.2521686852,0.02445448563,-0.003478615312,1,-0.5119062662,0.02470066026,-0.4134895802,0,1.513359904,1.588449717,-8.095928192
0.1601407379,0.257012248,0.02738349885,-0.01002250612,1,-2.433743715,0.02916001715,-0.9192773104,72.89871979,0.5372850895,1.391459703,-20.10289192
0.1601407379,0.2618558407,0.01526884083,-0.01467084978,1,-4.316786766,0.02117478102,-0.329719156,139.0595703,-1.047973871,0.4649324715,-43.85577393
0.1601407379,0.2666994035,0.001398863038,-0.01387146302,1,-4.437042236,0.01394181792,-0.2397726476,147.5045929,0.145399332,-1.096498132,-84.24149323
0.1601407379,0.2715429962,-0.005518066697,-0.01052123308,1,-2.459814787,0.01188046299,-0.2714473009,69.64367676,1.267200947,-1.998189449,-117.6756363
0.1601407379,0.276386559,-0.004377654288,-0.005507853813,1,-0.592756331,0.007035645656,-0.40889889,0,1.893220663,-1.911332846,-128.4777679
0.1601407379,0.2812301517,0.000780833012,-0.003244077787,1,-0.01352936029,0.003336725989,0.06412902474,0,1.741531253,-0.6953303814,-76.46662903
0.1601407379,0.2860737145,0.00399205694,-0.001829353045,1,-0.1196210384,0.004391247407,0.1050278842,0,1.277629495,-0.4090954959,-24.61953354
0.1601407379,0.2909172773,0.0063897199,-0.0007538889768,1,-0.2716128826,0.006434039678,0.09766350687,0,1.315300465,-0.05352325737,-6.728915691
0.1601407379,0.29576087,0.009047239088,-0.001097068191,1,-0.280842185,0.009113512002,-0.01692786813,0,1.398391843,0.1955001205,-6.913930416
0.1601407379,0.3006044328,0.01180265844,-0.00178280042,1,-0.2622600794,0.01193654537,0.009156346321,0,1.580030441,0.1970815212,-8.589634895
0.1601407379,0.3054480255,0.0154299615,-0.002007298404,1,-0.2310792208,0.01555997971,0.21016559,0,1.944443464,0.098541677,-7.412036896
0.1601407379,0.3102915883,0.02010147087,-0.001242141356,1,-0.1820572615,0.02013981342,0.3422108889,0,2.596092701,0.03777609766,-3.536013842
0.1601407379,0.315135181,0.02712252922,-0.0005327448598,1,-1.990287781,0.02712776139,0.8013561964,0,3.612001419,0.7664066553,-1.125267744
0.1601407379,0.3199787438,0.02795636654,-0.001072860556,1,-6.678190231,0.02797694691,0.8791749477,198.6007538,2.877243996,0.7699311376,-2.197718859
0.1601407379,0.3248223364,0.008712351322,-3.613964964e-06,1,-6.756895065,0.008712352253,0.4500339031,218.0322266,1.615594149,0.002973854542,-0.02376682311
0.1601407379,0.3296658993,0.003054077504,0.001092509599,1,-6.474684715,0.003243603976,-0.4105450213,210.6077728,-1.333475351,-1.138618588,19.68322945
0.1601407379,0.3345094621,-0.02910696343,0.003522855928,1,-7.678465843,0.02931937575,0.5965054035,255,-0.01502513885,-0.3071503043,173.0989685
0.1601407379,0.3393530548,-0.03420994431,0.005469436292,1,-3.249610901,0.03464441001,0.4086465836,61.14962006,2.650096893,-0.3227897882,170.9165039
0.1601407379,0.3441966176,-0.03201075643,0.00706562493,1,0.3381259441,0.0327812694,0.7196398973,0,3.243117809,0.6252902746,167.5528717
0.1601407379,0.3490402102,-0.01686391234,0.005926426034,1,2.369963169,0.01787495613,0.2884573638,0,3.884420872,0.7588515282,160.6371765
0.1649843156,0.237637952,0.007980858907,-0.0003783441498,1,1.701727509,0.007989821956,1.29584074,0,2.557450056,0.08378076553,-2.714157343
0.1649843156,0.2424815297,0.01829568855,0.002557009226,1,1.416316867,0.01847350784,0.006964713335,0,2.006818295,-0.8508850336,7.956134796
0.1649843156,0.2473251075,0.02456107922,0.003776717698,1,-0.1355278492,0.02484975383,0.06948757172,0,1.543831825,-0.04249186069,8.741809845
0.1649843156,0.2521686852,0.02511691861,0.003099390306,1,-1.421960473,0.02530742623,-0.5090073347,0,1.341971517,0.0608009845,7.034651756
0.1649843156,0.257012248,0.02417364717,0.001016811002,1,-3.264386415,0.02419502288,-1.512596965,88.61403656,1.136384249,-0.3957471251,2.408600569
0.1649843156,0.2618558407,0.01480977517,-0.002310158918,1,-6.164878368,0.01498887129,0.1238590181,202.7002258,0.9803054333,-0.2680014372,-8.866049767
0.1649843156,0.2666994035,-0.0009382353164,0.002914817538,1,-5.998189926,0.003062098287,0.5058367252,197.4398956,0.7681221962,-0.7303637266,107.8425751
0.1649843156,0.2715429962,-0.01052246243,0.003677473869,1,-3.858978033,0.01114657056,-0.2319725454,115.2410965,1.69382453,-0.1426386535,160.7360992
0.1649843156,0.276386559,-0.01142532472,0.00248212181,1,-0.8370822668,0.01169183385,-0.6610465646,0,2.767468691,-0.2766496539,167.743103
0.1649843156,0.2812301517,-0.001172486227,0.001815617434,1,0.4911338091,0.002161293756,-0.3956155181,0,2.491409779,-0.2125827521,122.8534927
0.1649843156,0.2860737145,0.003020857228,0.001595588285,1,0.1115506291,0.003416355001,0.03502464294,0,1.439619303,-0.2381384373,27.84259224
0.1649843156,0.2909172773,0.006340702996,0.003138700034,1,-0.09939295053,0.007075023372,0.2484816909,0,1.317248344,-0.1420392096,26.33578873
0.1649843156,0.29576087,0.008919634856,0.003487106645,1,-0.3285617232,0.009577045217,0.0283715222,0,1.408720493,-0.01519996487,21.35287666
0.1649843156,0.3006044328,0.01157253608,0.003349741921,1,-0.3474674225,0.01204758696,-0.0593528375,0,1.694447875,-0.2061710656,16.14341164
0.1649843156,0.3054480255,0.01544384006,0.0041982322,1,-0.458907187,0.01600429043,0.07221364975,0,2.022850037,-0.4884245992,15.20771885
0.1649843156,0.3102915883,0.01914761588,0.00606523687,1,-0.2485183477,0.02008527517,0.9662453532,0,2.777898312,-1.432331324,17.57622337
0.1649843156,0.315135181,0.02769508958,0.01581592485,1,-1.505779028,0.03189296648,1.126054168,0,3.344980955,-1.591049433,29.72953224
0.1649843156,0.3199787438,0.02805593424,0.01922573894,1,-4.731628418,0.03401124105,-0.9410067797,149.3239136,1.186343074,0.7901701927,34.42146301
0.1649843156,0.3248223364,0.01052322518,0.007430835161,1,-6.529273987,0.01288237516,-0.5440665483,215.5059967,-0.6924698353,0.8335875273,35.22731781
0.1649843156,0.3296658993,-0.006923144218,0.0125529645,1,-7.41586113,0.01433550939,-0.3205133677,245.7006989,-0.6969714165,-2.812324524,118.8773804
0.1649843156,0.3345094621,-0.02877178974,0.01950007863,1,-5.49805212,0.03475728631,0.9001597166,180.5429993,-0.204559803,-0.3339381218,145.8725433
0.1649843156,0.3393530548,-0.03454418853,0.01853041351,1,-1.627737164,0.03920047358,-0.1540738642,0,2.290518045,0.9561936855,151.7897339
0.1649843156,0.3441966176,-0.02556155995,0.01412241161,1,0.8283661604,0.02920335345,0.5649838448,0,2.277369976,1.742745876,151.0799561
0.1649843156,0.3490402102,-0.01950131357,0.01282583177,1,1.435742855,0.02334102057,0.9260464907,0,1.066633701,1.4614259,146.66745
0.1698278934,0.237637952,0.01065090299,0.001923652249,1,1.182908177,0.01082322374,0.4065297842,0,1.599187255,-0.232931152,10.23778629
0.1698278934,0.2424815297,0.01738855056,0.003472291632,1,0.8728978634,0.01773185097,0.1571634412,0,1.607239962,-1.057741165,11.29276371
0.1698278934,0.2473251075,0.02266364358,0.007808136754,1,-0.1831582189,0.02397097647,0.03462183475,0,1.193777561,-1.294233084,19.00998688
0.1698278934,0.2521686852,0.02228356339,0.009908704087,1,-1.590823054,0.02438728325,-0.2946164906,47.25344849,0.6569339037,-1.014092445,23.97300339
0.1698278934,0.257012248,0.01814028621,0.01129296888,1,-2.388439655,0.0213682279,0.1732572913,74.78882599,0.7960450053,-1.89725709,31.90372467
0.1698278934,0.2618558407,0.01457067579,0.01993740164,1,-4.393670082,0.02469422109,0.6978007555,142.5339966,0.7127264738,-0.8730891943,53.83987427
0.1698278934,0.2666994035,0.0003113489656,0.01890169643,1,-4.176620483,0.01890426129,0.04261222482,138.6412048,-0.3454916477,0.7782673836,89.05630493
0.1698278934,0.2715429962,-0.007332525216,0.01637419872,1,-2.666927338,0.01794102229,0.1875948906,84.91214752,0.7611444592,1.622614384,114.1232986
0.1698278934,0.276386559,-0.008919458836,0.01195106842,1,-0.8595819473,0.01491257176,-0.08279645443,0,1.926459074,1.967296362,126.7351456
0.1698278934,0.2812301517,-0.002165022772,0.006444414612,1,0.3675387502,0.006798367482,-0.5228375793,0,2.095045567,0.9941851497,108.5699539
0.1698278934,0.2860737145,0.00300825946,0.004603250884,1,0.2608703375,0.005499049556,0.1076598465,0,1.61178112,0.1771728992,56.83507919
0.1698278934,0.2909172773,0.006905282382,0.006107723806,1,-0.006251037121,0.009218851104,0.3080273271,0,1.266223907,-0.2523729801,41.49276733
0.1698278934,0.29576087,0.009111036547,0.007317593321,1,-0.3248399794,0.01168581005,0.125674054,0,1.070423245,-0.2871719003,38.76993179
0.1698278934,0.3006044328,0.01051657274,0.008107375354,1,-0.3320572972,0.01327884942,0.05157786608,0,1.220444918,-0.5049720407,37.62913895
0.1698278934,0.3054480255,0.01341401134,0.01001328602,1,-0.1346979737,0.01673922315,0.178077817,0,1.647500038,-0.9180475473,36.74059296
0.1698278934,0.3102915883,0.01784394681,0.0134165436,1,0.1540597677,0.02232510038,0.9054509401,0,2.211191654,-1.767986655,36.9388504
0.1698278934,0.315135181,0.02487028949,0.02296228893,1,0.6446956992,0.03384963796,0.2426389456,0,1.292267323,-2.683864594,42.71572876
0.1698278934,0.3199787438,0.02722577751,0.02759129182,1,-1.924998522,0.03876238316,-1.073961735,37.90108109,-1.121431589,-2.169250011,45.38203812
0.1698278934,0.3248223364,0.01011466887,0.0282674022,1,-6.286834717,0.03002253361,-0.03894925117,200.2793427,-1.836467266,-1.286927223,70.31172943
0.1698278934,0.3296658993,-0.01212006621,0.03363597021,1,-5.855835915,0.03575296327,0.004244819283,186.9044647,-1.675622702,-0.1805147976,109.8156433
0.1698278934,0.3345094621,-0.0263644252,0.02916229703,1,-2.835669994,0.03931313381,0.3984523416,88.32358551,-0.9228633642,2.295430422,132.1154327
0.1698278934,0.3393530548,-0.03032481484,0.0244478099,1,0.01260733604,0.03895240277,0.04799330235,0,1.129386783,3.161045074,141.1243134
0.1698278934,0.3441966176,-0.02083308809,0.01408398803,1,2.369004726,0.02514709346,-0.8134942055,0,2.797591686,3.379520416,145.9397736
0.1698278934,0.3490402102,-0.005300004035,0.004138616845,1,4.325716496,0.006724447478,0.3150894642,0,2.088152409,4.42169857,142.0147705
0.1746714562,0.237637952,0.008821696043,0.001637933194,1,0.7851339579,0.008972465992,0.935367763,0,1.32569468,-0.9128171206,10.51838684
0.1746714562,0.2424815297,0.01393367723,0.006113846786,1,0.4262535572,0.01521599479,0.4337527454,0,1.563673496,-1.384752154,23.69099998
0.1746714562,0.2473251075,0.01846006326,0.01044600271,1,0.08434727788,0.02121067792,0.07756274939,0,0.9158262014,-1.54782939,29.50423431
0.1746714562,0.2521686852,0.01877809502,0.01398655958,1,-0.8522336483,0.02341454104,-0.04637163877,26.42629242,0.3078561127,-1.284112215,36.67998505
0.1746714562,0.257012248,0.01582333259,0.01644108631,1,-1.236917257,0.02281857096,0.4418959022,37.62709427,0.2423339784,-1.299889565,46.09688568
0.1746714562,0.2618558407,0.01396075357,0.02242303267,1,-1.231850028,0.02641391754,0.1044018269,0,-1.407847524,-0.9341021776,58.09328842
0.1746714562,0.2666994035,0.003037752584,0.0214711614,1,-1.737880707,0.02168498747,0.4806683064,23.99894714,-1.506692052,0.9227901697,81.94720459
0.1746714562,0.2715429962,-0.001754586934,0.02028158121,1,-0.8363986015,0.02035733499,0.5909805894,17.62648201,-0.2651361227,1.725401163,94.94441986
0.1746714562,0.276386559,-0.002297616564,0.01597650722,1,-0.06420844793,0.01614087448,0.1255655289,0,0.6557352543,2.210525036,98.18371582
0.1746714562,0.2812301517,0.00111051905,0.01018291805,1,0.05879330635,0.01024329383,-0.1805199981,0,1.324085593,1.437640905,83.7760849
0.1746714562,0.2860737145,0.004400464706,0.008138819598,1,-0.1069884896,0.009252268821,0.1843929887,0,1.242464542,0.3662624359,61.60097122
0.1746714562,0.2909172773,0.006610268727,0.009302021936,1,-0.1849437654,0.01141154021,0.1389918327,0,0.9564692974,-0.2958814204,54.60137177
0.1746714562,0.29576087,0.008137408644,0.01024516206,1,-0.1741731167,0.01308360603,-0.05048510432,0,0.7452841997,-0.3740834892,51.54099655
0.1746714562,0.3006044328,0.009376489557,0.01086939592,1,-0.02530956268,0.01435487065,0.06561183929,0,0.7938191891,-0.4681406021,49.21728516
0.1746714562,0.3054480255,0.01185974479,0.01283043344,1,0.2024385929,0.01747207902,0.212844342,0,0.9523636103,-0.852422595,47.25140762
0.1746714562,0.3102915883,0.01496986393,0.016029099,1,0.1491661072,0.02193237096,-0.07511502504,0,0.678960681,-1.339066982,46.95703888
0.1746714562,0.315135181,0.01587084122,0.01895248331,1,0.120377332,0.02472003736,-0.8019191623,0,-0.6618477106,-2.265459776,50.05713272
0.1746714562,0.3199787438,0.0123472102,0.02311787196,1,-0.7655719519,0.02620857954,-1.036783576,0,-1.664365649,-3.108397007,61.89341354
0.1746714562,0.3248223364,0.004101249389,0.0289865043,1,-1.908955932,0.02927520685,0.2177079916,0,-2.24585104,-1.781279445,81.94677734
0.1746714562,0.3296658993,-0.007776920218,0.0328001231,1,-1.238491774,0.03370947391,0.9607285857,0,-2.854575634,1.006482601,103.3385391
0.1746714562,0.3345094621,-0.0157237798,0.02876489237,1,-0.486623168,0.03278195113,1.054730535,0,-1.830685496,2.88406229,118.6623764
0.1746714562,0.3393530548,-0.01900098473,0.02393961325,1,0.7210947275,0.03056374565,0.7401878834,0,-0.186170131,3.334673166,128.4391937
0.1746714562,0.3441966176,-0.01313283108,0.01619830169,1,1.947832346,0.02085320652,-1.445819616,0,2.685651302,3.086280823,129.0335388
0.1746714562,0.3490402102,0.003441653447,0.001988032134,1,1.995146751,0.003974575549,-3.246026993,0,4.848733902,2.621629715,30.01239014
0.179515034,0.237637952,0.0107601285,0.004541896284,1,0.01350298524,0.01167943422,0.9263680577,0,0.8214954734,-0.9068095088,22.88481522
0.179515034,0.2424815297,0.01278231852,0.008981465362,1,0.1259075701,0.01562224049,0.4718579948,0,0.8614153862,-1.033964157,35.09370422
0.179515034,0.2473251075,0.01554230414,0.01183546335,1,0.1394990683,0.01953564398,0.1013453007,0,0.4916362166,-1.25017941,37.28926849
0.179515034,0.2521686852,0.01583927125,0.01552768052,1,-0.2576257885,0.02218087949,0.003688931465,8.311797142,-0.06399032474,-1.363559246,44.43085861
0.179515034,0.257012248,0.01398453396,0.01845782623,1,-0.6001746655,0.02315725759,-0.02832341194,11.43752289,-0.4914373159,-0.7627525926,52.85068893
0.179515034,0.2618558407,0.01055196393,0.01908494532,1,-0.1620246768,0.02180777676,-0.1369426996,0,-1.257470608,-0.459771812,61.06202698
0.179515034,0.2666994035,0.007109098602,0.02002147399,1,-0.248593986,0.02124614641,0.5857739449,0,-1.127440691,0.5741702318,70.4513855
0.179515034,0.2715429962,0.003887032857,0.01914114878,1,-0.07992818952,0.01953183487,0.2551787496,0,-0.8932240009,1.201443672,78.5209198
0.179515034,0.276386559,0.002395560266,0.01543816645,1,0.1057044044,0.01562292222,0.05668336153,0,-0.09808651358,1.412747383,81.17967987
0.179515034,0.2812301517,0.003923930693,0.01257294696,1,-0.05112972856,0.01317103766,0.09162348509,0,0.7282816172,0.9791378379,72.66722107
0.179515034,0.2860737145,0.005675397813,0.01113942172,1,-0.2883007228,0.01250187401,0.1530026793,0,0.7469395399,0.3463951051,63.00172043
0.179515034,0.2909172773,0.006145376712,0.01163623855,1,-0.2150675952,0.01315931976,0.03767411411,0,0.4998180568,-0.0927310586,62.16038895
0.179515034,0.29576087,0.007054608781,0.01177104935,1,0.02085140347,0.01372315921,-0.08626501262,0,0.4790930152,-0.1768271178,59.06495667
0.179515034,0.3006044328,0.008566896431,0.0120748831,1,0.1432274133,0.01480521914,0.04246596992,0,0.5301508904,-0.3445519209,54.64503479
0.179515034,0.3054480255,0.01031616889,0.01364560053,1,0.1537072808,0.01710630767,0.07500445843,0,0.347442925,-0.7317871451,52.91046524
0.179515034,0.3102915883,0.01099425647,0.01598264091,1,0.03903012723,0.01939892955,-0.1279454231,0,-0.1015758887,-1.269235373,55.47640991
0.179515034,0.315135181,0.01001322363,0.01917352714,1,-0.3247160912,0.02163073607,-0.2319875956,0,-0.4693155289,-1.729905248,62.42454147
0.179515034,0.3199787438,0.007148302626,0.0232379213,1,-0.6564651728,0.02431253158,-0.09638231993,0,-0.8861596584,-1.636999607,72.90138245
0.179515034,0.3248223364,0.002541400492,0.02663562633,1,-0.4450207949,0.02675659396,0.02036744356,0,-1.565898299,-0.5103215575,84.54970551
0.179515034,0.3296658993,-0.002591740573,0.02580835484,1,0.06930136681,0.02593816258,0.4357574284,0,-2.09838748,1.258166432,95.73455811
0.179515034,0.3345094621,-0.007286605425,0.02265223674,1,0.2034534216,0.0237953458,0.8546491265,0,-1.854340434,2.042809248,107.8315659
0.179515034,0.3393530548,-0.01058793999,0.02005340904,1,0.177760005,0.02267694101,0.9235326052,0,-1.33409369,1.95470655,117.8334656
0.179515034,0.3441966176,-0.01288739778,0.01765766554,1,-0.08105394244,0.02186042443,-0.09133765846,0,0.54839921,0.3408310115,126.1237335
0.179515034,0.3490402102,-0.008324316703,0.01796016656,1,-1.609578133,0.01979549974,-2.527891874,0,3.493750095,-2.652799606,114.8671417
0.1843586117,0.237637952,0.008916429244,0.005551507697,1,-0.2189211249,0.01050342526,1.130368233,0,1.166420221,-0.5728474259,31.90703773
0.1843586117,0.2424815297,0.01121107209,0.009676336311,1,0.328812629,0.01480944362,0.4579944015,0,0.4927220047,-0.9046550393,40.7976532
0.1843586117,0.2473251075,0.01289559621,0.01215160638,1,0.2575904429,0.01771885902,-0.08807379007,7.851028442,-0.05518105626,-1.171593428,43.2986145
0.1843586117,0.2521686852,0.01219145767,0.01492444798,1,0.1991121173,0.01927098446,-0.2758008838,0,-0.3857309818,-1.270141363,50.75536346
0.1843586117,0.257012248,0.01199169457,0.01696776412,1,0.2789194584,0.02077753097,-0.3181092739,0,-0.5103469491,-0.7708134651,54.74985504
0.1843586117,0.2618558407,0.01107052062,0.01711715572,1,0.08522287011,0.02038512751,0.03382933885,0,-0.7739001513,-0.01709060371,57.10723114
0.1843586117,0.2666994035,0.008656032383,0.01721439883,1,-0.02333527803,0.01926817186,0.2763991952,0,-1.167900801,0.436371088,63.30506897
0.1843586117,0.2715429962,0.00530067645,0.01634231955,1,0.07459715009,0.01718047075,0.1096503735,0,-0.8666452169,0.5690150857,72.02938843
0.1843586117,0.276386559,0.004819686059,0.01498943008,1,0.2746391296,0.01574523374,0.1647996455,6.948285103,-0.06897329539,0.6570519209,72.17537689
0.1843586117,0.2812301517,0.006296834908,0.01395805739,1,0.1296430379,0.01531265769,0.09149259329,0,0.2832027674,0.4706221819,65.71865845
0.1843586117,0.2860737145,0.006819336675,0.01315308642,1,-0.2214330137,0.01481577009,-0.006448149681,0,0.231087327,0.23994717,62.59511185
0.1843586117,0.2909172773,0.006343596149,0.01276462618,1,-0.2075897902,0.01425401308,-0.01912290975,0,0.2166254073,0.1230024993,63.57414246
0.1843586117,0.29576087,0.006863101386,0.01246469095,1,0.01573450863,0.01422921941,-0.03468618542,0,0.3083475828,-0.03032239527,61.16267014
0.1843586117,0.3006044328,0.007913312875,0.01274348982,1,0.1170114428,0.0150005687,0.02164562792,0,0.2578076124,-0.2476008236,58.1609993
0.1843586117,0.3054480255,0.008678566664,0.01376880705,1,-0.07609995455,0.0162756741,0.03887102008,0,0.1358072758,-0.4988664091,57.77650833
0.1843586117,0.3102915883,0.008202509955,0.01534806285,1,-0.253192991,0.01740241982,0.1042096019,1.873975873,-0.2237903327,-0.8214073181,61.87848663
0.1843586117,0.315135181,0.006368260831,0.01825210452,1,-0.2760528922,0.01933116838,0.2104810178,0,-0.6016185284,-1.163971186,70.76583862
0.1843586117,0.3199787438,0.0039514401,0.02200532891,1,-0.1603144109,0.02235728875,0.08760851622,0,-0.7976845503,-1.007726908,79.82003784
0.1843586117,0.3248223364,0.001728118514,0.0235574469,1,0.2193119824,0.02362074703,-0.1793451756,0,-0.9468132257,-0.2403382808,85.8044281
0.1843586117,0.3296658993,0.0004277314001,0.02230075374,1,0.2325015366,0.02230485529,0.05806902051,0,-0.9381461143,1.040742278,88.90119171
0.1843586117,0.3345094621,-0.001689715078,0.0187978074,1,-0.1387689114,0.01887359843,0.334205687,0,-0.9942243695,1.507702112,95.13644409
0.1843586117,0.3393530548,-0.005060009658,0.01661683246,1,-0.8169435263,0.01737016998,0.6530518532,0,-1.296096921,0.5602898598,106.9360733
0.1843586117,0.3441966176,-0.01192439068,0.01924710721,1,-2.121414661,0.0226416029,1.347414732,33.04921341,-1.304032207,-0.7356668115,121.779953
0.1843586117,0.3490402102,-0.02165142819,0.0267063994,1,-1.249256849,0.03438046202,2.05966711,0,-2.767198801,-1.020398974,129.0323944
0.1892021894,0.237637952,0.01346052345,0.011251905,1,-1.249574423,0.01754397526,0.112836659,0,0.07621020079,0.7225230932,39.89288712
0.1892021894,0.2424815297,0.01061888319,0.009775373153,1,-0.3455954194,0.01443324704,-0.4251101613,0,-0.4842695594,-0.2328194976,42.63158417
0.1892021894,0.2473251075,0.00944100786,0.01032053027,1,0.2922092676,0.01398735028,-0.4285138845,0,-0.7603555918,-1.03128612,47.54836655
0.1892021894,0.2521686852,0.008351380005,0.01269494742,1,0.5849475861,0.01519563235,-0.278513968,0,-0.7358188629,-1.169266462,56.6610527
0.1892021894,0.257012248,0.008710252121,0.01463495288,1,0.4887610376,0.01703086495,-0.3797173202,10.23391819,-0.01769205928,-0.839866519,59.24026108
0.1892021894,0.2618558407,0.01063303929,0.01492371596,1,0.2059046477,0.01832426898,-0.6632230282,0,0.1762931496,-0.6307531595,54.53040314
0.1892021894,0.2666994035,0.0105614569,0.0144776823,1,-0.4587852359,0.0179205928,-0.4187199771,0,-0.2553227544,-0.3482044041,53.88928223
0.1892021894,0.2715429962,0.007174201775,0.01458216831,1,-0.2875755727,0.01625142433,-0.08555334806,0,-0.5764952898,0.05975852534,63.80352783
0.1892021894,0.276386559,0.006376262289,0.01377385296,1,0.1839047968,0.01517813373,-0.1468007416,0,-0.2928376198,0.1144612879,65.15940094
0.1892021894,0.2812301517,0.006646577269,0.01331672538,1,0.4708198905,0.01488328446,-0.3123356104,0,-0.3820205927,-0.2209540009,63.47552872
0.1892021894,0.2860737145,0.006806368474,0.01333123911,1,0.2792616487,0.01496825274,-0.2213376313,0,-0.2788593769,-0.2986015081,62.95306015
0.1892021894,0.2909172773,0.006648525596,0.0136909578,1,-0.09933491051,0.0152198961,0.01362173259,1.617641568,0.08557777107,0.04312381148,64.09812164
0.1892021894,0.29576087,0.006739734672,0.0131883435,1,-0.1875086427,0.014810686,-0.04708242416,0,0.3576182723,0.1457744986,62.93127441
0.1892021894,0.3006044328,0.007472464815,0.01275684033,1,-0.06609341502,0.01478427276,0.1322028637,0,0.3444848955,-0.1741091907,59.6398735
0.1892021894,0.3054480255,0.008088145405,0.01467198972,1,-0.4341632128,0.01675366797,0.3215333223,0,0.4440709352,-0.3738647699,61.13361359
0.1892021894,0.3102915883,0.007520453539,0.01612505503,1,-0.8683105707,0.0177925434,0.474940747,21.86553764,0.3122700453,-0.1288763583,64.99645233
0.1892021894,0.315135181,0.005394919775,0.01759662479,1,-0.6581130624,0.01840506308,0.7950385809,0,-0.3388392627,-0.03610622883,72.95507812
0.1892021894,0.3199787438,0.002691637492,0.0201507695,1,0.05622988939,0.02032974176,0.802701354,0,-1.065047979,0.1026437581,82.39176178
0.1892021894,0.3248223364,0.0005086309975,0.02098740824,1,0.6351453662,0.02099357173,0.02550850995,3.240016937,-0.6271347404,0.02809698321,88.61170197
0.1892021894,0.3296658993,0.002730437322,0.02013823204,1,-0.01385428011,0.02032249235,-0.9499566555,0,0.2463665456,-0.4382182658,82.27864838
0.1892021894,0.3345094621,0.001634818735,0.01850877143,1,-1.562272787,0.01858082972,-1.109032393,36.64262772,0.02591633797,-0.6123664379,84.9523468
0.1892021894,0.3393530548,-0.004711024929,0.0177325923,1,-1.659105659,0.0183477141,0.4650399983,47.19375992,-0.7273880243,-0.1766241491,104.8781128
0.1892021894,0.3441966176,-0.009924349375,0.02161672153,1,0.3041443825,0.02378603257,-0.2534208596,5.590156555,-0.01087275147,1.217536449,114.6601105
0.1892021894,0.3490402102,-0.003290541004,0.01060789637,1,10.73061085,0.01110653579,8.950960159,0,-7.991400719,13.49668598,107.2337494
0.1940457672,0.237637952,0.01296255924,0.01197304856,1,-1.168426394,0.01764601469,-0.7156601548,0,-0.8706532717,0.5100417733,42.72754288
0.1940457672,0.2424815297,0.008024338633,0.009004657157,1,-0.5776913166,0.01206125505,-1.043516874,0,-0.8959337473,-0.02781695127,48.29474258
0.1940457672,0.2473251075,0.005824941676,0.007053426933,1,0.3808020651,0.00914771948,-0.7958556414,0,-0.9682434797,-0.6972829103,50.44903183
0.1940457672,0.2521686852,0.005179020576,0.008527212776,1,0.8872649074,0.009976753034,0.1152644753,0,-0.8336673379,-1.425188541,58.72751236
0.1940457672,0.257012248,0.00608454505,0.01451471914,1,-0.01398831233,0.01573844813,0.3298288584,0,-0.06363497674,-1.414030313,67.25666046
0.1940457672,0.2618558407,0.004803046118,0.01697373018,1,-0.5412526727,0.01764020324,-0.8232365251,0,0.3052349091,-1.584072113,74.20011139
0.1940457672,0.2666994035,0.004941374529,0.01819988526,1,-0.7300094366,0.01885876432,-1.369956374,0,0.8069548607,-0.9506762624,74.81003571
0.1940457672,0.2715429962,0.005175737198,0.01494291425,1,-0.1032107919,0.01581388526,-0.9823857546,0,0.04574766383,0.1571839154,70.89559174
0.1940457672,0.276386559,0.004663047381,0.0126802912,1,0.07486113906,0.0135105066,-0.8817951083,0,-0.3766900897,0.1743779778,69.80952454
0.1940457672,0.2812301517,0.003713805228,0.009827258065,1,0.6830548644,0.01050558686,-0.8357511759,0,-0.7578087449,-0.3752429485,69.29799652
0.1940457672,0.2860737145,0.00430097105,0.01044978388,1,0.8947478533,0.01130028069,-0.1215811968,0,-0.2950565815,-0.9129422903,67.62869263
0.1940457672,0.2909172773,0.006618447602,0.01366026513,1,0.3201701939,0.01517915353,0.4743514061,0,0.3074966371,-0.4867711663,64.14964294
0.1940457672,0.29576087,0.007341124117,0.01510505565,1,-0.2830072939,0.01679448783,0.2348131537,0,0.5084375143,0.01351131499,64.08004761
0.1940457672,0.3006044328,0.007710336242,0.01473215781,1,-0.2959242165,0.01662786119,0.350287497,0,0.5197197199,-0.2520661354,62.37388992
0.1940457672,0.3054480255,0.008425095119,0.01802260242,1,-0.4679249525,0.01989463344,0.7234361768,0,0.9156030416,-0.5843035579,64.94514465
0.1940457672,0.3102915883,0.009878699668,0.02106629685,1,-0.8530234098,0.02326752245,0.6702092886,0,1.187303901,0.303552717,64.87653351
0.1940457672,0.315135181,0.01004420873,0.01979853213,1,-0.6137988567,0.02220063098,0.4961842,0,0.2954081297,1.423590422,63.1003685
0.1940457672,0.3199787438,0.008336549625,0.01657433249,1,-0.09327542782,0.01855280437,0.9223334193,0,-1.570050359,1.408551812,63.29853821
0.1940457672,0.3248223364,0.001987760887,0.01744349487,1,-0.7788380384,0.01755638607,1.026625514,0,-2.242183208,-0.4158662856,83.49894714
0.1940457672,0.3296658993,-0.00629600184,0.02356115356,1,-1.947019935,0.02438785881,-0.9296867251,0,-0.533634305,-2.79749155,104.9609909
0.1940457672,0.3345094621,-0.01002744399,0.02649032511,1,-1.376064539,0.02832466923,-2.658778429,0,1.919661999,-2.156778574,110.7332764
0.1940457672,0.3393530548,-0.003663045121,0.02112967893,1,-0.4151220024,0.02144484222,-0.6888573766,0,0.9875959158,1.121587038,99.83505249
0.1940457672,0.3441966176,-0.007254621945,0.01772129722,1,10.17113686,0.0191487316,-8.234134674,0,8.562646866,9.336512566,112.2628708
0.1940457672,0.3490402102,0.08707549423,-0.0639751181,1,34.87356949,0.1080507189,1.789972305,0,4.076905251,35.52378082,-36.3050499
