PIVlab, ASCII chart output - 13-Mar-2024
FRAME: 55, filenames: A:[55]2 vortices tapados mismo sentido clase 4.mp4 & B:[56]2 vortices tapados mismo sentido clase 4.mp4, conversion factor xy (px -> m): 0.00030272, conversion factor uv (px/frame -> m/s): 0.0090842
x [m],y [m],u [m/s],v [m/s],Vector type [-],vorticity [1/s],magnitude [m/s],divergence [1/s],dcev [1],simple shear [1/s],simple strain [1/s],vector direction [degrees]
0.1262357086,0.237637952,0.002913842211,-0.007403776515,1,0.1776436865,0.007956530899,0.8706424832,0,0.7865456343,0.3098222613,-68.51730347
0.1262357086,0.2424815297,0.00524890516,-0.006045588292,1,0.4292344749,0.008006256074,0.3021153212,0,0.1803995073,0.2682543397,-49.03480911
0.1262357086,0.2473251075,0.005866651889,-0.007239768282,1,0.1205070466,0.009318361059,0.06369334459,0,0.1457098275,0.5373085141,-50.98087692
0.1262357086,0.2521686852,0.006538347341,-0.008339580148,1,-0.01751001179,0.01059710234,-0.03396908939,0,0.1881908774,0.4043105245,-51.90306091
0.1262357086,0.257012248,0.00669335667,-0.009362606332,1,-0.302883178,0.01150910184,-0.1384359002,0,0.1458117664,0.2940511703,-54.43890381
0.1262357086,0.2618558407,0.005777559709,-0.0104343649,1,-0.4970986247,0.01192711852,0.006503172219,0,0.1240903586,0.169229269,-61.02648163
0.1262357086,0.2666994035,0.004886662122,-0.01015078276,1,-0.3697368503,0.01126578264,0.2120665908,0,0.08943891525,-0.1167896986,-64.29349518
0.1262357086,0.2715429962,0.004419914912,-0.008841523901,1,-0.09796833992,0.009884745814,0.1589410752,0,-0.001139350235,-0.1514161676,-63.4393425
0.1262357086,0.276386559,0.004406626336,-0.008647543378,1,0.02834858,0.009705583565,-0.01827691309,0,0.006128262728,-0.005552791525,-62.9974556
0.1262357086,0.2812301517,0.004586906172,-0.008903154172,1,0.02914005145,0.01001528092,-0.08447962999,0,-0.08643935621,0.07053218782,-62.7424736
0.1262357086,0.2860737145,0.004129092675,-0.009398355149,1,-0.04236903042,0.0102654025,0.008486587554,0,-0.2281215787,0.1251631528,-66.28209686
0.1262357086,0.2909172773,0.003276767908,-0.009468284436,1,0.007633030415,0.01001926232,0.1253966391,0,-0.3839438558,0.09748221189,-70.9103775
0.1262357086,0.29576087,0.002306401962,-0.009263149463,1,0.1915004551,0.009545964189,0.05534435064,0,-0.5238275528,0.2821361721,-76.01840973
0.1262357086,0.3006044328,0.001667115954,-0.01056676824,1,0.1088566408,0.01069747005,-0.02653455734,0,-0.2641801536,0.6514921784,-81.03436279
0.1262357086,0.3054480255,0.001554080402,-0.01254722476,1,-0.2678408027,0.01264310163,-0.01522731781,0,0.04992766678,0.8205233812,-82.93939209
0.1262357086,0.3102915883,0.0006116367294,-0.01461479161,1,-0.6768574119,0.01462758519,0.1807210147,0,0.1000048816,0.4926753342,-87.60353851
0.1262357086,0.315135181,-0.001239949604,-0.01405819971,1,-0.4262728691,0.01411277615,0.3193477392,0,-0.09012426436,-0.02975694835,-95.04051208
0.1262357086,0.3199787438,-0.001889572944,-0.01292387582,1,-0.1550359726,0.01306128036,-0.02584662288,0,-0.2961163819,-0.1774789393,-98.31815338
0.1262357086,0.3248223364,-0.003425141098,-0.01332375687,1,-0.5291758776,0.01375696529,-0.598538518,0,-0.4194687307,0.1311766952,-104.4168701
0.1262357086,0.3296658993,-0.006484407,-0.01645830832,1,-1.644015074,0.01768964157,-0.5859981775,0,0.4503261447,0.282397151,-111.5039368
0.1262357086,0.3345094621,-0.009206848219,-0.01752988435,1,-2.064450502,0.01980057731,0.07046702504,0,1.088055611,-0.511469245,-117.708847
0.1262357086,0.3393530548,-0.01121365186,-0.01363965496,1,-0.9384941459,0.0176574681,0.7669069767,0,0.3669868112,-1.483114481,-129.4248657
0.1262357086,0.3441966176,-0.01197498851,-0.006631730124,1,0.5798780918,0.01368868817,1.816148639,0,-1.479180813,-2.711740971,-151.0223846
0.1262357086,0.3490402102,-0.01556949411,0.008291530423,1,3.012876511,0.01763968915,2.639775038,0,-4.497107983,-3.522287607,151.9624786
0.1310792714,0.237637952,0.0057726698,-0.005929149222,1,0.09782357514,0.008275175467,0.2578648925,0,0.2562725544,0.5547788143,-45.76612854
0.1310792714,0.2424815297,0.006630215794,-0.006648212206,1,0.2654651999,0.009389274754,0.16710186,6.709892273,0.05443827063,0.4250895381,-45.07765198
0.1310792714,0.2473251075,0.007322147023,-0.00717873266,1,0.121404089,0.01025417168,0.15435417,0,0.04479899257,0.4007021189,-44.43336105
0.1310792714,0.2521686852,0.007435233332,-0.007841417566,1,-0.01230809558,0.01080604084,0.07582486421,0,-0.03970398381,0.3023587167,-46.52305222
0.1310792714,0.257012248,0.00707022287,-0.008275965229,1,-0.1991472244,0.01088483632,-0.05165359005,6.21317482,-0.0552283898,0.1730900556,-49.49246979
0.1310792714,0.2618558407,0.006203145254,-0.008929980919,1,-0.3536320329,0.01087306626,0.02445652336,11.77969074,-0.04954534769,0.1819422245,-55.21450806
0.1310792714,0.2666994035,0.005117401946,-0.009038759395,1,-0.3135109544,0.01038686559,0.1233966202,9.566939354,-0.05089046061,0.05671953037,-60.48310852
0.1310792714,0.2715429962,0.004438138567,-0.008607025258,1,-0.09845131636,0.009683901444,0.08611349016,0,-0.06020948291,0.01645356417,-62.72249603
0.1310792714,0.276386559,0.004348916002,-0.008701356128,1,0.03030329011,0.009727624245,-0.02639170736,0.4508279264,-0.006562588736,0.09253628552,-63.44423294
0.1310792714,0.2812301517,0.0045531285,-0.00918306224,1,0.03742107004,0.01024985872,-0.08509004116,0,-0.01598090306,0.151687637,-63.62695312
0.1310792714,0.2860737145,0.004452763125,-0.009848207235,1,-0.0351478532,0.01080806553,-0.01068842411,0,-0.1169296131,0.2439868748,-65.67040253
0.1310792714,0.2909172773,0.003816531738,-0.01041659806,1,-0.06180645525,0.01109375618,0.03304658085,0,-0.2125893086,0.2699190676,-69.87770081
0.1310792714,0.29576087,0.003123705974,-0.01099551748,1,0.08980669826,0.01143061463,0.1290843189,0,-0.2210949659,0.3466061354,-74.14073181
0.1310792714,0.3006044328,0.00318062678,-0.01147018187,1,0.1474532187,0.01190300193,0.2604293227,0,-0.06886968017,0.4219094813,-74.5015564
0.1310792714,0.3054480255,0.003504331456,-0.01177765895,1,-0.1199049801,0.01228794456,0.2296313345,0,-0.0737888813,0.4904341996,-73.43012238
0.1310792714,0.3102915883,0.002242455492,-0.0127334008,1,-0.593665719,0.01292935014,0.2117365301,16.84575272,-0.2410386801,0.5145008564,-80.01216125
0.1310792714,0.315135181,-0.00053862395,-0.01324412134,1,-0.4154637754,0.01325506996,0.243806988,0,-0.5392929912,0.3536722362,-92.32887268
0.1310792714,0.3199787438,-0.00238198298,-0.01326554175,1,-0.1724245846,0.01347770169,0.04738917574,0,-0.6572029591,0.008977230638,-100.1796341
0.1310792714,0.3248223364,-0.004556989297,-0.01305807009,1,-0.3439640403,0.01383037772,0.0654515177,0,-0.6548182368,-0.3225406408,-109.2378998
0.1310792714,0.3296658993,-0.007219662424,-0.01138627157,1,-0.9204593301,0.01348223723,0.2603603601,28.45363998,-0.2600497603,-0.3926437497,-122.3774414
0.1310792714,0.3345094621,-0.01027485915,-0.009895203635,1,-1.361553192,0.01426491421,-0.1111714542,45.36551285,0.1788556576,-0.2986787558,-136.0783386
0.1310792714,0.3393530548,-0.01294814982,-0.01047806535,1,-0.8394708037,0.01665666327,-0.5225304365,22.11530876,0.04066902399,-0.1667774767,-141.0190887
0.1310792714,0.3441966176,-0.01414391771,-0.01161832083,1,-0.1205549836,0.01830398291,-0.4307389259,0,-0.8618998528,-0.5509094596,-140.5990906
0.1310792714,0.3490402102,-0.01770674624,-0.00989601016,1,1.47642684,0.0202844739,-0.2825146019,0,-2.947578192,-0.9936853647,-150.7998962
0.1359228492,0.237637952,0.006849939469,-0.006636317819,1,0.2773217559,0.009537420236,0.1299094856,0,0.2459635139,0.3080398738,-44.09251404
0.1359228492,0.2424815297,0.008117225952,-0.007067712024,1,0.1875437498,0.01076298766,0.1911631823,0,0.1645031273,0.3923559189,-41.04626465
0.1359228492,0.2473251075,0.008555105887,-0.007610810455,1,0.1105631962,0.0114505142,0.1195443869,0,-0.05835381895,0.4095287919,-41.65699387
0.1359228492,0.2521686852,0.008370106108,-0.008472274058,1,-0.01225746423,0.01190957986,0.120068565,0,-0.2506814599,0.3378242254,-45.34755707
0.1359228492,0.257012248,0.007281542756,-0.008665525354,1,-0.05265675485,0.01131866593,0.05668881908,0,-0.2761992216,0.1576938331,-49.96004105
0.1359228492,0.2618558407,0.006777266506,-0.008961499669,1,-0.06029959023,0.0112356497,0.09033280611,0,-0.2540290952,0.1343573928,-52.90106964
0.1359228492,0.2666994035,0.005759067368,-0.008878761902,1,-0.1639132053,0.01058297046,0.2042483985,0,-0.2202162296,0.1412365437,-57.03118515
0.1359228492,0.2715429962,0.004916705657,-0.008656296879,1,-0.08769688755,0.009955173358,0.1727853119,0,-0.1253822148,0.161913991,-60.40378189
0.1359228492,0.276386559,0.004727002233,-0.008826105855,1,-0.008369991556,0.01001222711,0.04700406641,0,0.006877418607,0.1513718665,-61.82780838
0.1359228492,0.2812301517,0.004909476265,-0.009161810391,1,-0.02851395682,0.01039431244,-0.02221953124,0,0.1383682638,0.1777080894,-61.81478119
0.1359228492,0.2860737145,0.005259090103,-0.009794470854,1,-0.1152510345,0.01111709047,0.009570106864,2.74174881,0.08112883568,0.2236277014,-61.76665878
0.1359228492,0.2909172773,0.004744203296,-0.01019861177,1,-0.1941606104,0.01124807354,0.07709863782,5.655828953,0.06024142355,0.2783037722,-65.05303192
0.1359228492,0.29576087,0.004610442091,-0.01076902356,1,-0.1297197938,0.01171443705,0.176625073,0,0.1767652929,0.4689568281,-66.82323456
0.1359228492,0.3006044328,0.004972071853,-0.01161454339,1,-0.07081399113,0.01263404544,0.2233816832,0,0.1598651409,0.5443912148,-66.82471466
0.1359228492,0.3054480255,0.005041768309,-0.01232385822,1,-0.03922307864,0.01331528835,0.1849957407,0,-0.1347915679,0.4517973363,-67.75022125
0.1359228492,0.3102915883,0.004129218403,-0.01290681772,1,-0.2767962813,0.01355125103,0.1888666004,0,-0.4226422906,0.670765996,-72.25920868
0.1359228492,0.315135181,0.001653983141,-0.01465797517,1,-0.4269984066,0.0147509966,0.288628757,0,-0.7592686415,0.7769281268,-83.56206512
0.1359228492,0.3199787438,-0.001616558293,-0.01527193375,1,-0.1346201301,0.01535725314,0.2735181451,0,-1.171099305,0.3089105487,-96.04234314
0.1359228492,0.3248223364,-0.00467037037,-0.01482940093,1,-0.08009022474,0.01554745901,0.2534373701,0,-1.057204008,-0.1620334834,-107.4812927
0.1359228492,0.3296658993,-0.007125130855,-0.01325956825,1,-0.106067121,0.01505269576,0.3714487255,0,-1.240383148,-0.6114218235,-118.2516937
0.1359228492,0.3345094621,-0.0111919865,-0.01006880589,1,-0.4474728107,0.01505461428,0.09255576134,0,-1.085945845,-0.7091104388,-138.0240631
0.1359228492,0.3393530548,-0.01455236319,-0.009376635775,1,-0.5347237587,0.01731163077,-0.3850328922,0,-0.6085809469,-0.3533042073,-147.2048035
0.1359228492,0.3441966176,-0.01672967151,-0.01022248622,1,-0.9872797728,0.01960564032,-0.8079755306,9.110783577,-0.4989140332,-0.03172841668,-148.5734406
0.1359228492,0.3490402102,-0.02175085805,-0.01313644927,1,-1.257308722,0.02540996112,-0.8615437746,0,-0.8160228729,0.3416800797,-148.8701019
0.1407664269,0.237637952,0.007893911563,-0.006081035361,1,0.130406335,0.009964578785,0.08680960536,0,0.5148292184,0.3670883179,-37.60868073
0.1407664269,0.2424815297,0.009456535801,-0.006759811193,1,0.1571780443,0.01162416022,0.06227628887,0,0.2538492382,0.4578227401,-35.55830765
0.1407664269,0.2473251075,0.009884754196,-0.007996895351,1,0.08315590024,0.01271450799,0.03643366694,2.071951628,-0.04257908091,0.4981649816,-38.97331238
0.1407664269,0.2521686852,0.009653072804,-0.008996242657,1,-0.149758637,0.01319523342,0.1636264026,0,-0.2169444859,0.4447858036,-42.98287201
0.1407664269,0.257012248,0.008108601905,-0.009358710609,1,-0.1232920289,0.01238284726,0.1998221725,0,-0.3642862141,0.3798713088,-49.09358978
0.1407664269,0.2618558407,0.0072914497,-0.009868324734,1,0.05792047083,0.0122698443,0.1826163381,0,-0.3299955726,0.1728625447,-53.54026794
0.1407664269,0.2666994035,0.006790785119,-0.009311467409,1,-0.04072532058,0.01152467728,0.291876018,0,-0.2136670351,0.06915475428,-53.89700317
0.1407664269,0.2715429962,0.006059280597,-0.008789557032,1,-0.09605486691,0.01067572925,0.2471182495,0,-0.209714964,0.1059079021,-55.41868591
0.1407664269,0.276386559,0.005309765227,-0.00862750411,1,-0.05104463547,0.01013051998,0.20565328,0,-0.1044253781,0.1200137436,-58.38993454
0.1407664269,0.2812301517,0.005306249484,-0.008374755271,1,-0.004263615236,0.009914273396,0.08685421944,0,0.06052567065,0.1424994469,-57.64163208
0.1407664269,0.2860737145,0.005582274869,-0.008897026069,1,-0.1634807438,0.01050327905,-0.01946268231,0,0.2113177329,0.1476925015,-57.89454269
0.1407664269,0.2909172773,0.005537950899,-0.009184381925,1,-0.1443417072,0.0107248202,0.1063688993,0,0.2823300362,0.2331361473,-58.91107941
0.1407664269,0.29576087,0.006250631995,-0.009511033073,1,-0.09569683671,0.0113811316,0.2163535655,0,0.3767790794,0.4575982988,-56.68716431
0.1407664269,0.3006044328,0.006899394561,-0.01035286952,1,-0.2771095335,0.01244120393,0.1692350805,0,0.346904248,0.732768774,-56.31958389
0.1407664269,0.3054480255,0.00658868812,-0.01224055234,1,-0.264416039,0.01390114799,0.1935980916,2.61291337,0.1625818312,0.8309261203,-61.70787811
0.1407664269,0.3102915883,0.006406152621,-0.01343981735,1,-0.1936537325,0.01488850173,0.2645351291,0,-0.2122868001,0.8040011525,-64.5149765
0.1407664269,0.315135181,0.004622483626,-0.01485349797,1,-0.4989926815,0.01555614825,0.2145653367,0,-0.7329678535,1.215063691,-72.71359253
0.1407664269,0.3199787438,0.0004390557297,-0.01828580908,1,-0.3698886633,0.01829108037,0.5524712801,0,-1.433891773,1.158902764,-88.62454987
0.1407664269,0.3248223364,-0.004114267416,-0.01779079624,1,-0.1331444383,0.01826032996,0.3707945347,0,-1.688039541,0.08063918352,-103.0212173
0.1407664269,0.3296658993,-0.008381990716,-0.01688041911,1,-0.1242334247,0.0188469179,0.03818640113,0,-1.76423645,-0.9534593821,-116.4067535
0.1407664269,0.3345094621,-0.01326118968,-0.0129876975,1,-0.07985693216,0.018561773,0.1127298474,0,-1.601204634,-1.135236263,-135.5969696
0.1407664269,0.3393530548,-0.01652434282,-0.01083579846,1,-0.1436009705,0.01976027526,-0.2415070832,0,-0.8783501387,-1.012592912,-146.7452393
0.1407664269,0.3441966176,-0.01821108907,-0.009252883494,1,-0.7344356179,0.02042693272,-0.02267882228,24.73680496,-0.0295458436,-0.657992363,-153.0653076
0.1407664269,0.3490402102,-0.02022474632,-0.007758608088,1,-2.053081512,0.02166186459,1.047555208,0,1.221608877,0.4305440784,-159.012207
0.1456100047,0.237637952,0.009048429318,-0.004774335772,1,0.1131076515,0.01023075543,-0.06267026067,0,0.5425798893,0.6909633875,-27.81803513
0.1456100047,0.2424815297,0.01063636597,-0.006599477492,1,0.1615149528,0.01251740381,-0.003601670265,0,0.2712326348,0.7077488899,-31.81809425
0.1456100047,0.2473251075,0.01114447601,-0.008219817653,1,0.0405139029,0.01384791452,0.128787443,0,0.1000086665,0.5826289058,-36.41133118
0.1456100047,0.2521686852,0.01131699793,-0.008797693998,1,-0.1475572884,0.01433435921,0.1626844853,0,-0.07028673589,0.4956995249,-37.86105347
0.1456100047,0.257012248,0.01008933317,-0.009832799435,1,-0.1968953609,0.01408824231,0.1245345771,0,-0.3848939538,0.5462697744,-44.26225662
0.1456100047,0.2618558407,0.008499056101,-0.01084040105,1,-0.08179578185,0.01377491374,0.2364420146,0,-0.4511956275,0.2124141306,-51.90296173
0.1456100047,0.2666994035,0.007507747971,-0.009716418572,1,-0.09575711191,0.01227905042,0.2481214106,0,-0.290825069,-0.0891463384,-52.30721664
0.1456100047,0.2715429962,0.006626615301,-0.009206818417,1,-0.06450168788,0.01134361234,0.1524321884,0,-0.1839411408,0.02199989557,-54.25551605
0.1456100047,0.276386559,0.006304395851,-0.009084659629,1,-0.07010808587,0.0110578686,0.1736199856,0,-0.05505698919,0.09953838587,-55.24087906
0.1456100047,0.2812301517,0.006020368543,-0.008847998455,1,-0.1022297293,0.01070195809,0.2373544723,0,0.01464682445,0.009102866054,-55.76778793
0.1456100047,0.2860737145,0.005880181212,-0.007979105227,1,-0.1419588625,0.009911742993,0.1881140769,0,0.2179884017,0.04028808326,-53.6117363
0.1456100047,0.2909172773,0.006388622336,-0.008131993935,1,-0.08255146444,0.01034136396,0.1460921466,0,0.4943543077,0.2496198714,-51.8462677
0.1456100047,0.29576087,0.007874780335,-0.00848054979,1,-0.116848588,0.01157289464,0.2741184533,0,0.7263929248,0.3691081703,-47.12115097
0.1456100047,0.3006044328,0.009340997785,-0.00859208405,1,-0.19621104,0.01269165706,0.2556639612,0,0.6358345747,0.622151494,-42.6086235
0.1456100047,0.3054480255,0.01000413112,-0.01025566086,1,-0.4716720581,0.01432694029,0.2247174978,0,0.464189887,1.134166002,-45.7112999
0.1456100047,0.3102915883,0.00930475723,-0.01299706846,1,-0.4130421877,0.01598443836,0.104889214,12.86459541,0.1187084168,1.247761726,-54.40067291
0.1456100047,0.315135181,0.008578502573,-0.01579125226,1,-0.2593062818,0.01797093078,0.03515154123,0,-0.2841230929,1.568820953,-61.48724747
0.1456100047,0.3199787438,0.00667261472,-0.02042551525,1,-0.9750940204,0.02148779854,0.6904457808,0,-1.308820724,2.046758175,-71.90880585
0.1456100047,0.3248223364,-0.002483816119,-0.02236065641,1,-1.219479799,0.02249818482,0.3647707403,0,-2.54446125,0.5252998471,-96.33841705
0.1456100047,0.3296658993,-0.01155832689,-0.02120305039,1,-0.56366539,0.02414879389,-0.128241241,0,-2.256729364,-1.144659281,-118.595932
0.1456100047,0.3345094621,-0.01614457555,-0.01743757166,1,-0.3363237381,0.02376375906,-0.2799193263,0,-1.535921812,-1.986839294,-132.7950745
0.1456100047,0.3393530548,-0.02062669396,-0.0129354503,1,-0.3922705948,0.02434720472,0.1879110932,0,-0.40919891,-2.006597757,-147.9072876
0.1456100047,0.3441966176,-0.02002655528,-0.006808297709,1,0.09210395813,0.02115220577,1.377709866,0,1.153901577,-1.855482459,-161.2238464
0.1456100047,0.3490402102,-0.01459156908,0.002724767663,1,-0.5380734205,0.01484379452,3.232219934,0,2.782269478,-0.7041413784,169.4226532
0.1504535824,0.237637952,0.01093709841,-0.004000853281,1,0.2123363465,0.01164589822,-0.1857755482,0,0.5846072435,0.7340122461,-20.09280968
0.1504535824,0.2424815297,0.01286712755,-0.006228385027,1,0.03083765507,0.01429530513,0.06049096584,0,0.4633128047,0.8260148764,-25.82949066
0.1504535824,0.2473251075,0.01333055459,-0.007708727848,1,-0.2180148214,0.01539896708,0.1854995638,0,0.2128284425,0.6796780229,-30.03972435
0.1504535824,0.2521686852,0.01284200698,-0.008621976711,1,-0.2883330584,0.01546789054,0.07858166099,8.451682091,-0.1189821512,0.6072347164,-33.87696075
0.1504535824,0.257012248,0.01135769486,-0.01026929636,1,-0.2644526362,0.01531194616,-0.05671745539,0,-0.4326534867,0.570002079,-42.11896515
0.1504535824,0.2618558407,0.009465519339,-0.01165754162,1,-0.3981748223,0.01501646824,0.08871456981,1.464471698,-0.3857294917,0.08603015542,-50.92460251
0.1504535824,0.2666994035,0.00756079331,-0.01025629416,1,-0.382096082,0.01274194475,0.2179462612,9.356421471,-0.14672032,-0.2547353804,-53.60289383
0.1504535824,0.2715429962,0.006904155947,-0.009368071333,1,-0.1197181642,0.01163735893,0.2229998112,0,-0.07186836004,-0.1283295751,-53.61022949
0.1504535824,0.276386559,0.006632829085,-0.008554602973,1,-0.1284121573,0.01082477067,0.08124233782,2.991312981,0.0449673906,-0.2407132238,-52.2117157
0.1504535824,0.2812301517,0.006499984767,-0.007808654569,1,-0.241517961,0.01015996467,0.09392541647,0,0.2530238032,-0.1953255534,-50.22573471
0.1504535824,0.2860737145,0.006688558497,-0.007153593469,1,-0.1905247867,0.009793401696,0.2170242667,0,0.3876169026,-0.07585120946,-46.92416
0.1504535824,0.2909172773,0.007454612758,-0.006390093826,1,-0.1507693827,0.009818581864,0.3084562421,0,0.7035821676,-0.04807074368,-40.60317993
0.1504535824,0.29576087,0.009366150014,-0.005426727235,1,-0.2296148241,0.01082469989,0.2423796505,0,0.9928004742,0.2284845561,-30.08791161
0.1504535824,0.3006044328,0.01115116198,-0.0063227918,1,-0.1720559299,0.01281897444,0.2054153085,0,0.9575074911,0.6763285398,-29.55356026
0.1504535824,0.3054480255,0.01317054592,-0.007707632147,1,-0.5079411864,0.01526010782,0.1060873568,0,0.8809424043,1.04371047,-30.33691025
0.1504535824,0.3102915883,0.01295782253,-0.01086424198,1,-0.9585189223,0.01690967008,-0.07050216198,17.76609993,0.7976673245,1.429642677,-39.97751236
0.1504535824,0.315135181,0.01239144895,-0.01497370005,1,-0.9960564375,0.01943604089,0.02132534981,0,1.148648858,1.887301087,-50.390625
0.1504535824,0.3199787438,0.01369691547,-0.01990224048,1,-2.625984669,0.02415998094,0.2733184099,88.00398254,0.1083021164,2.179914474,-55.46387482
0.1504535824,0.3248223364,0.0001968586294,-0.02420844696,1,-4.572107315,0.0242092479,0.7188105583,146.2346802,-1.259181023,1.787992477,-89.53409576
0.1504535824,0.3296658993,-0.01454738341,-0.02508090623,1,-3.199108124,0.02899445221,-0.1695402265,87.92464447,-1.846200943,-1.286569834,-120.114502
0.1504535824,0.3345094621,-0.02424041182,-0.01879804395,1,-2.195289612,0.03067513555,0.4945539236,72.12465668,-0.03155791759,-2.429547787,-142.207016
0.1504535824,0.3393530548,-0.02533329278,-0.0109177921,1,-0.7038441896,0.02758575603,0.466049552,0,1.470879436,-2.566431999,-156.6855927
0.1504535824,0.3441966176,-0.02052521706,-0.004109984264,1,1.089824915,0.02093266509,1.606577992,0,2.492958784,-2.366006851,-168.6768036
0.1504535824,0.3490402102,-0.007979800925,0.008323731832,1,2.441353321,0.01153090317,3.284832716,0,2.738857746,-1.849255323,133.7915039
0.1552971601,0.237637952,0.01170385629,-0.002971212612,1,0.3989278376,0.01207511313,0.04259079695,0,0.9332979918,0.6758160591,-14.2445364
0.1552971601,0.2424815297,0.01493022591,-0.004504750483,1,0.03249266744,0.01559501328,0.08865863085,0,0.7171958685,0.7414368987,-16.78962326
0.1552971601,0.2473251075,0.01533503085,-0.006132994778,1,-0.3615490794,0.01651595533,0.06146851182,6.408428669,0.301382184,0.7784342766,-21.79813194
0.1552971601,0.2521686852,0.01463880297,-0.007977429777,1,-0.5389866233,0.01667135209,-0.02323526144,18.13067055,-0.0307508707,0.908824861,-28.58821869
0.1552971601,0.257012248,0.01257546712,-0.01064749341,1,-0.835853219,0.01647760533,-0.04793336987,26.77458572,-0.2570077181,0.5307073593,-40.25418091
0.1552971601,0.2618558407,0.009345445782,-0.0107801212,1,-1.044524908,0.01426703855,0.2558799982,34.12828445,-0.0385402441,-0.1717244834,-49.0775032
0.1552971601,0.2666994035,0.007329557091,-0.008576357737,1,-0.6717268229,0.01128168032,0.2463321686,19.90857887,0.2050701529,-0.1263400912,-49.48201752
0.1552971601,0.2715429962,0.007085158024,-0.008975054137,1,-0.5245025754,0.0114346426,0.09216599911,16.62749672,0.1533779651,0.02372993529,-51.7114563
0.1552971601,0.276386559,0.005531986244,-0.008244882338,1,-0.5945534706,0.009928794578,0.04635344446,17.73815727,0.2733180225,-0.4744200706,-56.13997269
0.1552971601,0.2812301517,0.005529229064,-0.006452647038,1,-0.3340094388,0.008497589268,0.06585797668,0,0.5470704436,-0.5671557188,-49.4069519
0.1552971601,0.2860737145,0.006563963834,-0.005178831052,1,-0.2681127787,0.008360975422,0.1266828477,0,0.7059290409,-0.380954057,-38.27270508
0.1552971601,0.2909172773,0.007649819832,-0.003993875813,1,-0.1386716068,0.008629646152,0.2077102363,0,0.8801656961,-0.3330356777,-27.56850243
0.1552971601,0.29576087,0.01015544776,-0.00255968608,1,0.09186261892,0.01047306601,0.1048938408,0,1.139040112,-0.07532831281,-14.14676666
0.1552971601,0.3006044328,0.01361179259,-0.003120955778,1,-0.1782978773,0.01396500133,0.07369723171,0,1.296854973,0.2737165689,-12.91375446
0.1552971601,0.3054480255,0.01557326596,-0.003528495319,1,-0.8779870868,0.01596799493,0.1767115444,0,1.347901821,0.4595372081,-12.76618671
0.1552971601,0.3102915883,0.01588786021,-0.004490843974,1,-1.453830004,0.01651035435,0.3576868773,0,1.918324947,0.7447375059,-15.78341293
0.1552971601,0.315135181,0.01782308333,-0.005403205287,1,-2.089029074,0.01862409525,0.5065706968,0,2.639692307,1.062139511,-16.8650856
0.1552971601,0.3199787438,0.01855503954,-0.007181785069,1,-3.819892168,0.01989641972,0.7618831396,103.7084732,2.13415432,0.9499745369,-21.15908241
0.1552971601,0.3248223364,0.009658079594,-0.006314240396,1,-7.138641834,0.01153898332,0.1109938025,240.0437622,-0.5346422195,1.652902603,-33.17577744
0.1552971601,0.3296658993,-0.01861110888,-0.01465013996,1,-6.902122021,0.02368543856,-0.2016894966,232.3560028,-0.3600838184,-0.06890945137,-141.7911835
0.1552971601,0.3345094621,-0.0255168695,-0.006957368925,1,-3.928582191,0.02644835599,0.8755958676,120.0581436,1.412064433,-1.653140783,-164.7485809
0.1552971601,0.3393530548,-0.03080005944,-0.00240200758,1,-1.753551126,0.03089358099,0.1526844501,0,2.127646685,-1.281226635,-175.5406952
0.1552971601,0.3441966176,-0.02370490879,-1.21091789e-05,1,1.277351022,0.02370491251,0.4727365077,0,3.504614353,-0.8832364082,-179.9707336
0.1552971601,0.3490402102,-0.007638238836,0.004165752325,1,4.04090929,0.008700354956,0.7170787454,0,2.593285799,-1.008029699,151.3927917
0.1601407379,0.237637952,0.01441675797,-0.001412590034,1,0.2885493934,0.01448579784,-0.07631585002,0,0.7317714691,0.5428059101,-5.596120834
0.1601407379,0.2424815297,0.01688775979,-0.002911972115,1,-0.04118290544,0.01713697799,-0.1357103139,0,0.6568292379,0.5012524724,-9.783360481
0.1601407379,0.2473251075,0.01739868894,-0.004497768823,1,-0.3062244058,0.01797065139,0.08646011353,0,0.3565321565,0.7571059465,-14.49432564
0.1601407379,0.2521686852,0.01713142917,-0.006160297431,1,-0.8417854309,0.01820535958,0.2371016145,27.11446762,0.07734102011,0.8498405814,-19.77809906
0.1601407379,0.257012248,0.01369604841,-0.007465613075,1,-1.629641056,0.01559862588,0.2601676583,54.07392502,0.1311009526,0.3891382217,-28.59446716
0.1601407379,0.2618558407,0.009873133153,-0.00678497646,1,-1.409842014,0.0119797606,0.4168480039,44.54533005,0.2631556988,0.1162121743,-34.49747849
0.1601407379,0.2666994035,0.008141984232,-0.006009459961,1,-0.7830375433,0.01011956111,0.2595891356,22.9721756,0.2859615088,0.1150116846,-36.43040466
0.1601407379,0.2715429962,0.007465506904,-0.006084704306,1,-1.058303833,0.00963106472,0.2100237608,33.289505,0.3186584711,-0.1323801875,-39.18149185
0.1601407379,0.276386559,0.004559454974,-0.004350999836,1,-1.129347324,0.006302366965,0.2687291205,34.05064774,0.4287088215,-0.2564258277,-43.65983963
0.1601407379,0.2812301517,0.004071909934,-0.003541075625,1,-0.5089841485,0.00539626414,0.1040018573,0,0.6942854524,-0.2914194763,-41.01136398
0.1601407379,0.2860737145,0.005456976127,-0.002435745904,1,-0.221552074,0.005975905806,0.0651268512,0,0.7946177125,-0.3655064106,-24.05381012
0.1601407379,0.2909172773,0.006847589277,-0.00145527639,1,-0.1054379642,0.007000521757,0.06078642607,0,0.9420874119,-0.368876189,-11.99820995
0.1601407379,0.29576087,0.009509352967,-0.0003546416701,1,0.0850096941,0.009515963495,0.1057447344,0,1.150915146,-0.3644659519,-2.135798216
0.1601407379,0.3006044328,0.01283388771,0.0008222256438,1,-0.06561648846,0.01286019944,0.2280536741,0,1.457751274,-0.4797443748,3.66574502
0.1601407379,0.3054480255,0.01625226624,0.003073633416,1,-0.5853028893,0.01654035598,0.4021344483,0,1.713314772,-0.5572447181,10.70931244
0.1601407379,0.3102915883,0.01829750091,0.005469053052,1,-1.276165366,0.01909735799,0.4862850606,0,2.047775269,-0.5164026022,16.64120483
0.1601407379,0.315135181,0.01998961903,0.007930229418,1,-2.196355343,0.02150519565,0.4577343762,0,2.958380699,-0.2581813037,21.63908958
0.1601407379,0.3199787438,0.02198843099,0.008936646394,1,-4.216897011,0.02373509482,-0.1790102571,126.9119492,1.894400716,-0.1476924866,22.11804962
0.1601407379,0.3248223364,0.008740427904,0.007778539322,1,-6.928433418,0.01170045976,-0.7451180816,230.3780365,-0.8853120804,-0.2639283538,41.66746521
0.1601407379,0.3296658993,-0.01585805044,0.006605966482,1,-7.561755657,0.01717895642,0.0876231119,255,-0.02500224113,0.2339503765,157.3849182
0.1601407379,0.3345094621,-0.02800651081,0.007069793995,1,-4.32827425,0.02888505906,0.08075991273,139.7898407,1.243483543,-0.1825009584,165.8325806
0.1601407379,0.3393530548,-0.03079947457,0.007881090976,1,-1.349316478,0.03179180995,0.3397108316,0,2.48339653,0.4206130505,165.6469116
0.1601407379,0.3441966176,-0.02251350507,0.006677937694,1,0.9539716244,0.02348303236,-0.05619394779,0,3.466403246,1.30004251,163.4786377
0.1601407379,0.3490402102,-0.009389044717,0.001312054228,1,2.702369452,0.009480277076,-1.797885656,0,2.716938734,0.417776823,172.0448303
0.1649843156,0.237637952,0.01396333706,-0.000824431947,1,0.4106260836,0.01398765389,-0.185342297,0,0.7197039127,-0.06169717014,-3.378970146
0.1649843156,0.2424815297,0.01670075767,-0.001123874332,1,0.1327412426,0.01673853025,-0.2660595477,0,0.9940233231,0.1671842337,-3.849904537
0.1649843156,0.2473251075,0.01942090876,-0.00292288186,1,-0.1531714499,0.01963962615,-0.01481942832,0,0.814404726,0.4810320139,-8.55888176
0.1649843156,0.2521686852,0.01990349218,-0.003525569336,1,-0.9571421146,0.0202133283,0.4283666909,28.12165833,0.1931441128,0.2624395788,-10.04479408
0.1649843156,0.257012248,0.01572043076,-0.002119202167,1,-1.721369505,0.01586262695,0.3988598883,56.41676712,0.07462638617,0.2236293256,-7.677509308
0.1649843156,0.2618558407,0.01192736439,-0.002676826436,1,-1.40031743,0.01222405117,0.2654379606,46.34698868,0.04254722595,0.5295764804,-12.64914894
0.1649843156,0.2666994035,0.009143965319,-0.003398577683,1,-1.065802336,0.009755123407,0.2699162364,34.43268204,0.1437290609,0.193279475,-20.38881111
0.1649843156,0.2715429962,0.007461230736,-0.002305630362,1,-1.130132198,0.007809346542,0.2792652547,34.42292023,0.396710068,-0.2782278657,-17.17192078
0.1649843156,0.276386559,0.005591578316,-0.0006983164931,1,-0.9895358086,0.005635014735,0.355025202,28.02479172,0.403239131,0.007944315672,-7.118652344
0.1649843156,0.2812301517,0.004621457309,-0.0006245170953,1,-0.7398200631,0.004663463216,0.1746157408,11.03111172,0.6401981711,0.08348828554,-7.696001053
0.1649843156,0.2860737145,0.005109052174,-0.000256933592,1,-0.4910100102,0.005115508568,0.07893753797,0,0.8081538081,-0.2729546726,-2.878972054
0.1649843156,0.2909172773,0.006157563068,0.001079894835,1,-0.2216153145,0.006251540035,0.1501309872,0,1.004767656,-0.4403506517,9.947201729
0.1649843156,0.29576087,0.008902311325,0.002603110159,1,0.003158986568,0.009275091812,0.1333482414,0,1.284142733,-0.5227162838,16.29936028
0.1649843156,0.3006044328,0.01239270903,0.004257594235,1,-0.1309330463,0.01310367696,0.2346951962,0,1.353101134,-0.7979975939,18.96048546
0.1649843156,0.3054480255,0.01482197735,0.007605038118,1,-0.5155130029,0.01665915921,0.2953669131,0,1.207000613,-1.2223804,27.16199684
0.1649843156,0.3102915883,0.01574198343,0.01160892099,1,-0.656816721,0.01955957711,0.5598524809,0,1.475975037,-1.909215093,36.40690994
0.1649843156,0.315135181,0.01878963411,0.01956415921,1,-1.488640547,0.02712575532,0.5702412128,0,1.742718339,-1.661547184,46.15688705
0.1649843156,0.3199787438,0.01697262935,0.02241876163,1,-2.966583014,0.02811887302,-0.7601651549,96.67632294,0.07224535942,-1.460459232,52.87163544
0.1649843156,0.3248223364,0.004770684987,0.02295608819,1,-5.688637733,0.02344656549,-0.7490760088,184.7601013,-1.336369753,-0.6326224804,78.2600174
0.1649843156,0.3296658993,-0.01705354266,0.02185470983,1,-5.563313484,0.02772095986,0.2526203394,185.5170288,-0.7915842533,0.8567656279,127.9654236
0.1649843156,0.3345094621,-0.02600966021,0.02002987266,1,-2.822671652,0.03282831237,0.5841693878,89.68089294,0.7449040413,1.759472847,142.4003601
0.1649843156,0.3393530548,-0.02711737156,0.01616203599,1,-0.4172049165,0.03156838939,0.3180571198,0,2.136890173,1.943472147,149.2049408
0.1649843156,0.3441966176,-0.01768023148,0.01215704903,1,0.481528461,0.0214565713,-0.7536219358,0,2.160004139,1.708549261,145.4873199
0.1649843156,0.3490402102,-0.01432290301,0.004236318637,1,0.09775549173,0.01493626274,-1.781466603,0,1.288541317,1.489134789,163.5232391
0.1698278934,0.237637952,0.01322020311,8.445237472e-05,1,0.4270218015,0.01322047319,0.131796971,0,0.8896273971,-0.3534898758,0.3660078645
0.1698278934,0.2424815297,0.01640884951,0.001259714598,1,0.1540455222,0.016457133,-0.07581483573,0,1.174852848,-0.09735038131,4.390011311
0.1698278934,0.2473251075,0.01965682581,0.000188761449,1,-0.3054122925,0.01965773292,-0.4319230914,0,1.145401597,-0.05028136075,0.5501855612
0.1698278934,0.2521686852,0.02047740296,-0.0005887969164,1,-1.120332837,0.02048586681,-0.1348137408,33.29470062,0.5121651888,-0.3504956663,-1.647000194
0.1698278934,0.257012248,0.01671112329,0.001233432093,1,-1.375772476,0.01675658114,0.1902074367,45.94778442,-0.01855957508,0.02659961581,4.221292496
0.1698278934,0.2618558407,0.01372384746,0.0002036502701,1,-1.314861417,0.01372535806,0.1745081097,43.95011139,0.008881568909,0.4603366256,0.850158453
0.1698278934,0.2666994035,0.01038550865,-0.0001510005095,1,-1.39990139,0.01038660668,0.3458372355,45.6004982,0.108848393,0.1172821075,-0.8329955339
0.1698278934,0.2715429962,0.007470531855,0.001310674823,1,-1.17269063,0.007584636565,0.236978367,37.07081985,0.332819283,-0.2886691391,9.951037407
0.1698278934,0.276386559,0.006317526102,0.002395014046,1,-0.9457244277,0.006756273564,0.2133844346,26.05126381,0.5021525025,-0.1649464518,20.76203346
0.1698278934,0.2812301517,0.005322056822,0.003143149894,1,-1.009630919,0.006180912722,0.1803799868,25.68055344,0.6379455924,-0.1214301586,30.56564713
0.1698278934,0.2860737145,0.004517239053,0.003856854979,1,-0.8050220609,0.005939762574,-0.01582945883,0,0.82976228,-0.2928270102,40.4909668
0.1698278934,0.2909172773,0.00544188777,0.004484804813,1,-0.4020756185,0.00705178082,0.04505707324,0,1.0433743,-0.3664255142,39.49284363
0.1698278934,0.29576087,0.0076234187,0.005849902984,1,-0.2190885544,0.009609259665,0.1698462367,0,1.18193078,-0.5580157042,37.50117493
0.1698278934,0.3006044328,0.01010548882,0.008010260761,1,-0.3408115804,0.01289516035,0.2078558505,0,1.195300937,-0.9414720535,38.40261078
0.1698278934,0.3054480255,0.01176220458,0.01141676214,1,-0.5169577599,0.01639182493,0.2863903642,0,0.8589094877,-1.321746349,44.14616776
0.1698278934,0.3102915883,0.01176175848,0.01579939574,1,-0.3995574415,0.01969669759,0.5790188909,0,1.0068748,-1.932514191,53.33440018
0.1698278934,0.315135181,0.01470379345,0.02358156815,1,-0.2179201841,0.02779014036,-0.2680142522,0,0.1086838618,-1.889966726,58.05526352
0.1698278934,0.3199787438,0.01123266388,0.02365544811,1,-1.595692039,0.02618688531,-0.3189248443,40.04354858,-1.017196655,-1.408516169,64.59954834
0.1698278934,0.3248223364,0.00204806379,0.0288590882,1,-2.779919147,0.02893166989,0.1616680026,73.87825775,-1.70381546,-1.09004283,85.94065857
0.1698278934,0.3296658993,-0.01048465353,0.0297182072,1,-2.462294102,0.03151348606,0.7754425406,63.12994766,-1.399111509,1.706464529,109.4329605
0.1698278934,0.3345094621,-0.01665489748,0.02434962429,1,-1.472504616,0.02950067632,0.6287857294,42.13798141,-0.4601429701,2.58315897,124.3717346
0.1698278934,0.3393530548,-0.01984558254,0.02025204897,1,-0.5779098272,0.02835476398,0.3960908651,9.08599472,0.3232750893,2.366093159,134.41922
0.1698278934,0.3441966176,-0.01788824052,0.01480776537,1,0.4919472337,0.02322195284,-1.106835485,0,1.374566793,1.612710357,140.3822784
0.1698278934,0.3490402102,-0.01080497727,0.007079717703,1,0.6671416163,0.01291781478,-1.598852158,0,2.257655621,1.592187405,146.7660828
0.1746714562,0.237637952,0.01288955193,0.001416230691,1,0.3394711912,0.01296712272,0.4612922668,0,0.8879139423,-0.5314645767,6.270183086
0.1746714562,0.2424815297,0.01586201973,0.003820477985,1,-0.08257251978,0.01631562784,0.1423521787,0,0.9488258958,-0.4126108289,13.54215145
0.1746714562,0.2473251075,0.01708531752,0.004104237072,1,-0.5147846341,0.0175713636,-0.2235506177,0,0.8638741374,-0.3393888474,13.507658
0.1746714562,0.2521686852,0.01755286194,0.004381549545,1,-0.8626621962,0.01809146069,-0.2475766838,7.280591965,0.7976756692,-0.3199028671,14.01576233
0.1746714562,0.257012248,0.01677055098,0.004454554059,1,-0.8835654259,0.01735207252,-0.02962325141,27.23950195,0.3569748402,0.1039007008,14.87528801
0.1746714562,0.2618558407,0.01500227954,0.003734815866,1,-1.289749384,0.01546018291,0.07171679288,43.01095963,0.1782910228,0.1843186915,13.97960186
0.1746714562,0.2666994035,0.01138711628,0.003909158055,1,-1.660914183,0.0120394323,0.2739906013,55.21838379,0.05230653286,0.01558721066,18.94717216
0.1746714562,0.2715429962,0.007210862823,0.004986412823,1,-1.348919153,0.008767032064,0.3119877279,43.73726654,0.2008163333,-0.1846325696,34.66440201
0.1746714562,0.276386559,0.005826191045,0.006314577069,1,-1.040039659,0.008591762744,0.1842103899,28.79907227,0.5643835068,-0.304936856,47.30358887
0.1746714562,0.2812301517,0.004906984977,0.00735563552,1,-1.052083373,0.008842164651,0.01335835457,29.25006294,0.5953675508,-0.2646762431,56.29253006
0.1746714562,0.2860737145,0.003614052897,0.007661259267,1,-0.846134901,0.008470907807,-0.1405883133,9.724973679,0.7829597592,-0.2903535366,64.74530029
0.1746714562,0.2909172773,0.004600992426,0.008081032895,1,-0.4504525363,0.009299044497,-0.02386893332,0,1.154091954,-0.3805859089,60.34467316
0.1746714562,0.29576087,0.007022185251,0.009389045648,1,-0.3007031083,0.01172455773,0.2524129152,0,1.175757647,-0.4943140745,53.20672607
0.1746714562,0.3006044328,0.008839387447,0.01169786323,1,-0.3378203511,0.01466201805,0.2572977543,0,0.9128029943,-0.7502430677,52.92380524
0.1746714562,0.3054480255,0.009807158262,0.014269148,1,-0.3876345158,0.01731441356,0.2915128767,0,0.459244132,-1.096554279,55.49933624
0.1746714562,0.3102915883,0.009186234325,0.01842107438,1,-0.3645529747,0.02058453113,0.2542515993,8.566576004,0.06108804047,-1.165554404,63.49545288
0.1746714562,0.315135181,0.008337302133,0.02114608884,1,0.3152655661,0.02273032442,-0.1508533955,0,-0.4351328313,-1.554706097,68.48209381
0.1746714562,0.3199787438,0.008605647832,0.02522074431,1,-0.6954994202,0.02664851025,0.001936733723,0,-0.9692341089,-1.447855949,71.15968323
0.1746714562,0.3248223364,0.0002740359632,0.02816827223,1,-0.9145890474,0.02816960588,0.03354407847,0,-1.901077151,-0.3346891999,89.44261169
0.1746714562,0.3296658993,-0.005032250658,0.02700431086,1,-0.4269634485,0.02746918797,0.3872409761,0,-1.787608027,1.055128336,100.5559845
0.1746714562,0.3345094621,-0.0104523804,0.02493331768,1,-0.6086816788,0.02703557909,0.2827675939,0,-1.188809752,1.620068908,112.7440796
0.1746714562,0.3393530548,-0.01373854,0.02052698843,1,-0.3714263141,0.02470029891,0.1342272758,0,-0.6149541736,1.88938427,123.7940674
0.1746714562,0.3441966176,-0.01522999071,0.01643207856,1,-0.2408733368,0.02240459435,-0.2236691117,0,0.1135615483,1.549173832,132.8257446
0.1746714562,0.3490402102,-0.01435518451,0.01194008533,1,-0.4930329919,0.0186718218,-1.014653206,0,0.8542550206,0.8401654959,140.2476349
0.179515034,0.237637952,0.0128803188,0.00274087349,1,0.2374316603,0.01316871308,1.031697392,0,0.6790454388,-0.4194992483,12.0130949
0.179515034,0.2424815297,0.01509983279,0.006255365442,1,-0.01502022147,0.01634425111,0.2590614855,0,0.8511521816,-0.5926887989,22.5026226
0.179515034,0.2473251075,0.01693018898,0.006866392214,1,-0.2473781705,0.01826960966,0.02846828848,0,0.7901470065,-0.2188284397,22.07604408
0.179515034,0.2521686852,0.01772877574,0.007453166414,1,-0.5814874172,0.01923172362,-0.02946303785,0,0.6105366945,-0.1070264578,22.80185509
0.179515034,0.257012248,0.01707089134,0.007242076099,1,-0.9698050022,0.01854354329,-0.007456662133,29.80926323,0.3989867866,0.02123274654,22.98837471
0.179515034,0.2618558407,0.01496397331,0.007314207032,1,-1.305901885,0.01665587351,0.1189947128,43.25325012,0.2152221203,-0.06785653532,26.04881859
0.179515034,0.2666994035,0.01178809907,0.008147104643,1,-1.485022783,0.0143295005,0.2643933892,49.23270035,0.06528961658,-0.0458567366,34.6495018
0.179515034,0.2715429962,0.008087385446,0.008816927671,1,-1.420672774,0.01196428109,0.3552020788,46.03244781,0.1704976559,-0.06164799631,47.47119141
0.179515034,0.276386559,0.005732778925,0.01016615052,1,-1.219453573,0.01167113427,0.2256391943,38.13105774,0.3972091973,-0.2504069507,60.58097839
0.179515034,0.2812301517,0.004104780965,0.01112269424,1,-1.097000003,0.01185595058,0.0609581098,34.18344116,0.41509974,-0.2655235231,69.74364471
0.179515034,0.2860737145,0.002429941902,0.01174748968,1,-0.9327569008,0.01199617144,0.003526411951,15.92681026,0.8043599129,-0.2305646837,78.31330872
0.179515034,0.2909172773,0.003482882399,0.01225652918,1,-0.2431894243,0.01274178084,0.02107447386,0,1.073528409,-0.2377744317,74.13668823
0.179515034,0.29576087,0.006451753434,0.01300124452,1,-0.1004224122,0.01451404393,0.01272118092,0,0.9747742414,-0.3612201214,63.60749435
0.179515034,0.3006044328,0.007717873435,0.01406774297,1,-0.2295249403,0.01604577713,0.007538288832,0,0.5208749771,-0.5122084618,61.24985886
0.179515034,0.3054480255,0.007862930186,0.01551867835,1,-0.2477129251,0.01739698276,0.03401750326,5.924257278,0.1713078171,-0.7491380572,63.12979889
0.179515034,0.3102915883,0.007347799372,0.01786101796,1,-0.08177423477,0.01931336708,0.1381981671,0,-0.2114250958,-0.7760603428,67.63835144
0.179515034,0.315135181,0.006442796439,0.01994696073,1,-0.1317076832,0.02096165158,0.1893619299,0,-0.512144208,-0.7332158089,72.09973145
0.179515034,0.3199787438,0.004229252692,0.02232959494,1,-0.08879512548,0.02272657864,-0.101421684,0,-1.119681358,-0.9549236298,79.27515411
0.179515034,0.3248223364,0.0005894461065,0.02408096381,1,-0.04776293039,0.02408817783,0.1396890581,0,-1.547687531,-0.02511364222,88.59780884
0.179515034,0.3296658993,-0.003498435952,0.02312782966,1,-0.0773666501,0.02339092828,0.05323293805,0,-1.580054045,0.5778944492,98.60164642
0.179515034,0.3345094621,-0.007438375149,0.02153973281,1,0.007872402668,0.02278792486,0.1038813889,0,-1.359278679,0.9411395788,109.0514755
0.179515034,0.3393530548,-0.01004407741,0.01907250471,1,-0.1068884432,0.02155560069,0.1117056012,0,-0.7250771523,1.147146225,117.7724609
0.179515034,0.3441966176,-0.01146806497,0.01652449556,1,-0.2292253077,0.02011406049,0.1424720883,4.975867271,-0.1023567319,1.271204472,124.7608109
0.179515034,0.3490402102,-0.01165012084,0.01360540185,1,-0.3884650469,0.0179117918,-0.02870053053,0,0.3132911325,1.176641941,130.572998
0.1843586117,0.237637952,0.01585478149,0.00355522125,1,-0.3316380978,0.01624849811,1.052305698,0,-0.3326277733,-0.789568305,12.63874054
0.1843586117,0.2424815297,0.01424606983,0.00801585149,1,-0.1972759515,0.01634638757,0.347642839,0,0.2609709799,-0.8032315373,29.36520004
0.1843586117,0.2473251075,0.01616329327,0.009129570797,1,-0.1073790491,0.01856343448,0.02719703317,0,0.6536064148,-0.4144929349,29.45922089
0.1843586117,0.2521686852,0.01689176448,0.0101552112,1,-0.3070427477,0.01970938966,-0.02793630958,0,0.4461928308,-0.4315297306,31.0139904
0.1843586117,0.257012248,0.01683727652,0.01108440384,1,-0.6742345095,0.02015832067,-0.04924230278,19.65782166,0.3352715969,-0.2448182553,33.35791779
0.1843586117,0.2618558407,0.0152499713,0.01110249851,1,-1.105799794,0.01886337996,-0.005514297634,36.68290329,0.1991020441,-0.07443298399,36.05589294
0.1843586117,0.2666994035,0.0124456156,0.01141821686,1,-1.402665734,0.01688990928,0.2095279694,46.75765991,0.03647387028,-0.1189218462,42.53479004
0.1843586117,0.2715429962,0.00863271486,0.01269337069,1,-1.464243889,0.01535074692,0.353944391,47.85388184,0.07283657789,-0.2090263069,55.78052521
0.1843586117,0.276386559,0.005706226453,0.01414500922,1,-1.210707903,0.01525261626,0.21762757,39.36297226,0.2369321585,-0.1924488991,68.03040314
0.1843586117,0.2812301517,0.003916156478,0.01467960794,1,-0.9468145967,0.01519299764,0.3083398938,28.58737755,0.2878283858,-0.09014864266,75.06277466
0.1843586117,0.2860737145,0.002514375374,0.01607511938,1,-0.5677132607,0.01627057418,0.276290983,1.995286584,0.4924035966,0.3219082057,81.11016083
0.1843586117,0.2909172773,0.003551389324,0.01445865817,1,-0.001108467579,0.01488842349,-0.01101946831,0,0.5832872391,0.2941837013,76.19999695
0.1843586117,0.29576087,0.005334203597,0.01459684409,1,0.04608777165,0.0155409649,-0.02221342176,0,0.5409965515,-0.2026225328,69.92591095
0.1843586117,0.3006044328,0.006394978147,0.01533248369,1,-0.07909683138,0.01661266945,0.02978545427,0,0.2874578536,-0.3215795159,67.35961914
0.1843586117,0.3054480255,0.006343416404,0.01629870757,1,-0.08211740106,0.01748961955,0.05118000507,2.052004099,0.02053505741,-0.4568363428,68.73413849
0.1843586117,0.3102915883,0.006096699275,0.01779310033,1,0.03567633033,0.01880862005,0.07763113081,0,-0.1678746194,-0.5427176356,71.08628845
0.1843586117,0.315135181,0.005703103729,0.01930341497,1,-0.06555041671,0.02012826875,0.05030238628,0,-0.4727999866,-0.4523149133,73.54047394
0.1843586117,0.3199787438,0.003489157185,0.02022756636,1,-0.07802841067,0.0205262918,0.08452188224,0,-0.9282758236,-0.2457826436,80.2130661
0.1843586117,0.3248223364,0.0008289908874,0.02090327069,1,-0.1147404313,0.02091970295,0.02601858601,0,-1.013453245,0.1295862943,87.72892761
0.1843586117,0.3296658993,-0.001975336112,0.01972592808,1,-0.2008778453,0.01982458495,-0.05076441169,0,-1.083245277,0.4843491018,95.71848297
0.1843586117,0.3345094621,-0.00539074,0.01831141487,1,-0.1381659508,0.0190884266,0.1232611537,0,-1.031600952,0.5760637522,106.4040222
0.1843586117,0.3393530548,-0.007641192991,0.01753274351,1,-0.03942102194,0.01912550442,0.3217397034,0,-0.5783038735,0.5828769207,113.5487366
0.1843586117,0.3441966176,-0.008382738568,0.01704657637,1,-0.07498833537,0.01899621263,0.3047962785,0,-0.1632340401,0.7576944232,116.1858902
0.1843586117,0.3490402102,-0.008795041591,0.01533909608,1,-0.2892440557,0.01768164709,0.2532265186,0,0.1189972907,0.95827353,119.8288422
0.1892021894,0.237637952,0.01415290777,0.002736079972,1,-0.4712574482,0.01441495493,0.4504118562,0,-0.04891771078,-1.919258118,10.94160461
0.1892021894,0.2424815297,0.01289315335,0.008474919945,1,0.2469186187,0.01542911772,0.4062590003,0,-0.06081995368,-1.207466364,33.31769943
0.1892021894,0.2473251075,0.01505429111,0.01055228431,1,0.2153353095,0.01838429645,-0.1137690246,0,0.3235561848,-0.6560544968,35.02848434
0.1892021894,0.2521686852,0.01550331619,0.01110152155,1,-0.06089686602,0.01906820945,-0.1952385306,0,0.1831816733,-0.5213230252,35.60546494
0.1892021894,0.257012248,0.01564658619,0.0121316975,1,-0.2554377615,0.01979883201,-0.1407773197,6.855051517,0.06413831562,-0.6637542248,37.78847885
0.1892021894,0.2618558407,0.01457674243,0.01363460068,1,-0.6924835443,0.01995955408,-0.07560089231,23.20977592,-0.01352956891,-0.6920856237,43.08727264
0.1892021894,0.2666994035,0.0122269569,0.01511768904,1,-1.101598144,0.01944332756,0.02972137928,37.00417709,-0.09326958656,-0.512707293,51.0345993
0.1892021894,0.2715429962,0.008789307438,0.01626189612,1,-1.085412383,0.01848516241,0.1213932186,35.53759766,-0.2301901281,-0.3039574027,61.60945511
0.1892021894,0.276386559,0.005854733754,0.01717790775,1,-0.6659703851,0.01814823411,0.1937414408,21.30518913,-0.08300083876,0.02013271302,71.17938995
0.1892021894,0.2812301517,0.005161607172,0.01710278355,1,-0.2945727408,0.01786469668,0.2719223201,0,0.1856929958,0.3329638541,73.20623016
0.1892021894,0.2860737145,0.005327366292,0.01688224822,1,-0.0222539939,0.01770285703,0.1944285929,0,-0.04116972163,0.6105867624,72.4863739
0.1892021894,0.2909172773,0.004854410421,0.01508709509,1,0.01865302399,0.01584883966,0.06898716092,0,-0.01134917606,0.3753463328,72.16394806
0.1892021894,0.29576087,0.005362743046,0.01539837383,1,0.2150779963,0.0163054876,0.08013533056,6.10108757,0.08431554586,-0.07596497238,70.79846954
0.1892021894,0.3006044328,0.006304546259,0.01584317908,1,0.1751796305,0.01705149934,0.01584430039,5.464792252,-0.06464993209,-0.1116461158,68.3006897
0.1892021894,0.3054480255,0.005898102187,0.01601588354,1,0.1519930065,0.01706739888,-0.01136229932,0,-0.4016905725,-0.2244122624,69.78297424
0.1892021894,0.3102915883,0.005095116794,0.01687510312,1,0.2760915756,0.01762751676,0.04836054146,0,-0.5656470656,-0.3559959531,73.1993103
0.1892021894,0.315135181,0.004495617468,0.01797441579,1,0.2256265134,0.01852809265,-0.006748825312,0,-0.5656526685,-0.2826300859,75.9577179
0.1892021894,0.3199787438,0.003448173637,0.01821135543,1,-0.2166958898,0.01853492297,0.143316716,0,-0.4341632724,-0.2187220752,79.27842712
0.1892021894,0.3248223364,0.001343130483,0.01972797886,1,-0.6449333429,0.01977364719,0.2027585059,16.80582619,-0.3556717336,0.07007575035,86.1051712
0.1892021894,0.3296658993,-0.001398334862,0.01885401458,1,-0.7633711696,0.01890579797,-0.07499879599,22.7331295,-0.3503277898,0.4443849921,94.24165344
0.1892021894,0.3345094621,-0.00405114051,0.01721231081,1,-0.5745751858,0.01768262871,0.1495498419,15.6105442,-0.3057990968,0.6433234215,103.2442627
0.1892021894,0.3393530548,-0.005662496202,0.01646238379,1,-0.1046386659,0.01740901917,0.3179863989,0,-0.3641611338,0.548237741,108.9814606
0.1892021894,0.3441966176,-0.006321808789,0.01609707065,1,0.2282023877,0.01729395613,0.05871722847,0,-0.2529011369,0.2403253913,111.4414444
0.1892021894,0.3490402102,-0.005782126449,0.01558275055,1,0.272773385,0.01662092283,-0.1697222441,0,-0.04992955923,0.04264907539,110.3578491
0.1940457672,0.237637952,0.008740310557,0.005600856617,1,-0.2559528947,0.01038087811,-0.9266204834,0,0.9269647002,-1.308337927,32.65205383
0.1940457672,0.2424815297,0.01036535949,0.006525295787,1,0.7838762999,0.01224827208,-0.103507936,0,-0.0211584866,-0.9402634501,32.19161224
0.1940457672,0.2473251075,0.0124345934,0.009653747082,1,0.5009476542,0.01574210636,-0.04410651326,0,0.129925549,-1.03761363,37.82440948
0.1940457672,0.2521686852,0.01342104282,0.01133742463,1,0.003516685218,0.01756876707,-0.1224295199,0,0.1009252965,-0.7373784781,40.18944931
0.1940457672,0.257012248,0.01294046547,0.01263229549,1,-0.2983968556,0.01808398589,-0.2434772253,0,-0.091690965,-0.8739285469,44.30957794
0.1940457672,0.2618558407,0.01153162215,0.01439106464,1,-0.4487547874,0.01844128594,-0.2498567402,0,-0.1363972872,-1.007527947,51.29465485
0.1940457672,0.2666994035,0.01010623574,0.01630213484,1,-0.6350741982,0.01918060519,-0.1854827702,0,-0.1459953189,-0.6902009249,58.20384598
0.1940457672,0.2715429962,0.007748451084,0.01683570631,1,-0.465741843,0.01853320003,-0.1460883021,0,-0.2288053334,-0.2836999297,65.28626251
0.1940457672,0.276386559,0.006742142607,0.01696866751,1,-0.04996315762,0.01825902984,0.2007734627,0,-0.136362195,0.1656535417,68.33065033
0.1940457672,0.2812301517,0.006845969707,0.01700581238,1,-0.0139019303,0.01833207533,0.2460533679,0,-0.05394306406,0.4494501054,68.07194519
0.1940457672,0.2860737145,0.006413530093,0.01598349959,1,0.06762326509,0.01722224243,-0.05369509757,0,-0.3034861386,0.5021916032,68.13641357
0.1940457672,0.2909172773,0.005703553092,0.01431334019,1,0.050415501,0.01540786214,-0.03321182728,0,-0.2690817714,0.3838380575,68.27380371
0.1940457672,0.29576087,0.005354403052,0.01396348607,1,0.3197199702,0.01495488454,-0.01643098891,0,-0.2727708817,0.01298725605,69.02030945
0.1940457672,0.3006044328,0.00593095459,0.01417085063,1,0.329475224,0.01536194049,-0.1129094362,0,-0.3610591292,-0.04135325179,67.28913116
0.1940457672,0.3054480255,0.005201424006,0.0136168981,1,0.3585840464,0.01457651239,-0.1907818317,0,-0.6320000291,-0.09688907117,69.09399414
0.1940457672,0.3102915883,0.004606643226,0.01371607371,1,0.5593085885,0.01446899585,0.09052681178,0,-0.7451112866,-0.2922262847,71.43500519
0.1940457672,0.315135181,0.00430147443,0.01547079254,1,0.3638352454,0.01605764963,0.5233616829,0,-0.6699556112,-0.6035268307,74.4620285
0.1940457672,0.3199787438,0.003123925533,0.01917424612,1,-0.4208429456,0.01942705922,0.638478756,0,-0.02324812114,-0.772366643,80.74650574
0.1940457672,0.3248223364,0.002150484826,0.02230433188,1,-0.8736121655,0.02240776271,0.4301570654,0,0.190210104,-0.09678597748,84.49281311
0.1940457672,0.3296658993,-0.0001861853962,0.02172653563,1,-0.9750989676,0.02172733285,-0.02754041553,0,0.2110164464,0.5280586481,90.49098206
0.1940457672,0.3345094621,-0.001550396672,0.01961325295,1,-0.8321604729,0.01967443712,-0.04638320208,0,0.1592315137,1.078985214,94.51974487
0.1940457672,0.3393530548,-0.003445569193,0.01627572626,1,-0.5172406435,0.01663644239,-0.04780399799,0,-0.5943149328,0.9632128477,101.9530258
0.1940457672,0.3441966176,-0.006934302393,0.01471631415,1,-0.3306902945,0.01626820303,-0.3844941258,0,-0.9008293152,0.13158454,115.2297287
0.1940457672,0.3490402102,-0.009410530329,0.01377605926,1,-0.1382302642,0.01668346114,-0.9432399273,0,-0.8842454553,-0.5549930334,124.3372803
