PIVlab, ASCII chart output - 13-Mar-2024
FRAME: 2, filenames: A:[2]2 vortices tapados mismo sentido clase 4.mp4 & B:[3]2 vortices tapados mismo sentido clase 4.mp4, conversion factor xy (px -> m): 0.00030272, conversion factor uv (px/frame -> m/s): 0.0090842
x [m],y [m],u [m/s],v [m/s],Vector type [-],vorticity [1/s],magnitude [m/s],divergence [1/s],dcev [1],simple shear [1/s],simple strain [1/s],vector direction [degrees]
0.1262357086,0.237637952,0.001946952776,-0.01051492058,1,-0.6127632856,0.01069365162,2.388677359,0,2.95123148,0.9260782599,-79.50986481
0.1262357086,0.2424815297,0.00761022931,-0.00697281491,1,0.4009160995,0.01032161526,0.8576781154,0,1.654592276,-0.1626147628,-42.49723434
0.1262357086,0.2473251075,0.01190296747,-0.005573052447,1,0.5773394108,0.01314304117,-0.5700780749,0,0.4857221842,-0.6395115256,-25.08932114
0.1262357086,0.2521686852,0.01275925059,-0.00663650874,1,0.2335178852,0.01438199263,-0.9936570525,0,-0.06462300569,-0.5893384814,-27.48043633
0.1262357086,0.257012248,0.01272102166,-0.007531397976,1,0.00945481658,0.0147833135,-0.8122224808,0,-0.2001197487,-0.440226078,-30.62737846
0.1262357086,0.2618558407,0.01183575019,-0.008438302204,1,-0.4173828363,0.01453581546,-0.6390345693,0,-0.3426303267,-0.3883473277,-35.48698425
0.1262357086,0.2666994035,0.009039838798,-0.008745620959,1,-0.5746620297,0.01257793978,-0.1255850792,0,-0.5039735436,-0.229393512,-44.05226517
0.1262357086,0.2715429962,0.006611295044,-0.00793549791,1,-0.1685382277,0.01032866631,0.2253970504,0,-0.5095515251,-0.04580786079,-50.20132828
0.1262357086,0.276386559,0.005755458493,-0.007432018872,1,0.02441690862,0.00940001104,0.3259162903,0,-0.3240966201,0.1709130108,-52.24530792
0.1262357086,0.2812301517,0.005159772933,-0.007184727583,1,0.03006291389,0.008845539764,0.556106925,0,-0.1593095064,0.2963647544,-54.31566238
0.1262357086,0.2860737145,0.00512944255,-0.006173937581,1,0.165864408,0.008026747964,0.5207445621,0,-0.1942192316,0.2281953841,-50.27945328
0.1262357086,0.2909172773,0.005022434518,-0.005767747294,1,0.1562266499,0.007647990249,0.2577937543,0,-0.3504106998,0.4457407296,-48.95132828
0.1262357086,0.29576087,0.004188897088,-0.007084273268,1,0.003281988204,0.00823005382,0.4404982924,0,-0.1618390679,0.7840595841,-59.40437698
0.1262357086,0.3006044328,0.004254451022,-0.00743181305,1,0.3348690271,0.008563422598,0.7127705812,0,-0.2547253966,1.052340746,-60.21038437
0.1262357086,0.3054480255,0.004577078857,-0.008729008026,1,0.1194983497,0.009856227785,0.440538466,0,-0.07233180851,0.8192815185,-62.32960892
0.1262357086,0.3102915883,0.004482905846,-0.009266284294,1,-0.008948601782,0.01029371005,0.09370531142,0,-0.245636642,0.5442255735,-64.18292236
0.1262357086,0.315135181,0.003343975404,-0.0109111378,1,0.320335418,0.01141205989,-0.1209257841,0,-0.4093331993,0.7835497856,-72.96108246
0.1262357086,0.3199787438,0.00405183807,-0.01364718191,1,0.4271613955,0.01423597429,-0.4694655538,0,-0.4849687219,0.4730792642,-73.46388245
0.1262357086,0.3248223364,0.003063981188,-0.01547642704,1,-0.3646410704,0.01577681117,-0.8210611343,0,-0.3282981515,0.3071542084,-78.80154419
0.1262357086,0.3296658993,0.0006955330027,-0.01911178045,1,-1.644571066,0.01912443154,-0.9794976711,0,0.3242976069,0.1859275103,-87.91576385
0.1262357086,0.3345094621,-0.003330846084,-0.02112123743,1,-2.106911898,0.02138226293,-0.1121267229,0,0.7164272666,-0.3889074922,-98.96180725
0.1262357086,0.3393530548,-0.006039387546,-0.01777117141,1,-1.153910756,0.01876935735,1.58052361,0,-0.008449435234,-1.870984077,-108.7699127
0.1262357086,0.3441966176,-0.008960828185,-0.004403591622,1,1.450594902,0.00998439081,4.777215481,0,-2.849521637,-4.763082981,-153.8292694
0.1262357086,0.3490402102,-0.01281519793,0.0284380056,1,7.715555191,0.03119213879,7.032144547,0,-9.307087898,-6.528697014,114.2580566
0.1310792714,0.237637952,0.009974566288,-0.001883703982,1,-1.100613475,0.01015087776,0.5272769928,0,0.8193975687,1.374989629,-10.69439888
0.1310792714,0.2424815297,0.009293520823,-0.003936685156,1,-0.4383998215,0.01009291969,-0.1024942994,10.78137016,0.2317425907,0.7050131559,-22.9572525
0.1310792714,0.2473251075,0.008973605931,-0.00579492934,1,-0.03589773923,0.01068207901,-0.5605264902,0,-0.04006665945,0.1459462345,-32.85336304
0.1310792714,0.2521686852,0.008925581351,-0.007358540781,1,0.1588724554,0.01156780589,-0.515891552,0,-0.01140702516,-0.05259439349,-39.50328445
0.1310792714,0.257012248,0.009687865153,-0.008038941771,1,0.08399993181,0.01258885674,-0.418471992,0,0.003141116351,-0.2329217196,-39.68571472
0.1310792714,0.2618558407,0.00934765581,-0.008257267997,1,-0.1903045475,0.01247241534,-0.3081646562,0,-0.1209750473,-0.1976085305,-41.45582581
0.1310792714,0.2666994035,0.008180158213,-0.008574428968,1,-0.2675585747,0.01185056195,-0.07298764586,4.586854458,-0.207593292,0.03108614311,-46.34804153
0.1310792714,0.2715429962,0.007046220824,-0.008761357516,1,-0.03763128817,0.01124324743,0.1122006327,0,-0.2145557851,0.050596077,-51.19242096
0.1310792714,0.276386559,0.006958670449,-0.008276042528,1,0.1213735193,0.01081276964,0.203225255,0,-0.08461306989,-0.02759817988,-49.94216919
0.1310792714,0.2812301517,0.007224272937,-0.007643346209,1,-0.007676543202,0.01051716972,0.2863820493,0,0.004484889563,0.03242492676,-46.61456299
0.1310792714,0.2860737145,0.006943211425,-0.007045981474,1,-0.01397303119,0.009892120026,0.228782177,0,-0.08885039389,0.09486546367,-45.42090607
0.1310792714,0.2909172773,0.006726241205,-0.006994712166,1,0.1426384449,0.009704035707,0.2165242732,0,-0.09901427478,0.306990236,-46.12093353
0.1310792714,0.29576087,0.007154508494,-0.007484160364,1,0.2245598435,0.01035372633,0.2342689037,0,0.1476698816,0.6193085909,-46.29003906
0.1310792714,0.3006044328,0.008529164828,-0.008859681897,1,0.07327054441,0.01229799259,0.2841068506,0,0.02450406365,0.6370315552,-46.08891296
0.1310792714,0.3054480255,0.00762808742,-0.009193578735,1,-0.2570090294,0.01194611285,0.3176260591,0,-0.2594129443,0.5199164152,-50.31685638
0.1310792714,0.3102915883,0.006027834956,-0.009839490987,1,-0.1276274621,0.01153908018,0.02943629026,0,-0.4255548418,0.7488749623,-58.50767517
0.1310792714,0.315135181,0.0049487059,-0.01267823577,1,0.06378862262,0.01360982563,-0.1567524374,0,-0.46994403,1.085443258,-68.67776489
0.1310792714,0.3199787438,0.004060589708,-0.01585616171,1,-0.009468615055,0.01636784151,-0.08389097452,0,-0.6366024017,0.4756492376,-75.63587952
0.1310792714,0.3248223364,0.001819410943,-0.0153884124,1,-0.2815265357,0.01549559552,0.1799129546,0,-0.8100033998,-0.1323666871,-83.25707245
0.1310792714,0.3296658993,-0.001226320514,-0.01434361096,1,-0.7145392895,0.01439593825,0.03948891908,11.6660099,-0.5992977619,-0.1885839999,-94.88667297
0.1310792714,0.3345094621,-0.004544241354,-0.01428372692,1,-0.9146918058,0.01498916186,-0.1738945097,26.20569801,-0.2242387235,-0.03897286952,-107.6480103
0.1310792714,0.3393530548,-0.006742819212,-0.01499711443,1,-0.5974646807,0.01644320786,-0.1939615458,14.29194164,-0.3073131442,-0.08375228941,-114.209053
0.1310792714,0.3441966176,-0.008926603012,-0.01481753401,1,0.7675104141,0.01729865745,0.1461730599,0,-1.769484639,-0.3101009429,-121.0662384
0.1310792714,0.3490402102,-0.01159595884,-0.01278711576,1,4.470838547,0.01726199873,0.5324074626,0,-5.573060036,-0.3059860468,-132.2032318
0.1359228492,0.237637952,0.01116071548,-0.001215211698,1,-0.1834455132,0.01122667827,-0.4221797287,0,-0.07757788897,0.6149549484,-6.214053631
0.1359228492,0.2424815297,0.0105285719,-0.003726932919,1,-0.2111665606,0.01116874442,-0.07818710804,5.714945793,-0.05016854405,0.8256970644,-19.49308586
0.1359228492,0.2473251075,0.00989491865,-0.005593244918,1,-0.136878863,0.01136634592,-0.003801971674,4.030206203,0.02893735468,0.7671852112,-29.47792816
0.1359228492,0.2521686852,0.01000574883,-0.007461269386,1,-0.1141077802,0.01248140819,0.03914107382,2.914872646,0.04618922621,0.5201495886,-36.71183014
0.1359228492,0.257012248,0.009565950371,-0.007923043333,1,-0.1284044981,0.01242103148,0.03714559227,3.704199791,0.0004522427917,0.1695333719,-39.63341141
0.1359228492,0.2618558407,0.009386002086,-0.00810249988,1,-0.08261747658,0.01239949744,0.06833848357,0,-0.06790441275,0.1782018244,-40.80251694
0.1359228492,0.2666994035,0.008836885914,-0.008455174975,1,-0.1811232269,0.01223031245,0.03797988594,0,-0.2289434373,0.1804250628,-43.7354393
0.1359228492,0.2715429962,0.007399812341,-0.008792444132,1,-0.2296695858,0.01149192266,0.005916211754,0,-0.2308918983,0.0006627407856,-49.91568375
0.1359228492,0.276386559,0.006606120616,-0.00842972938,1,-0.1082219929,0.01070986316,0.08492795378,1.7161237,-0.03544771299,-0.2591609359,-51.91529083
0.1359228492,0.2812301517,0.006703936961,-0.007125822827,1,-0.1290796995,0.009783666581,0.0705942139,0,0.1478534341,-0.3202569485,-46.74730301
0.1359228492,0.2860737145,0.006697052624,-0.006536611356,1,-0.0871572718,0.009358300827,-0.07033741474,0,0.2635102868,-0.1090720296,-44.30539322
0.1359228492,0.2909172773,0.007558113895,-0.006938209292,1,-0.01180714369,0.01025981642,-0.04597666487,0,0.3475521505,0.1439828724,-42.55135727
0.1359228492,0.29576087,0.008323259652,-0.007456695195,1,-0.08712687343,0.01117492467,0.07046750188,0,0.3261930645,0.2211428285,-41.85673141
0.1359228492,0.3006044328,0.008716049604,-0.007668016944,1,-0.2525992393,0.01160896197,0.009845539927,0,0.3167078495,0.2749298215,-41.33997345
0.1359228492,0.3054480255,0.008633774705,-0.008740651421,1,-0.2121320069,0.01228580717,0.09049019217,4.594813824,0.1164716184,0.7183936834,-45.3524437
0.1359228492,0.3102915883,0.008252711035,-0.01070931647,1,-0.07149370015,0.01352023333,0.151453048,0,-0.09194342792,1.133301258,-52.38178253
0.1359228492,0.315135181,0.007842154242,-0.01349630952,1,-0.1586019248,0.01560928486,0.1203780174,0,-0.316948235,1.354059458,-59.84087753
0.1359228492,0.3199787438,0.005949346814,-0.01668474823,1,-0.3119622171,0.01771371067,0.1542190611,0,-0.6269881725,1.09150815,-70.37509155
0.1359228492,0.3248223364,0.003294274909,-0.01803614199,1,-0.06799197197,0.01833452098,0.2838455141,0,-1.165799737,0.6696866751,-79.64910126
0.1359228492,0.3296658993,-2.661945655e-05,-0.01855359972,1,0.02874094248,0.01855361834,0.3287603557,0,-1.609428406,0.2752537131,-90.0821991
0.1359228492,0.3345094621,-0.004361884203,-0.01777697913,1,-0.0403868556,0.01830429025,0.2826071382,0,-1.478716373,-0.1690832824,-103.7861328
0.1359228492,0.3393530548,-0.00738451397,-0.01636580192,1,-0.138133347,0.01795467921,-0.05895531923,0,-0.975287497,-0.2830198407,-114.2856598
0.1359228492,0.3441966176,-0.009754824452,-0.01669170521,1,-0.3410046101,0.0193331223,-0.6389035583,0,-0.5537876487,0.1548320502,-120.3024979
0.1359228492,0.3490402102,-0.01171850972,-0.02021032199,1,-0.5374433398,0.02336194739,-0.8142967224,0,-0.2733950019,0.6385986805,-120.1063614
0.1407664269,0.237637952,0.01090828795,-0.001370925922,1,0.5961207151,0.01099409815,-0.6396600008,0,0.2321329564,0.09779188037,-7.16323185
0.1407664269,0.2424815297,0.0129141435,-0.003156878753,1,0.03092627227,0.01329439692,0.07077684999,0,0.3330245614,0.8183357716,-13.73663807
0.1407664269,0.2473251075,0.01267111208,-0.004991785623,1,-0.2889041305,0.01361892093,0.2071559727,6.02287674,0.02472041547,0.9143297672,-21.50196457
0.1407664269,0.2521686852,0.01163454913,-0.006582129747,1,-0.3865861893,0.01336739119,0.3185687363,6.564649582,-0.02265352011,0.8188254833,-29.49857712
0.1407664269,0.257012248,0.01068893075,-0.007414814085,1,-0.1411077231,0.01300894748,0.2744787931,0,-0.0845015794,0.6056129932,-34.74869537
0.1407664269,0.2618558407,0.01054179296,-0.008186004125,1,0.0479491204,0.01334691234,0.09457218647,0,-0.3475027084,0.3818052709,-37.83036423
0.1407664269,0.2666994035,0.009238019586,-0.008806049824,1,-0.0570962131,0.01276274025,-0.1074590757,0,-0.6580170393,0.01255010813,-43.62861633
0.1407664269,0.2715429962,0.007078086492,-0.008767277934,1,-0.2517619729,0.01126785111,-0.1133265942,0,-0.3930630684,-0.2955256104,-51.08502579
0.1407664269,0.276386559,0.006114759482,-0.007923554629,1,-0.2401060462,0.01000864618,0.007387161255,7.205808163,0.02062480897,-0.501591742,-52.34194565
0.1407664269,0.2812301517,0.006015012041,-0.006301999092,1,-0.2038470507,0.008711805567,0.02508810163,1.569478393,0.195478946,-0.5067622662,-46.33475113
0.1407664269,0.2860737145,0.006074227858,-0.005347495899,1,-0.1501989067,0.008092709817,-0.0900234282,0,0.3950454891,-0.3063665628,-41.35934067
0.1407664269,0.2909172773,0.007200941909,-0.005254127551,1,-0.1729098856,0.008914001286,-0.1477492601,0,0.6875538826,-0.1199356839,-36.11615753
0.1407664269,0.29576087,0.008566945791,-0.005482213106,1,-0.217913717,0.01017090119,-0.06652427465,0,0.77691257,0.1085676178,-32.61624527
0.1407664269,0.3006044328,0.009908496402,-0.006102198735,1,-0.08473134041,0.01163680106,-0.001889377832,0,0.6997795105,0.4357516468,-31.62705421
0.1407664269,0.3054480255,0.01154597942,-0.007601961493,1,-0.07244470716,0.01382387243,0.1035009921,0,0.5560016632,0.8955482244,-33.3612175
0.1407664269,0.3102915883,0.01225064229,-0.009938540868,1,-0.1578540802,0.01577506959,0.2911660671,0,0.2702253461,1.49755466,-39.05127716
0.1407664269,0.315135181,0.0120902583,-0.01344519854,1,-0.3027955294,0.01808169484,0.3096212149,0,-0.1423870027,1.846392989,-48.03733063
0.1407664269,0.3199787438,0.01009436604,-0.01738201454,1,-0.4264833331,0.02010051347,0.1719870567,0,-0.7404928803,1.670988798,-59.85470963
0.1407664269,0.3248223364,0.006437918171,-0.02070572972,1,0.004688620567,0.02168349735,0.2536048889,0,-1.737931728,1.26446867,-72.7282486
0.1407664269,0.3296658993,0.001699268585,-0.02227821201,1,0.3511217833,0.02234292403,0.1814255714,0,-2.504969597,0.2938754559,-85.63821411
0.1407664269,0.3345094621,-0.003994379658,-0.02125038765,1,-0.132144928,0.02162253484,0.229319036,0,-1.952774882,-0.4367746115,-100.6455154
0.1407664269,0.3393530548,-0.008399202488,-0.01905193552,1,-0.195775032,0.02082121186,0.2203937471,0,-1.306598186,-0.8949433565,-113.7906799
0.1407664269,0.3441966176,-0.01127124112,-0.01584816538,1,-0.6199865341,0.01944749802,0.05666851997,17.43349648,-0.2157105505,-1.500808001,-125.4204941
0.1407664269,0.3490402102,-0.01244696602,-0.01150817703,1,-1.698689699,0.01695184596,0.4855766594,0,1.213213205,-1.306476831,-137.2442474
0.1456100047,0.237637952,0.008536134847,-0.002978214761,1,1.725633383,0.009040761739,-0.2811627984,0,0.8753046989,-0.5762002468,-19.23362541
0.1456100047,0.2424815297,0.01483505778,-0.002263696399,1,0.309828788,0.01500677411,0.1031469405,0,1.092190027,0.3294187784,-8.675896645
0.1456100047,0.2473251075,0.01532692183,-0.004074180033,1,-0.2647687793,0.01585917547,0.2831702828,0,0.4051088691,0.9923231006,-14.88603878
0.1456100047,0.2521686852,0.01551480591,-0.005698533263,1,-0.3567621112,0.01652823202,0.4535045326,0,0.04744924605,1.191531777,-20.16810417
0.1456100047,0.257012248,0.01382874325,-0.007648867089,1,-0.3474768698,0.01580314152,0.1860693693,0,-0.4414921105,1.07784164,-28.94758224
0.1456100047,0.2618558407,0.01169337332,-0.01001790166,1,-0.1210776865,0.01539783552,-0.1890475005,0,-1.004444957,0.5783427358,-40.58719635
0.1456100047,0.2666994035,0.008377186954,-0.01136578154,1,-0.1824133098,0.01411942765,-0.1669628322,0,-1.112882972,-0.2786684036,-53.60780716
0.1456100047,0.2715429962,0.005419504829,-0.009476847015,1,-0.2873466611,0.01091703586,-0.04879745841,0,-0.5725104213,-0.9157025814,-60.23614883
0.1456100047,0.276386559,0.004212402273,-0.007166859228,1,-0.2243390381,0.008313134313,-0.1128262579,5.838789463,0.007847376168,-0.9975422621,-59.55463791
0.1456100047,0.2812301517,0.004370910581,-0.005191656295,1,-0.2371461242,0.006786615588,-0.08567932248,0,0.3537344635,-0.7610440254,-49.90561676
0.1456100047,0.2860737145,0.004777106922,-0.003895677626,1,-0.2056952566,0.006164174993,0.0696695894,0,0.5960381627,-0.4302041531,-39.19686127
0.1456100047,0.2909172773,0.006261561066,-0.002770486288,1,-0.1005834639,0.006847097073,0.0277961269,0,0.8747618198,-0.2318262458,-23.86744118
0.1456100047,0.29576087,0.008526899852,-0.002638176549,1,-0.05645853281,0.00892569311,-0.1614757776,0,0.9970719814,0.06515240669,-17.19178391
0.1456100047,0.3006044328,0.01081749517,-0.003868177533,1,-0.05095380545,0.01148829795,-0.1481700689,0,1.072068214,0.4832941294,-19.67630386
0.1456100047,0.3054480255,0.01347274706,-0.005696722306,1,0.04164040089,0.01462762989,-0.1661708653,0,1.217557669,0.8181641102,-22.92024612
0.1456100047,0.3102915883,0.01691651903,-0.008635880426,1,0.06630855799,0.0189933423,-0.09273165464,0,0.9272192717,1.357154369,-27.0443058
0.1456100047,0.315135181,0.01828497648,-0.01271935832,1,-0.5022339225,0.02227380499,0.3204294443,11.39678574,0.08093887568,2.296199799,-34.82316589
0.1456100047,0.3199787438,0.01487594377,-0.01820567809,1,-0.7642851472,0.02351043187,0.1011701822,0,-0.8126057982,2.941488266,-50.7475853
0.1456100047,0.3248223364,0.01064718235,-0.02647665888,1,-0.468136251,0.02853727341,-0.9174447656,0,-2.133330345,2.010478497,-68.0932312
0.1456100047,0.3296658993,0.002275537932,-0.03238730133,1,-0.02346777916,0.03246714175,-0.3435148299,0,-3.282754183,-0.3190117776,-85.98098755
0.1456100047,0.3345094621,-0.005366711412,-0.02659534104,1,-0.6049386263,0.0271314159,0.3499387503,0,-2.064015388,-1.84702003,-101.4085846
0.1456100047,0.3393530548,-0.0106517477,-0.02174616046,1,-0.9811429977,0.02421477251,0.6386994123,0,-1.368961692,-1.810270905,-116.0966339
0.1456100047,0.3441966176,-0.01674962603,-0.01473356318,1,-0.8334394693,0.02230757475,0.6214028597,15.52372074,-0.2077032328,-2.607587576,-138.6640015
0.1456100047,0.3490402102,-0.01569460332,-0.006106294226,1,-0.8974462152,0.01684064791,1.286238909,0,1.333082676,-2.276103973,-158.7404938
0.1504535824,0.237637952,0.006755583454,-0.005489558913,1,1.845779777,0.008704778738,0.9929172993,0,1.562331319,-1.535010576,-39.09716797
0.1504535824,0.2424815297,0.01500930917,0.0006325486465,1,1.068707347,0.01502263267,0.1887702346,0,1.42809999,-0.5838771462,2.413231373
0.1504535824,0.2473251075,0.01884906366,-0.001747181173,1,-0.05433630943,0.01892986707,-0.0803873837,0,1.0026232,1.004936218,-5.295799732
0.1504535824,0.2521686852,0.0196024105,-0.004624300636,1,-0.6194745302,0.0201404728,0.01197707653,17.67926025,0.1986524463,1.276127815,-13.27366352
0.1504535824,0.257012248,0.01681078225,-0.007870184258,1,-0.7838335633,0.01856184751,-0.157710433,9.671600342,-0.6975168586,1.46100235,-25.08724976
0.1504535824,0.2618558407,0.01242737472,-0.01246466208,1,-0.540913105,0.0176013466,-0.1457545161,0,-1.468182802,0.9779329896,-45.08582687
0.1504535824,0.2666994035,0.007079570089,-0.01331285201,1,-0.4312602282,0.01507820748,0.1572105736,0,-1.637648225,-0.3209837079,-61.99664307
0.1504535824,0.2715429962,0.002406455576,-0.01014849078,1,-0.5699144602,0.01042990386,-0.07367408276,0,-0.7396477461,-1.418529153,-76.66014862
0.1504535824,0.276386559,0.0007366033387,-0.006798941642,1,-0.3195418119,0.006838727277,-0.02276557684,7.011914253,0.2178372592,-1.407788754,-83.81663513
0.1504535824,0.2812301517,0.001913841581,-0.003440023167,1,-0.07440724969,0.003936565481,0.09109467268,0,0.8158730268,-1.010302782,-60.91082001
0.1504535824,0.2860737145,0.004327950533,-0.001464237692,1,-0.03390666842,0.004568933044,0.1054685563,0,0.9214485884,-0.4953404665,-18.69177246
0.1504535824,0.2909172773,0.006212706212,-0.0005299668992,1,-0.01803261042,0.006235269364,-0.03171185404,0,0.7968877554,-0.255695343,-4.875739098
0.1504535824,0.29576087,0.008100396022,-0.0003793562937,1,0.0717048645,0.00810927432,-0.1448318809,0,1.026448131,-0.117416814,-2.681306601
0.1504535824,0.3006044328,0.01153169572,-0.0006627538824,1,-0.04837965965,0.01155072544,-0.07366561145,0,1.411744595,0.2415886223,-3.289305925
0.1504535824,0.3054480255,0.01470395923,-0.001906314748,1,-0.2285819054,0.01482701767,-0.3588329554,0,1.641437531,0.695325613,-7.386986256
0.1504535824,0.3102915883,0.01837497205,-0.005768653005,1,0.03645133972,0.01925920323,-0.895065248,0,2.040555954,0.9040678144,-17.42920113
0.1504535824,0.315135181,0.02476410568,-0.01062055584,1,-0.2616640925,0.02694544755,0.4700016975,0,1.594717026,2.916004896,-23.21298981
0.1504535824,0.3199787438,0.02483171783,-0.01761605963,1,-2.266133308,0.03044568561,-0.1757981777,66.87557983,-0.424438417,3.571570396,-35.35256577
0.1504535824,0.3248223364,0.01173211168,-0.02877122723,1,-4.008965492,0.03107130527,-2.480896473,84.56323242,-1.429462194,1.740932822,-67.8157196
0.1504535824,0.3296658993,-0.001509730471,-0.03806481883,1,-2.735488415,0.03809474781,-0.8822294474,49.24891663,-2.008482456,-0.975897789,-92.27127838
0.1504535824,0.3345094621,-0.01124560926,-0.02831753902,1,-1.920054436,0.03046878241,0.5386611223,51.69377899,-0.6739102602,-2.998900414,-111.6592712
0.1504535824,0.3393530548,-0.0140738003,-0.02093036473,1,-1.741829872,0.02522205375,0.4253592491,50.34460449,-0.2496468425,-2.774790764,-123.917305
0.1504535824,0.3441966176,-0.02089148201,-0.01281736325,1,-0.6460912824,0.02450997382,1.453459382,0,-0.007899165154,-2.722364426,-148.4700165
0.1504535824,0.3490402102,-0.01724145375,-0.0007044375525,1,1.028932452,0.0172558371,2.150498867,0,0.4782250226,-2.851129532,-177.6603546
0.1552971601,0.237637952,0.005910463631,-0.004351119511,1,1.049946785,0.00733933365,0.9128496647,0,1.844964266,-0.6678701639,-36.35947037
0.1552971601,0.2424815297,0.01292132679,-0.0005229498493,1,1.521231294,0.01293190476,0.3158332705,19.0321312,1.347429633,-0.7983029485,-2.317600727
0.1552971601,0.2473251075,0.0198050458,0.001045285724,1,0.2852591276,0.01983261108,-0.01889004558,0,1.538292766,0.2315285206,3.021196842
0.1552971601,0.2521686852,0.02175384201,-0.001735871658,1,-0.6444423795,0.02182298899,-0.5142678618,0,0.7138732076,1.194403768,-4.56231308
0.1552971601,0.257012248,0.02014133893,-0.00723078521,1,-1.105852723,0.02139994688,-0.5585048795,28.45719528,-0.1390426159,2.078664303,-19.74824905
0.1552971601,0.2618558407,0.01572409458,-0.01450920478,1,-1.68973875,0.02139542438,-0.6505295038,38.3208847,-0.902848959,1.409565568,-42.69887161
0.1552971601,0.2666994035,0.007583939005,-0.01720901579,1,-1.435373783,0.01880601794,-0.03501394391,0,-2.184304237,-0.9042559862,-66.21712494
0.1552971601,0.2715429962,-0.001808097702,-0.01029896364,1,-1.414677858,0.01045647543,0.5110850334,33.46684647,-0.7119604349,-2.099587202,-99.95742798
0.1552971601,0.276386559,-0.002716599032,-0.004564021714,1,-0.5922639966,0.005311327986,0.3551431298,0,0.948767662,-1.589586496,-120.7619781
0.1552971601,0.2812301517,-8.134494419e-05,-0.0008795143804,1,-0.1339482665,0.000883268076,0.1804847717,0,1.291218996,-0.9128560424,-95.28416443
0.1552971601,0.2860737145,0.002888731891,0.0007316594128,1,-0.09417212009,0.00297994935,-0.09451422095,0,1.116317868,-0.5190278292,14.21300793
0.1552971601,0.2909172773,0.004869482014,0.001176643884,1,-0.02352079749,0.005009625107,-0.1842181236,0,0.9253223538,-0.4432286024,13.58434963
0.1552971601,0.29576087,0.00725667784,0.00198619673,1,0.0662676096,0.007523586042,-0.02052342892,0,1.329675913,-0.4390990436,15.30730438
0.1552971601,0.3006044328,0.01163084339,0.003204047447,1,0.006418049335,0.01206409745,-0.005096659064,0,1.613437772,-0.28890872,15.40173721
0.1552971601,0.3054480255,0.01510257553,0.003360862378,1,-0.9141565561,0.01547201257,0.04930612445,0,2.014434338,0.4896605313,12.54592228
0.1552971601,0.3102915883,0.01696012355,0.001071156585,1,0.7349933386,0.01699391566,-1.125661969,0,3.308048248,0.3378624022,3.613850117
0.1552971601,0.315135181,0.03468536213,-0.003727831645,1,-0.8401834965,0.0348851122,0.5169444084,0,3.80565834,2.655124664,-6.134353638
0.1552971601,0.3199787438,0.03132363036,-0.009285285138,1,-6.00507164,0.03267087787,0.5842452049,179.8837738,0.3022105694,2.701440811,-16.51144028
0.1552971601,0.3248223364,0.007063110359,-0.01398263313,1,-6.687738419,0.01566529833,-3.102365971,175.0465088,-1.167627573,0.9402462244,-63.20008087
0.1552971601,0.3296658993,-0.006724446081,-0.02886599116,1,-6.091628075,0.02963888645,-0.8900518417,178.7518616,1.065124989,0.4678148329,-103.1134109
0.1552971601,0.3345094621,-0.01728307083,-0.02055954561,1,-3.282492638,0.02685887925,-0.1363278627,98.76930237,0.1222345829,-3.098463535,-130.05159
0.1552971601,0.3393530548,-0.02203140222,-0.01451865584,1,-1.9047153,0.02638510987,-0.8936439157,45.43450546,0.7459449172,-2.734662294,-146.6151886
0.1552971601,0.3441966176,-0.02289566584,-0.01164242998,1,0.1330365241,0.02568574809,-0.4191447496,0,0.474621743,-1.605244756,-153.0467072
0.1552971601,0.3490402102,-0.01908816211,-0.008773688227,1,2.071308613,0.02100798674,0.7778850198,0,-0.499126792,-0.4066662192,-155.3145752
0.1601407379,0.237637952,0.007942160591,-0.001638830407,1,0.9039843678,0.008109481074,0.3943047822,0,1.049228668,-0.1959849894,-11.65909767
0.1601407379,0.2424815297,0.0126724299,-0.0002092731884,1,0.7510386705,0.01267415844,0.7584244013,0,1.713427544,-0.4722391963,-0.9460995793
0.1601407379,0.2473251075,0.01987899467,0.004321984481,1,0.4504211545,0.02034340054,0.2115083486,0,1.660471439,-0.235285297,12.26605034
0.1601407379,0.2521686852,0.02289670147,0.001954806503,1,-0.3886670172,0.02297999524,-0.7324368358,0,1.275367737,0.8179379106,4.879795551
0.1601407379,0.257012248,0.02417379245,-0.003187364433,1,-2.432412624,0.02438301779,-0.0805683136,66.3644104,1.02996254,2.109570265,-7.511239529
0.1601407379,0.2618558407,0.0161038246,-0.008653299883,1,-4.630033493,0.01828148775,-0.9493119717,136.4825439,0.1615083218,1.890116215,-28.25111198
0.1601407379,0.2666994035,0.002530143363,-0.0169403553,1,-4.768136024,0.01712825894,-0.4239994884,142.733429,0.3516895771,-0.8180212379,-81.50532532
0.1601407379,0.2715429962,-0.005287578329,-0.006744824816,1,-2.657302141,0.008570364676,1.597451329,55.58155441,1.05256629,-2.037365913,-128.0945282
0.1601407379,0.276386559,-0.005242519081,0.0006651649019,1,-1.036342144,0.005284548271,0.7337623239,0,1.790768623,-1.373711109,172.7689972
0.1601407379,0.2812301517,-0.001633455278,0.003462885739,1,-0.3363423347,0.003828805871,0.1103125215,0,1.698709488,-0.6605432034,115.2534027
0.1601407379,0.2860737145,0.001356212073,0.004398864694,1,-0.3774184883,0.004603186157,-0.1836385727,0,1.369885087,-0.3081219792,72.86497498
0.1601407379,0.2909172773,0.003173619276,0.004065828864,1,-0.3653565943,0.005157792475,-0.09793815017,0,1.298131347,-0.3748400211,52.02586365
0.1601407379,0.29576087,0.005874178838,0.005740060471,1,-0.1071177125,0.008213054389,0.07543130219,0,1.538712025,-0.5553302765,44.33839035
0.1601407379,0.3006044328,0.01010765787,0.007120971568,1,0.314088285,0.01236418169,0.3097275198,0,2.047865629,-1.04020071,35.16517639
0.1601407379,0.3054480255,0.01731448621,0.01227854285,1,-0.6326411366,0.02122625895,-0.5390524864,0,1.551702738,-0.4509289861,35.34230423
0.1601407379,0.3102915883,0.01455920376,0.006694138516,1,0.2214028835,0.01602441631,0.2323949635,0,4.488706589,0.3142771423,24.69237518
0.1601407379,0.315135181,0.0401282683,0.01188194007,1,-0.2701787949,0.04185042903,-1.006019115,0,5.676716805,-2.294243574,16.49397087
0.1601407379,0.3199787438,0.04074619338,0.01293375343,1,-7.812174797,0.0427496694,-3.165498734,215.1438141,-0.2125854492,-0.2923989296,17.61060333
0.1601407379,0.3248223364,0.001259717159,-0.002034141449,1,-7.529459953,0.00239261752,-2.597339153,207.335434,-1.616891146,0.7750199437,-58.23060608
0.1601407379,0.3296658993,-0.003554868046,-0.003400529735,1,-7.750286102,0.004919419531,-3.085817575,206.1789551,1.933640242,-1.064095974,-136.2711792
0.1601407379,0.3345094621,-0.02691357397,-0.01182647794,1,-5.997745514,0.02939738147,-2.913089275,157.8877716,0.1977112293,-1.944558144,-156.2781372
0.1601407379,0.3393530548,-0.03164778277,-0.008091685362,1,-2.092256546,0.03266584501,-1.707730532,0,1.311181903,-1.844738483,-165.6578979
0.1601407379,0.3441966176,-0.03069677018,-0.0111628687,1,0.8337355852,0.0326634571,-1.258055925,0,2.511799097,-0.2127841115,-160.0162201
0.1601407379,0.3490402102,-0.01544342656,-0.01315454021,1,3.09320116,0.02028648183,0.02824535966,0,3.205158234,0.8506397009,-139.5760193
0.1649843156,0.237637952,0.00687104091,-0.003647617763,1,0.4098105431,0.007779223379,2.172844172,0,2.660831213,-1.042165041,-27.9624157
0.1649843156,0.2424815297,0.01430748682,0.004138455726,1,0.4431686997,0.01489399187,1.359607577,0,2.203395605,-0.8193346262,16.13257027
0.1649843156,0.2473251075,0.01968988031,0.006906257942,1,0.4366092086,0.02086594887,-0.02290807664,0,1.186258554,-0.4741353989,19.32840157
0.1649843156,0.2521686852,0.02216797322,0.006324010435,1,0.2342392206,0.02305237763,-0.1150380373,0,1.887973547,-0.6586946845,15.92222404
0.1649843156,0.257012248,0.02996896766,0.009539497085,1,-2.683097124,0.03145061433,0.3571090698,40.55947495,2.293504953,-0.1332291514,17.65692329
0.1649843156,0.2618558407,0.0202809535,0.008699001744,1,-6.830411911,0.02206784301,0.4488487542,203.3238068,0.966801405,0.8514932394,23.2156868
0.1649843156,0.2666994035,0.001568114851,0.007589257322,1,-7.855620384,0.007749568205,0.2417266965,220.4306488,2.855223656,0.4541583657,78.32566833
0.1649843156,0.2715429962,-0.003938858397,0.007670072373,1,-3.216186285,0.008622332476,0.6545086503,80.04043579,1.691620111,0.3365511894,117.1821289
0.1649843156,0.276386559,-0.005816240329,0.009129309095,1,-1.352927804,0.01082464494,0.37150383,0,1.599115252,0.1015906781,122.50103
0.1649843156,0.2812301517,-0.002746430226,0.008977417834,1,-0.3739451766,0.009388125502,-0.01516128052,0,1.679404259,-0.02869490162,107.0102615
0.1649843156,0.2860737145,0.0005068513565,0.009194860235,1,-0.3290959597,0.009208819829,-0.06004505977,0,1.428694487,-0.1129935235,86.84485626
0.1649843156,0.2909172773,0.002579544205,0.009233877063,1,-0.5077702403,0.009587415494,0.02153784782,0,1.421433449,-0.1359987855,74.39195251
0.1649843156,0.29576087,0.004932249896,0.009957901202,1,-0.291834116,0.01111246552,0.1217357665,0,1.430082679,-0.3671293259,63.65031433
0.1649843156,0.3006044328,0.008092739619,0.01160173304,1,-0.3405902386,0.01414541062,0.09097269177,0,1.450363636,-0.7313534021,55.10246277
0.1649843156,0.3054480255,0.01030752342,0.0139409015,1,0.5200741291,0.01733764075,0.1446971893,0,1.85734868,-1.948475122,53.52178574
0.1649843156,0.3102915883,0.01960797235,0.02174017578,1,-0.9573578835,0.02927640267,0.6582450867,0,2.690118313,-1.640782595,47.95196152
0.1649843156,0.315135181,0.01870028302,0.02507642098,1,-2.67856431,0.03128142282,-2.318112135,0,1.639468908,-3.512217045,53.28693771
0.1649843156,0.3199787438,0.01457503345,0.02752391621,1,-4.943678856,0.0311447829,-4.791185856,29.64876556,0.7187612057,-2.639663219,62.09695816
0.1649843156,0.3248223364,-0.001763434964,0.01465535443,1,-8.759906769,0.01476106793,-2.257106543,255,0.2125253677,-0.2988317013,96.86123657
0.1649843156,0.3296658993,-0.0268248748,0.01803885959,1,-7.573289871,0.032326065,-3.234318018,205.8472748,-0.4885499477,-2.159340382,146.0804596
0.1649843156,0.3345094621,-0.04081146419,0.009448630735,1,-4.643386364,0.04189095646,-2.70407176,94.91966248,2.080572605,0.6142805815,166.9645996
0.1649843156,0.3393530548,-0.03923806176,0.001966162585,1,-0.7768801451,0.03928729147,-1.570022821,0,3.004917145,1.106352091,177.1313934
0.1649843156,0.3441966176,-0.03001979366,-0.003514599288,1,0.7958748341,0.03022483177,-1.132849574,0,4.24313736,0.9725316167,-173.3224335
0.1649843156,0.3490402102,-0.01483121421,-0.008231415413,1,1.426326036,0.01696234383,-0.8609310985,0,4.845291138,1.086720824,-150.9694672
0.1698278934,0.237637952,0.0134186931,0.009264162742,1,-1.12804985,0.01630601287,0.5263533592,0,1.900450468,0.9176510572,34.62090302
0.1698278934,0.2424815297,0.01528928429,0.008316522464,1,-0.007892012596,0.01740479097,-0.2955386639,0,0.8446356058,-0.0248310864,28.54373741
0.1698278934,0.2473251075,0.01747152582,0.007952969521,1,0.1105710566,0.0191964563,-0.4216842651,0,0.6863156557,-0.7619854212,24.47484016
0.1698278934,0.2521686852,0.01914906688,0.009964797646,1,0.1642290354,0.0215866603,0.6011532545,0,1.44339633,-2.07543087,27.49158287
0.1698278934,0.257012248,0.0252581723,0.02091719396,1,-0.5977554917,0.03279488161,0.5956856012,0,1.269379854,-3.357654572,39.62936783
0.1698278934,0.2618558407,0.02240213193,0.02911310829,1,-3.463478088,0.03673456982,0.5997085571,101.5381317,-0.533041954,-2.295105457,52.42221832
0.1698278934,0.2666994035,0.005900716875,0.0349384509,1,-4.477743149,0.03543322906,-0.5988680124,133.5228577,-0.2479858398,1.896516919,80.41384125
0.1698278934,0.2715429962,-0.0004873029538,0.01702651754,1,-2.087406397,0.01703348942,-1.348500729,47.3756752,0.2598800659,2.775482893,91.63936615
0.1698278934,0.276386559,-0.002951049013,0.01496361475,1,-1.095076323,0.01525183488,0.2511831522,20.71656418,0.8145867586,0.998167038,101.1564178
0.1698278934,0.2812301517,-0.001845876104,0.01340844296,1,-0.4814015925,0.01353490259,0.09158532321,0,1.197635651,0.5149821639,97.83836365
0.1698278934,0.2860737145,0.0005180861917,0.01291285921,1,-0.2200538516,0.01292324811,0.04723762721,0,1.14191556,0.04690036923,87.70243073
0.1698278934,0.2909172773,0.00261921878,0.0134100765,1,-0.2697811127,0.01366347168,0.1353633106,0,1.130200863,-0.1056649089,78.94828796
0.1698278934,0.29576087,0.004685596097,0.01408029813,1,-0.2339039147,0.01483946107,0.1636807621,0,1.139578581,-0.3288310766,71.59375763
0.1698278934,0.3006044328,0.007005924359,0.01579559594,1,-0.2577813268,0.01727957837,0.196619153,0,1.061350822,-0.7686668038,66.08096313
0.1698278934,0.3054480255,0.00857774727,0.01875573583,1,-0.3931488991,0.02062414587,0.4599482715,0,0.9700535536,-1.30845058,65.42349243
0.1698278934,0.3102915883,0.00980020687,0.02436097339,1,0.0229409039,0.02625835128,-0.004740357399,0,0.6606173515,-2.903616667,68.08551025
0.1698278934,0.315135181,0.01188861486,0.03279666975,1,-1.133841872,0.03488496318,0.08078920841,33.97021866,0.0920689106,-3.222399235,70.0746994
0.1698278934,0.3199787438,0.004754298367,0.0403602235,1,-3.287113905,0.04063927755,-0.6278076172,86.66504669,-1.463255405,-2.409107208,83.28171539
0.1698278934,0.3248223364,-0.01112016849,0.04142453149,1,-5.539942265,0.04289114103,-1.727976799,151.4126282,-1.569218159,0.2220823169,105.0264511
0.1698278934,0.3296658993,-0.02967947163,0.03091496043,1,-3.930151939,0.04285563901,-1.363982201,102.5012283,-1.420345902,2.906219959,133.8319397
0.1698278934,0.3345094621,-0.03703564033,0.02074153908,1,-1.916563392,0.04244820401,-0.832480669,41.37612152,1.046517253,3.438993216,150.7493134
0.1698278934,0.3393530548,-0.03389360756,0.01022574399,1,-0.55721277,0.03540257737,-0.2859915495,0,1.705611229,2.853696346,163.21138
0.1698278934,0.3441966176,-0.03147328272,0.005534216296,1,0.65797925,0.03195614368,-0.1768769026,0,3.377015591,1.231226802,170.0271454
0.1698278934,0.3490402102,-0.01434979681,0.003405484138,1,1.99252069,0.01474835537,-0.4154184759,0,5.078052044,0.4635704458,166.6495819
0.1746714562,0.237637952,0.01386517752,0.01102113631,1,-0.4144768119,0.01771182194,-0.5336896777,0,-0.04362426698,0.6032397151,38.48044586
0.1746714562,0.2424815297,0.01275575347,0.008267733268,1,0.02437428571,0.01520081051,-0.5578433275,0,-0.005480095744,-0.2840335369,32.94958115
0.1746714562,0.2473251075,0.013956693,0.009694917127,1,0.01256014407,0.01699354872,-0.214691788,0,0.4564014673,-1.092558146,34.78549957
0.1746714562,0.2521686852,0.01502720546,0.01251974702,1,-5.114078522e-05,0.01955916546,0.1124510169,0,0.543964684,-1.722596407,39.79898834
0.1746714562,0.257012248,0.01659117639,0.01858309843,1,0.1912831068,0.02491181716,-0.3915966749,0,-0.8019940257,-2.533201218,48.24119949
0.1746714562,0.2618558407,0.01206917968,0.02289277501,1,0.08120173216,0.02587941661,-0.4341623783,0,-1.8852005,-2.39413619,62.20159149
0.1746714562,0.2666994035,0.007853368297,0.02807638422,1,0.4957826734,0.0291540511,-0.2756948471,0,-2.373805285,0.5198854804,74.37293243
0.1746714562,0.2715429962,0.002972831484,0.01903931983,1,-1.052832961,0.01927001402,-0.4833150506,23.42978096,-0.520031929,1.51881814,81.12540436
0.1746714562,0.276386559,0.0002350750437,0.01837889664,1,-0.7440247536,0.01838039979,0.3260115385,19.49489212,0.1697985232,0.7243466377,89.26719666
0.1746714562,0.2812301517,0.0001915220055,0.01710995287,1,-0.4841872454,0.01711102389,0.07789102197,0,0.6344357729,0.6120502949,89.35868073
0.1746714562,0.2860737145,0.0009628153639,0.01579165459,1,-0.2220505178,0.01582097821,0.04277267307,0,0.7447789907,0.2688798904,86.51100159
0.1746714562,0.2909172773,0.002723390469,0.0160147883,1,-0.1103436053,0.01624470018,0.1087119132,0,0.7647188902,-0.06033787131,80.34890747
0.1746714562,0.29576087,0.004132332746,0.01661046036,1,-0.1230481565,0.0171167627,0.08894196153,0,0.6595516205,-0.3190732598,76.02962494
0.1746714562,0.3006044328,0.005321986508,0.01799104176,1,-0.07423576713,0.01876169257,0.1318239868,0,0.5006581545,-0.6802220345,73.52109528
0.1746714562,0.3054480255,0.006197742652,0.02054366842,1,-0.1178448945,0.02145819925,0.2721782327,0,0.1589620262,-1.13953948,73.2121582
0.1746714562,0.3102915883,0.005521140527,0.02482880652,1,-0.02879235148,0.02543526329,0.360178709,0,-0.5315515995,-1.801557541,77.46321869
0.1746714562,0.315135181,0.003483673325,0.03101420589,1,0.3343695998,0.03120924532,-0.03562939167,0,-1.502022266,-2.415914297,83.59111023
0.1746714562,0.3199787438,-0.0001344760967,0.03635790199,1,0.04637348652,0.03635815158,-0.6277867556,0,-2.635578156,-1.221073627,90.21191406
0.1746714562,0.3248223364,-0.009057341143,0.03388783708,1,-0.4727488756,0.0350773558,-0.4205515981,0,-3.49548769,0.8517766595,104.9639053
0.1746714562,0.3296658993,-0.0193549376,0.03019528091,1,-1.277137995,0.03586598113,0.6401629448,0,-2.672288895,2.72278595,122.6595459
0.1746714562,0.3345094621,-0.02818663791,0.02380052023,1,-0.518325448,0.03689107299,0.3099333048,0,-1.019022584,3.875267029,139.8225861
0.1746714562,0.3393530548,-0.02680120245,0.0129263103,1,-0.1293386519,0.02975556999,0.1458339691,0,0.8052154779,3.066252947,154.2518311
0.1746714562,0.3441966176,-0.02491297573,0.009655243717,1,0.6834846735,0.02671853453,0.6533877254,0,1.835978389,1.93606329,158.8157196
0.1746714562,0.3490402102,-0.01459798682,0.006713571027,1,1.800180435,0.01606776938,-0.8043601513,0,2.459050179,0.4103055298,155.3024445
0.179515034,0.237637952,0.01375556365,0.01106041297,1,-0.3561038971,0.01765072905,-0.8804142475,0,-0.6943465471,0.3122958839,38.80165863
0.179515034,0.2424815297,0.01121159457,0.008171920665,1,-0.3476404846,0.01387372054,-0.4770309329,0,-0.1924137175,-0.2793120146,36.08760452
0.179515034,0.2473251075,0.01113976911,0.01010274608,1,-0.05926018208,0.01503861416,-0.1515104771,0,0.08787950128,-1.065680981,42.20513916
0.179515034,0.2521686852,0.01135021448,0.0125997765,1,0.06556147337,0.01695823483,-0.1021559834,0,-0.07548390329,-1.341621876,47.98662567
0.179515034,0.257012248,0.01109170914,0.01610618643,1,0.2282273173,0.0195559524,-0.246668756,0,-0.7747542262,-1.689594984,55.44631577
0.179515034,0.2618558407,0.00870306883,0.01958870143,1,0.2313832045,0.02143503353,-0.1098899245,0,-1.058919787,-1.128396034,66.04489136
0.179515034,0.2666994035,0.007083471399,0.02103940025,1,0.5248348117,0.02219981886,-0.2439415902,0,-1.386767864,-0.247756049,71.3928299
0.179515034,0.2715429962,0.004528228659,0.019607177,1,-0.4948667288,0.02012327686,0.02865816653,0,-0.5264933109,0.3692365885,76.99568176
0.179515034,0.276386559,0.002136434428,0.0193897821,1,-0.3356288075,0.01950712688,0.2979499996,0,-0.2904219031,0.4591128528,83.71231079
0.179515034,0.2812301517,0.001495903241,0.01882657222,1,-0.1655848026,0.01888590865,0.1115583479,0,0.143114388,0.4819490016,85.4569931
0.179515034,0.2860737145,0.002027597278,0.01759576611,1,-0.07290172577,0.01771220192,0.1428022981,0,0.353195101,0.3860259652,83.42667389
0.179515034,0.2909172773,0.002853521844,0.01764850318,1,-0.01955077052,0.01787770167,0.07915727794,0,0.3381874859,0.02235856839,80.81554413
0.179515034,0.29576087,0.003570938949,0.01787087508,1,0.01557469368,0.01822415367,0.01403948665,0,0.2933287621,-0.1783042401,78.70004272
0.179515034,0.3006044328,0.004349719733,0.01858013496,1,0.0797811076,0.01908249222,0.08102582395,0,0.08655936271,-0.3784680963,76.82400513
0.179515034,0.3054480255,0.004376621917,0.02009646967,1,0.02856603265,0.02056752145,0.04410898685,0,-0.3446407616,-0.646638453,77.71392822
0.179515034,0.3102915883,0.002818787238,0.02192582376,1,0.1119022369,0.0221062731,-0.01428154111,0,-1.012524009,-0.7999625206,82.67422485
0.179515034,0.315135181,1.439034349e-05,0.02390197664,1,0.4121270776,0.02390198037,0.03426885605,0,-1.861381054,-1.089730501,89.96549988
0.179515034,0.3199787438,-0.004200786818,0.02737000212,1,0.5956809521,0.0276904963,-0.2023663223,0,-2.463285923,-0.7973207235,98.72574615
0.179515034,0.3248223364,-0.009031499736,0.02678368427,1,0.3786472678,0.02826541662,-0.1965708435,0,-2.276005983,0.466689378,108.6341782
0.179515034,0.3296658993,-0.0133907916,0.0241574496,1,0.2589698434,0.02762056701,0.1627508402,0,-1.855486393,1.910907626,119.0001755
0.179515034,0.3345094621,-0.01676432788,0.01831637695,1,0.2240565419,0.02483006939,0.8535838127,0,-1.244964361,2.795356512,132.4667664
0.179515034,0.3393530548,-0.01833563857,0.01475232281,1,-0.3330988586,0.02353352308,0.6880281568,0,-0.1142495349,2.174527884,141.1808624
0.179515034,0.3441966176,-0.01893109456,0.01111640036,1,0.0915556103,0.02195360325,-0.1086908579,0,0.3373031616,1.575096846,149.5784149
0.179515034,0.3490402102,-0.01625842787,0.006596765947,1,0.5830825567,0.0175457634,-2.196002722,0,0.5205060244,-0.3297703862,157.9154205
0.1843586117,0.237637952,0.01111345179,0.009382831864,1,-0.2895646691,0.01454463322,-0.608905077,0,-0.5449854136,-0.4589144289,40.17363358
0.1843586117,0.2424815297,0.009092347696,0.009019586258,1,-0.537053287,0.01280717459,-0.283893317,13.44913387,-0.09312556684,-0.4954657853,44.76982498
0.1843586117,0.2473251075,0.008061131462,0.01040759962,1,-0.2006704062,0.01316434424,-0.08253633976,5.48614645,-0.01780299842,-0.6641305089,52.24068451
0.1843586117,0.2521686852,0.008034154773,0.01183658279,1,-0.01662883908,0.01430567447,0.006952285767,0,-0.1585310102,-0.6779721975,55.83305359
0.1843586117,0.257012248,0.007212732453,0.0137250796,1,0.08323897421,0.01550488081,0.1047039628,0,-0.4884579778,-0.88764292,62.27740479
0.1843586117,0.2618558407,0.006071445066,0.01664309204,1,0.2578733861,0.01771595143,0.1854790747,0,-0.617305994,-0.8658735752,69.95789337
0.1843586117,0.2666994035,0.005471792538,0.01881738752,1,0.3409465551,0.01959680021,-0.02512829006,0,-0.5827883482,-0.4882243872,73.78642273
0.1843586117,0.2715429962,0.004900065716,0.01888613403,1,0.1333708763,0.01951145008,-0.02549016103,0,-0.457475245,0.01983328536,75.45513916
0.1843586117,0.276386559,0.003901967779,0.01859785989,1,0.02336856723,0.01900278218,0.234817341,0,-0.401982218,0.2928266525,78.15079498
0.1843586117,0.2812301517,0.003066221019,0.01860516146,1,0.08843738586,0.0188561324,0.2203065008,0,-0.1664234698,0.3735758662,80.64150238
0.1843586117,0.2860737145,0.003524236148,0.01785548776,1,0.05073437095,0.0181999635,0.08924495429,0,-0.01999886334,0.2663129568,78.83472443
0.1843586117,0.2909172773,0.003215090372,0.0177475214,1,0.02133254148,0.01803638972,0.07432514429,0,-0.0600503087,0.05361813679,79.73181915
0.1843586117,0.29576087,0.003336703638,0.01795578375,1,0.1047820598,0.01826317981,0.01786611602,2.950722933,0.03276324272,-0.03918909281,79.47286987
0.1843586117,0.3006044328,0.003881301731,0.01802387275,1,0.1225687191,0.01843704097,-0.07020960003,0,-0.1344110519,-0.231294781,77.84737396
0.1843586117,0.3054480255,0.003279344412,0.01873601228,1,-0.03281679749,0.0190208368,-0.0977230072,0,-0.4428678751,-0.3782362938,80.07214355
0.1843586117,0.3102915883,0.00157728605,0.01938256063,1,-0.2166369259,0.01944663189,-0.07968661189,0,-0.796639204,-0.3411214948,85.34771729
0.1843586117,0.315135181,-0.001628537429,0.02000229247,1,-0.2277994454,0.0200684797,0.07071365416,0,-1.125296235,-0.375030756,94.65460968
0.1843586117,0.3199787438,-0.00497653801,0.02154155821,1,0.2787879705,0.02210892737,0.1241583452,0,-1.542412519,-0.08798328787,103.0082779
0.1843586117,0.3248223364,-0.00774900103,0.02102981694,1,0.5209536552,0.02241205424,0.129823789,0,-1.415844679,0.4576413631,110.2276764
0.1843586117,0.3296658993,-0.009311011992,0.01995374821,1,0.3955306411,0.02201924101,0.04891473055,0,-0.9661251903,0.9459019899,115.015152
0.1843586117,0.3345094621,-0.01051271148,0.01668520272,1,-0.172827214,0.01972088031,0.03415000439,0,-0.5756231546,1.266178131,122.2134781
0.1843586117,0.3393530548,-0.01293618977,0.01398632396,1,-0.6171015501,0.01905156858,0.05814695358,0,-0.8895559311,1.263797402,132.7662811
0.1843586117,0.3441966176,-0.01781032421,0.01084554102,1,-1.369232297,0.0208526589,-0.2843002975,0,-1.49963367,1.27980113,148.6608124
0.1843586117,0.3490402102,-0.02683176473,0.006410476752,1,-1.612350345,0.0275869146,-1.309515238,0,-2.112752676,0.5217965245,166.5631256
0.1892021894,0.237637952,0.008583497256,0.009823262691,1,-0.7439518571,0.01304503437,0.2606198192,0,0.2704220414,0.05463305861,48.85326767
0.1892021894,0.2424815297,0.007436708082,0.01032211911,1,-0.4999460876,0.01272205822,0.1665312946,11.40533543,0.2810444534,-0.07403794676,54.2286377
0.1892021894,0.2473251075,0.007523230277,0.01098847855,1,0.02056053281,0.01331711933,0.2933319211,0,0.1163980216,-0.0350086838,55.60261917
0.1892021894,0.2521686852,0.00810007751,0.0119124623,1,-0.07997765392,0.01440548524,0.6116600037,0,0.03378301114,0.1267595589,55.78560638
0.1892021894,0.257012248,0.007299483288,0.01333712786,1,-0.3282159865,0.01520399377,0.8329087496,0,-0.2276855409,0.1232598126,61.30787277
0.1892021894,0.2618558407,0.005407525226,0.01534970198,1,-0.2663163841,0.01627435535,1.021396399,0,-0.2916338742,0.3549281359,70.59321594
0.1892021894,0.2666994035,0.004597007763,0.01656521857,1,-0.005495503545,0.01719124615,0.573374629,0,-0.181700021,0.2852268815,74.49015045
0.1892021894,0.2715429962,0.004500829149,0.01674536802,1,0.04576616734,0.01733968779,0.1061664671,0,-0.02612958662,-0.05163916573,74.95556641
0.1892021894,0.276386559,0.004692119081,0.01732956246,1,0.04430037364,0.01795354299,0.133336097,0,-0.07081183046,-0.04148630425,74.84994507
0.1892021894,0.2812301517,0.004372418858,0.01759213395,1,0.01774743944,0.01812736131,0.06801487505,0,-0.2123039067,0.0837879777,76.04229736
0.1892021894,0.2860737145,0.003749769647,0.0172531642,1,-0.02206536382,0.01765594631,-0.05167970061,0,-0.1635818183,0.01806542836,77.73814392
0.1892021894,0.2909172773,0.00347322505,0.01725431904,1,-0.04377958179,0.01760042086,-0.007116904482,1.226668,-0.0144645907,-0.06263002753,78.61869049
0.1892021894,0.29576087,0.003467659466,0.01752204634,1,-0.08079952002,0.01786188036,0.04721322283,1.571687222,-0.03974468261,0.03046641126,78.80566406
0.1892021894,0.3006044328,0.002889359836,0.01733543351,1,-0.3043651581,0.0175745748,-0.07501871884,8.876360893,0.01606927812,-0.1964803785,80.53728485
0.1892021894,0.3054480255,0.002071276074,0.01811035536,1,-0.7496378422,0.01822841726,0.04041516781,20.47440147,0.3142593801,-0.3273097277,83.47544861
0.1892021894,0.3102915883,0.0007805704372,0.01911653765,1,-1.043277025,0.01913246699,0.04601554573,29.94810677,0.3142974377,-0.2522197962,87.66178131
0.1892021894,0.315135181,-0.00145959307,0.01955488138,1,-1.258598447,0.01960927807,0.242127955,36.34576797,0.2663276792,0.3593267798,94.26868439
0.1892021894,0.3199787438,-0.004025570117,0.01854887605,1,-0.774698019,0.01898067445,0.4742996693,17.43622398,-0.2011247873,0.9186469316,102.2447357
0.1892021894,0.3248223364,-0.006186066661,0.01740265079,1,-0.3036721349,0.01846942492,0.3678205609,0,-0.635044992,0.5715360641,109.5686188
0.1892021894,0.3296658993,-0.008572319523,0.01756216399,1,-0.5906937718,0.01954262704,-0.5425071716,0,-0.2929576039,-0.3283574581,116.0175934
0.1892021894,0.3345094621,-0.01046608761,0.01636540331,1,-0.7422408462,0.01942589507,-1.301856875,0,0.04846060276,-0.4492855966,122.5999298
0.1892021894,0.3393530548,-0.01193269808,0.01343266852,1,-0.5592128038,0.01796735451,-1.074589133,0,-0.1929628551,0.1395158768,131.6157837
0.1892021894,0.3441966176,-0.01410930883,0.01048479136,1,-0.9165020585,0.0175784938,0.7397911549,0,-0.7643023133,2.651526451,143.3835449
0.1892021894,0.3490402102,-0.020073805,0.004173028748,1,-0.9910606742,0.02050296962,4.287669659,0,-1.47177887,6.893901348,168.2563629
0.1940457672,0.237637952,0.01264040358,0.01429603063,1,-1.563477516,0.01908287965,0.5292059183,0,0.283408463,1.145963311,48.51721191
0.1940457672,0.2424815297,0.009540346451,0.01280237455,1,-0.8556252122,0.01596618257,0.08083301783,0,0.1685166955,0.7877969146,53.30647659
0.1940457672,0.2473251075,0.009312340058,0.01087179594,1,0.2378165722,0.01431487408,0.3265599012,0,0.1896362305,0.4121955633,49.41797638
0.1940457672,0.2521686852,0.01161074731,0.01238759141,1,0.1632486135,0.01697827689,1.069617987,0,0.3594379425,0.3800004721,46.85405731
0.1940457672,0.257012248,0.01184400916,0.0142120067,1,-0.06428358704,0.01850031503,1.364892483,0,0.2969695628,0.5116236806,50.19283295
0.1940457672,0.2618558407,0.01273777988,0.01652046479,1,-0.4702143073,0.02086089179,1.900705576,0,0.01321461797,1.126087904,52.36669159
0.1940457672,0.2666994035,0.009630495682,0.01796392724,1,-1.070595384,0.0203825701,1.247467518,0,-0.4930435419,0.8309497237,61.80415344
0.1940457672,0.2715429962,0.005164172966,0.01853790134,1,-0.9155125618,0.01924376376,0.1448377073,0,-0.1753434837,0.1290688217,74.4335556
0.1940457672,0.276386559,0.004346849397,0.018040305,1,-0.2874082327,0.01855660789,-0.1793664694,0,0.006070107222,0.03679842502,76.45269775
0.1940457672,0.2812301517,0.003801489947,0.01749088988,1,-0.08082232624,0.01789923385,-0.2077102065,0,-0.1226278171,-0.02803657204,77.73796844
0.1940457672,0.2860737145,0.003361422801,0.0171700418,1,-0.07824611664,0.01749598421,-0.03902812675,0,-0.1125688404,-0.1213272512,78.92315674
0.1940457672,0.2909172773,0.002877265681,0.01788951084,1,-0.09485296905,0.01811941713,-0.02140200138,0,0.1674291044,-0.2246802896,80.86306
0.1940457672,0.29576087,0.003712950973,0.01815463603,1,-0.1627072394,0.01853043027,0.2247299552,0,0.09850037098,-0.1234447062,78.44137573
0.1940457672,0.3006044328,0.002566274721,0.01957592182,1,-0.6507771611,0.01974341646,0.5252600312,0,0.2743605971,-0.658667624,82.53149414
0.1940457672,0.3054480255,0.001889748266,0.02388908155,1,-1.398264766,0.02396371029,0.6213486195,0,0.9878749251,-0.6963046789,85.47702789
0.1940457672,0.3102915883,0.0005785197718,0.02595807798,1,-1.474960685,0.0259645246,0.319516629,0,1.350033879,-0.4029469788,88.72327423
0.1940457672,0.315135181,0.0012846553,0.02738839015,1,-1.494270444,0.02741850354,0.3974462152,0,1.74032557,0.7357030511,87.3144989
0.1940457672,0.3199787438,0.001770307426,0.02431970462,1,-1.65430057,0.02438405342,0.3745322227,0,0.7285779715,2.018689394,85.83660889
0.1940457672,0.3248223364,-0.003199154278,0.01942478679,1,-1.996839285,0.01968646608,0.3148474693,0,-1.161862969,0.9185020924,99.35233307
0.1940457672,0.3296658993,-0.01352911256,0.02139585651,1,-2.422051191,0.02531441301,-0.9108290672,0,-0.8390508294,-1.135919571,122.3061447
0.1940457672,0.3345094621,-0.01899450645,0.02051502652,1,-1.263056397,0.02795813978,-2.342525482,0,0.4503973722,-1.179011226,132.7960663
0.1940457672,0.3393530548,-0.01746528968,0.01576028392,1,1.337344289,0.02352494188,-2.064329147,0,2.298458338,-0.2201769352,137.9376221
0.1940457672,0.3441966176,-0.001384212752,0.0115827322,1,4.397209167,0.01166515052,1.421675324,0,4.850568771,3.832745075,96.81489563
0.1940457672,0.3490402102,0.02732704394,0.004082080442,1,5.946454525,0.0276302509,8.237757683,0,5.908901215,11.33490086,8.495952606
