PIVlab, ASCII chart output - 13-Mar-2024
FRAME: 80, filenames: A:[80]2 vortices tapados mismo sentido clase 4.mp4 & B:[81]2 vortices tapados mismo sentido clase 4.mp4, conversion factor xy (px -> m): 0.00030272, conversion factor uv (px/frame -> m/s): 0.0090842
x [m],y [m],u [m/s],v [m/s],Vector type [-],vorticity [1/s],magnitude [m/s],divergence [1/s],dcev [1],simple shear [1/s],simple strain [1/s],vector direction [degrees]
0.1262357086,0.237637952,0.001829265733,-0.005410714541,1,0.2843368649,0.005711571313,0.8174536228,0,0.7625449896,1.426028609,-71.32052612
0.1262357086,0.2424815297,0.004364592489,-0.006884554401,1,0.39445889,0.008151488379,0.2084062696,0,0.4993901849,0.7926695943,-57.62657928
0.1262357086,0.2473251075,0.006158693228,-0.008240639232,1,0.1866244376,0.01028774213,-0.1781743765,0,0.2585980892,0.2810997963,-53.22717285
0.1262357086,0.2521686852,0.00652106246,-0.009109084494,1,0.07297630608,0.01120266411,-0.1608430594,0,0.04843093827,0.1373617798,-54.40166855
0.1262357086,0.257012248,0.006746737752,-0.009685015306,1,0.02063161694,0.01180330478,-0.1973544359,0,-0.06356761605,0.0756058991,-55.13831329
0.1262357086,0.2618558407,0.006313098595,-0.01043118909,1,-0.1173406094,0.01219282299,-0.2028309405,0,-0.19185929,0.214053005,-58.81710052
0.1262357086,0.2666994035,0.005249103997,-0.01170422509,1,-0.2400012463,0.01282739174,-0.01792493463,0,-0.05898763239,0.3130756617,-65.84475708
0.1262357086,0.2715429962,0.004864922725,-0.0120344162,1,-0.2042631805,0.01298054866,0.1626486182,0,0.06858127564,0.1663269401,-67.98894501
0.1262357086,0.276386559,0.004591918085,-0.01172204129,1,-0.08845345676,0.01258935966,0.1289205402,0,-0.08893147111,0.0935639292,-68.60804749
0.1262357086,0.2812301517,0.004005745053,-0.01186316367,1,0.01321584731,0.01252120826,0.000687636435,0,-0.1532440484,0.1524910629,-71.34210968
0.1262357086,0.2860737145,0.003913680557,-0.01245731302,1,0.04508376867,0.01305762399,-0.1266099662,0,-0.2107765675,0.1901763529,-72.55898285
0.1262357086,0.2909172773,0.003203201573,-0.0133975381,1,-0.1066955552,0.01377514191,-0.04201979935,0,-0.3145849705,0.4092326164,-76.55364227
0.1262357086,0.29576087,0.001873175614,-0.01464298926,1,-0.1711722016,0.01476231404,0.3198071718,0,-0.2695344388,0.6529089808,-82.71014404
0.1262357086,0.3006044328,0.001068604761,-0.0150109427,1,0.01792448759,0.01504893135,0.7846708894,0,-0.4027509689,0.9555481672,-85.9280777
0.1262357086,0.3054480255,9.238636267e-06,-0.01547064632,1,0.2531319857,0.01547064912,0.9612033367,0,-0.5233373642,1.167997837,-89.96578217
0.1262357086,0.3102915883,-0.0002401560923,-0.01601256803,1,0.3414951265,0.0160143692,0.5262471437,0,-0.4483069479,0.8877422214,-90.85925293
0.1262357086,0.315135181,-0.0005081127747,-0.0172215756,1,0.2229623348,0.01722907089,-0.006330966949,0,-0.4461575747,0.7270106673,-91.68998718
0.1262357086,0.3199787438,-0.00132121949,-0.01956456527,1,-0.4114346504,0.01960912533,-0.4969227016,0,-0.3623777628,0.5556662083,-93.86338806
0.1262357086,0.3248223364,-0.004256133456,-0.02231987193,1,-1.056439161,0.02272204496,-0.7072832584,0,-0.3272231519,0.3069012463,-100.7960052
0.1262357086,0.3296658993,-0.008023095317,-0.02447684668,1,-1.800473452,0.02575822361,-0.2737645209,0,0.1732003093,-0.03193682432,-108.1482697
0.1262357086,0.3345094621,-0.0121379327,-0.02349117957,1,-1.66707325,0.02644172683,0.4174670577,0,0.4996554255,-0.3265126348,-117.3254623
0.1262357086,0.3393530548,-0.01367757469,-0.02087332308,1,-0.9234489202,0.02495539375,1.18824625,0,0.2596951425,-1.308857679,-123.235466
0.1262357086,0.3441966176,-0.01535287593,-0.01139626279,1,1.080877662,0.01912029274,2.077943325,0,-1.797640204,-1.312325954,-143.4139404
0.1262357086,0.3490402102,-0.01714926958,-0.004452290013,1,1.596265316,0.01771779731,2.431251049,0,-2.338026285,-0.4360309839,-165.4461975
0.1310792714,0.237637952,0.007262489293,-0.004252599087,1,-0.1347227395,0.008415957913,0.1753266454,0,-0.0607980229,1.15717721,-30.35139084
0.1310792714,0.2424815297,0.006788979284,-0.006630433723,1,-0.06769330055,0.009489620104,-0.04104009271,0,-0.1087327227,0.746339798,-44.32310104
0.1310792714,0.2473251075,0.006407956127,-0.008066334762,1,-0.07413256168,0.01030182745,-0.1361985058,0,0.007078126073,0.3878137469,-51.53610992
0.1310792714,0.2521686852,0.006464195903,-0.00916852802,1,0.01007951982,0.0112181874,-0.1289364547,0,-0.001009086613,0.2473547012,-54.81456375
0.1310792714,0.257012248,0.006451889407,-0.009888927452,1,0.04627522454,0.01180753019,-0.1432797462,0,-0.07185959816,0.154667154,-56.87813568
0.1310792714,0.2618558407,0.006340275984,-0.01061165705,1,-0.01073458791,0.01236148737,-0.09139126539,0,-0.09001632035,0.1928866506,-59.14243698
0.1310792714,0.2666994035,0.005963894539,-0.01126584969,1,-0.1220940575,0.01274705492,0.04360888153,4.138095856,-0.01801856607,0.2009284496,-62.10423279
0.1310792714,0.2715429962,0.005661629606,-0.01137364656,1,-0.1522388607,0.01270487625,0.08488216251,4.586944103,-0.01977607608,0.1793060005,-63.5365715
0.1310792714,0.276386559,0.005130726844,-0.01172319893,1,-0.1393833607,0.01279678661,0.01556772739,2.122047901,-0.1258997172,0.1998625994,-66.36312866
0.1310792714,0.2812301517,0.004376710393,-0.01226629317,1,-0.09237185866,0.01302372944,-0.05071906745,0,-0.1271151602,0.2287751287,-70.36320496
0.1310792714,0.2860737145,0.004067624453,-0.0130769508,1,0.01279946975,0.01369496994,-0.08310894668,0,-0.07147520036,0.2543921471,-72.72153473
0.1310792714,0.2909172773,0.00409251079,-0.01390100084,1,0.06031427532,0.01449090987,-0.00300553441,1.978461742,-0.02702130191,0.3694981039,-73.5953598
0.1310792714,0.29576087,0.00422888156,-0.01488120109,1,0.09177163243,0.01547040977,0.1749691516,0,0.1540227234,0.6144636869,-74.13611603
0.1310792714,0.3006044328,0.005283034872,-0.01602972671,1,0.064685449,0.01687787287,0.3171797693,0,0.1287287921,0.8271094561,-71.75894928
0.1310792714,0.3054480255,0.005165698472,-0.01735108532,1,-0.08768506348,0.01810371689,0.4288023412,0,-0.3456346989,0.8201595545,-73.42089081
0.1310792714,0.3102915883,0.003184217028,-0.01792529598,1,-0.1782773286,0.01820591837,0.3830140531,0,-0.6327930689,0.6908345222,-79.92715454
0.1310792714,0.315135181,0.00123721594,-0.01884203777,1,-0.1584857404,0.01888261363,0.2118659168,0,-0.7423303127,0.5257793665,-86.24320984
0.1310792714,0.3199787438,-0.001178955543,-0.01944576018,1,-0.568593502,0.01948146708,-0.04182353616,0,-0.765748024,0.3115995824,-93.46946716
0.1310792714,0.3248223364,-0.005225771107,-0.02055387013,1,-0.72951895,0.0212077871,0.0005738027394,0,-0.8363651633,0.05245283991,-104.2650681
0.1310792714,0.3296658993,-0.008763437159,-0.01969704032,1,-0.9094611406,0.02155855298,0.2456600219,27.10013199,-0.4721436799,-0.2312686294,-113.9848251
0.1310792714,0.3345094621,-0.01191766094,-0.01824383624,1,-0.8840910196,0.02179147117,0.2149834037,30.72347832,-0.1907821596,-0.1337327063,-123.1543045
0.1310792714,0.3393530548,-0.01396966912,-0.01800800674,1,-0.4209151864,0.02279122546,-0.1428250223,14.12961102,0.09449182451,-0.1173133329,-127.8024445
0.1310792714,0.3441966176,-0.01349871792,-0.01836740412,1,0.9863411188,0.02279422991,0.3194302917,24.7757988,-0.6451911926,-0.5121290684,-126.3132019
0.1310792714,0.3490402102,-0.01231728308,-0.01398028433,1,1.679709673,0.01863233186,0.829197526,0,-1.191875696,-0.9823172092,-131.3815613
0.1359228492,0.237637952,0.008283341303,-0.005052655004,1,-0.04942035675,0.009702734649,-0.3474386334,0,-0.1581040621,0.4910641313,-31.382267
0.1359228492,0.2424815297,0.007780760992,-0.0070833317,1,-0.02592894435,0.01052206382,-0.1831934452,0,-0.1611088216,0.3937838674,-42.31362915
0.1359228492,0.2473251075,0.007377409376,-0.007847289555,1,-0.04034858942,0.01077061426,-0.01900033653,0,-0.1013093889,0.4103230834,-46.76775742
0.1359228492,0.2521686852,0.007094629575,-0.009162792936,1,-0.05246322602,0.01158837974,-0.06806471944,0,-0.06635736674,0.4294856191,-52.24985504
0.1359228492,0.257012248,0.006801893469,-0.01025720965,1,0.05341593176,0.01230756287,-0.0388533771,0,-0.1132747754,0.3022999763,-56.45033264
0.1359228492,0.2618558407,0.006804698613,-0.01081519574,1,0.01829533651,0.01277780812,0.03630138934,0,-0.09434568882,0.2309753448,-57.82274246
0.1359228492,0.2666994035,0.006433537696,-0.01120012812,1,-0.06798242778,0.01291639544,0.02997586131,0,-0.06831391901,0.1492322683,-60.12623215
0.1359228492,0.2715429962,0.006144536659,-0.01139282342,1,-0.06772299111,0.01294417772,0.0165732801,0,-0.09706586599,0.1108433008,-61.66051102
0.1359228492,0.276386559,0.005635370035,-0.0116567323,1,-0.1392476559,0.01294746343,0.02065639198,2.180349112,-0.1242692471,0.1525055915,-64.19886017
0.1359228492,0.2812301517,0.004868172109,-0.01203144528,1,-0.1153120697,0.01297901291,-0.04967214912,2.867131948,-0.06886321306,0.1998894513,-67.97072601
0.1359228492,0.2860737145,0.004743302707,-0.01286550332,1,-0.04680632055,0.01371204201,-0.07120109349,0,0.06955031306,0.2981775999,-69.7618866
0.1359228492,0.2909172773,0.004978334066,-0.01382055413,1,-9.63807106e-05,0.0146898441,0.009086042643,0,0.196964547,0.3138129413,-70.19036102
0.1359228492,0.29576087,0.005696848966,-0.01434147172,1,-0.009743258357,0.01543152332,0.1682667583,0,0.3468320966,0.3499898911,-68.33558655
0.1359228492,0.3006044328,0.006611050107,-0.0147007443,1,-0.2198562622,0.01611886732,0.01987718046,0,0.2945581675,0.5109546185,-65.78614807
0.1359228492,0.3054480255,0.006058673374,-0.0167200435,1,-0.3275871277,0.01778390817,-0.1263624132,11.09609413,-0.01305879653,0.5989904404,-70.08151245
0.1359228492,0.3102915883,0.004961105064,-0.01821404696,1,-0.4041485786,0.01887760684,0.02300307155,12.57074928,-0.2139791399,0.7103924751,-74.76351166
0.1359228492,0.315135181,0.003064723918,-0.02004946768,1,-0.504331708,0.02028234862,0.1813178509,0,-0.5229347944,0.6572986245,-81.30914307
0.1359228492,0.3199787438,-1.454026005e-05,-0.02051949687,1,-0.5937823057,0.02051950246,0.06022876501,0,-0.8646477461,0.6358201504,-90.04059601
0.1359228492,0.3248223364,-0.003999295179,-0.02283738926,1,-0.6519557834,0.02318492346,0.1512405872,0,-0.987090826,0.5309541225,-99.93293762
0.1359228492,0.3296658993,-0.007953389548,-0.02235866897,1,-0.3986122608,0.02373112924,0.4812928438,0,-1.200436711,-0.07703582942,-109.5814056
0.1359228492,0.3345094621,-0.01174438931,-0.02013308927,1,-0.1183496118,0.02330819517,0.3074746728,0,-1.32359767,-0.5145944953,-120.2566299
0.1359228492,0.3393530548,-0.01493757311,-0.01837691292,1,-0.2810720205,0.02368210256,-0.2885044217,0,-0.6566308141,-0.4607706666,-129.1057587
0.1359228492,0.3441966176,-0.01628622599,-0.01929870434,1,-0.2366650999,0.02525234967,-0.8629721403,0,-0.3730788529,-0.8662543297,-130.1611176
0.1359228492,0.3490402102,-0.01789091527,-0.01836101525,1,-0.6700176597,0.02563614212,-0.9050248861,0,0.007414758205,-1.292212367,-134.2570648
0.1407664269,0.237637952,0.007958150469,-0.004779017065,1,0.04850144312,0.009282842278,-0.6153932214,0,-0.1100923419,0.4194496274,-30.98559952
0.1407664269,0.2424815297,0.007808990311,-0.007285187952,1,0.04078410193,0.01067962032,-0.2999671102,0,0.03048713133,0.4396898746,-43.01250076
0.1407664269,0.2473251075,0.00830335822,-0.008361603133,1,0.07428959012,0.01178397983,-0.04333440959,2.189836025,0.009486462921,0.3593921661,-45.20025253
0.1407664269,0.2521686852,0.00821476616,-0.00923582539,1,-0.07802294195,0.01236053649,-0.04006962478,1.95101285,-0.04078294337,0.4419515729,-48.34864044
0.1407664269,0.257012248,0.007727913558,-0.01069630682,1,-0.02259149402,0.01319589373,-0.009510502219,0,-0.09713705629,0.3871833086,-54.15248489
0.1407664269,0.2618558407,0.007634851616,-0.01115724258,1,-0.02343853563,0.01351943146,0.04867146909,0,-0.1615508795,0.166590184,-55.61634064
0.1407664269,0.2666994035,0.006831903011,-0.01126745529,1,-0.1095771417,0.01317689102,0.0246091336,0,-0.1703956574,0.09863054752,-58.76991272
0.1407664269,0.2715429962,0.006278781686,-0.01151577104,1,-0.08137943596,0.01311625261,-0.006018649787,0,-0.096681647,0.07309529185,-61.39931107
0.1407664269,0.276386559,0.005969450343,-0.01165064983,1,-0.101569593,0.01309091225,0.01510867849,0,-0.1409127414,0.1236118376,-62.87073135
0.1407664269,0.2812301517,0.005104299635,-0.01204131451,1,-0.03791264072,0.01307849959,-0.0009868294001,0,-0.1277598441,0.1771291494,-67.02796936
0.1407664269,0.2860737145,0.00516700279,-0.01251336839,1,-0.03647103906,0.01353817992,-0.001950629056,0,0.1504774988,0.1849379241,-67.56336212
0.1407664269,0.2909172773,0.005656497087,-0.01294652093,1,-0.04598031938,0.01412828267,0.0635791719,0,0.3705534935,0.1958640814,-66.39888
0.1407664269,0.29576087,0.006739098113,-0.01315410063,1,-0.01998272538,0.01477991231,0.1238979921,0,0.4737099111,0.2460389733,-62.87306595
0.1407664269,0.3006044328,0.007854159921,-0.01353812031,1,-0.1506828219,0.01565147005,-0.03816363215,0,0.2984683514,0.513813138,-59.879776
0.1407664269,0.3054480255,0.007454908919,-0.01582764275,1,-0.3863732219,0.01749542542,-0.0676009953,12.75618172,0.155617252,0.6480013132,-64.7793045
0.1407664269,0.3102915883,0.006736475509,-0.0170041956,1,-0.5446015596,0.01828996278,-0.04775974154,19.59749603,0.09951969981,0.5931922197,-68.38824463
0.1407664269,0.315135181,0.00529912021,-0.01893214323,1,-0.7488722205,0.01965977438,0.03162133694,26.60040474,-0.1892904639,0.8065695763,-74.36302948
0.1407664269,0.3199787438,0.002192411572,-0.02075771801,1,-0.6653646231,0.0208731778,0.2514140606,0,-0.8253987432,0.9213690758,-83.9708252
0.1407664269,0.3248223364,-0.001921508112,-0.02217712253,1,-0.7995418906,0.02226020955,0.3017980158,0,-1.058134079,0.8846360445,-94.95195007
0.1407664269,0.3296658993,-0.00680538686,-0.02358073927,1,-0.8384765387,0.02454311587,0.1054401398,0,-1.432445526,0.4986271858,-106.0981064
0.1407664269,0.3345094621,-0.01292086206,-0.02408154868,1,-0.5270915627,0.02732891776,0.07169494033,0,-1.701313734,-0.7032868862,-118.2156067
0.1407664269,0.3393530548,-0.01759884134,-0.01982705481,1,-0.7453740835,0.02651096508,0.09973278642,0,-1.103155851,-0.9435898066,-131.5928345
0.1407664269,0.3441966176,-0.02187436074,-0.01902813464,1,-0.9382193089,0.02899237163,0.09977018833,33.71754456,-0.1685929298,-1.784780383,-138.9805603
0.1407664269,0.3490402102,-0.0229597725,-0.01069908775,1,-1.720983028,0.02533025108,1.34472239,0,1.272798538,-2.094479799,-155.0148163
0.1456100047,0.237637952,0.007334273309,-0.005820816383,1,0.2958565354,0.009363410994,-0.2987255752,0,0.1679517627,0.2431835979,-38.43713379
0.1456100047,0.2424815297,0.008457519114,-0.007133205887,1,0.07566265762,0.01106400695,-0.07423469424,0,0.249300912,0.408951968,-40.14481735
0.1456100047,0.2473251075,0.008908259682,-0.008161168545,1,-0.02481232211,0.01208146382,-0.06451293826,0,0.1453135461,0.3172734976,-42.49388885
0.1456100047,0.2521686852,0.009041176178,-0.008982418105,1,-0.07396405935,0.01274467353,-0.1213096827,0,0.01675859094,0.3859831095,-44.81321335
0.1456100047,0.257012248,0.008631180972,-0.01061827689,1,-0.1827814579,0.01368375216,-0.119854033,4.498668671,-0.06369771063,0.3966516852,-50.89369583
0.1456100047,0.2618558407,0.00784733519,-0.01148415357,1,-0.1874420792,0.01390922256,-0.06334021688,3.794415474,-0.1430413872,0.1176066995,-55.65447998
0.1456100047,0.2666994035,0.007030458655,-0.01149470732,1,-0.1500364691,0.01347425766,0.01407902129,2.392081022,-0.1344448775,0.01052530482,-58.54896927
0.1456100047,0.2715429962,0.006469427608,-0.01146694086,1,-0.08489974588,0.01316602528,-0.002690333873,2.030229568,-0.06440827996,0.07010433078,-60.56914902
0.1456100047,0.276386559,0.006307273638,-0.01184729394,1,-0.1029877514,0.01342162769,-0.08267703652,1.231185913,-0.05146346986,0.123717159,-61.97001266
0.1456100047,0.2812301517,0.005721331108,-0.01246662717,1,-0.06074530631,0.01371679362,0.05059503764,0,-0.07916321605,0.07386494428,-65.34811401
0.1456100047,0.2860737145,0.005629615858,-0.01196000353,1,-0.0639661625,0.01321870834,0.1055825874,0,0.1700113416,-0.0314212963,-64.79347229
0.1456100047,0.2909172773,0.006234967615,-0.01180304028,1,-0.04580649734,0.01334865391,0.1091306135,0,0.4296243489,0.1071133986,-62.15470123
0.1456100047,0.29576087,0.007488667499,-0.01195023302,1,0.002803385258,0.01410277374,0.03745309263,0,0.5504916906,0.1865588427,-57.92649841
0.1456100047,0.3006044328,0.008914895356,-0.01252524555,1,-0.1405956745,0.01537391078,-0.1074409112,0,0.4257608652,0.3353387117,-54.55848694
0.1456100047,0.3054480255,0.00886988733,-0.01409487054,1,-0.6028719544,0.01665353775,-0.06822565198,18.3212738,0.3320090175,0.4621570408,-57.81784058
0.1456100047,0.3102915883,0.007602949627,-0.01509419549,1,-0.6364709735,0.01690087467,-0.07131695747,20.90944481,0.2761339545,0.5984811783,-63.2655983
0.1456100047,0.315135181,0.007124566939,-0.01733908989,1,-0.5147462487,0.0187457595,-0.2177498639,16.61239433,0.1148303598,1.062386394,-67.66242218
0.1456100047,0.3199787438,0.005665925797,-0.02129463479,1,-0.726803422,0.02203552052,0.1168455482,22.28042793,-0.3833835125,1.510610819,-75.10034943
0.1456100047,0.3248223364,0.001747290022,-0.02408990078,1,-1.023651004,0.02415318601,0.5135144591,0,-1.184111238,1.327162981,-85.85147858
0.1456100047,0.3296658993,-0.005027542356,-0.02523560449,1,-1.660862088,0.02573153563,0.2911741436,0,-1.756218433,0.64847821,-101.2671814
0.1456100047,0.3345094621,-0.01480355393,-0.02582052536,1,-1.789066792,0.02976314351,0.02551037073,51.81750488,-1.100804806,-1.032746315,-119.8267365
0.1456100047,0.3393530548,-0.01902486011,-0.0201098565,1,-1.236035347,0.02768305689,0.3276171088,33.88570404,-0.7550857067,-1.788497686,-133.411911
0.1456100047,0.3441966176,-0.02444770373,-0.01557095908,1,-1.213414192,0.02898525447,1.023497343,0,0.6977699995,-2.331348181,-147.5065918
0.1456100047,0.3490402102,-0.02152242325,-0.003860401222,1,-0.6510285139,0.02186589688,1.790144324,0,1.858925581,-3.045340061,-169.831192
0.1504535824,0.237637952,0.00768912863,-0.005398533773,1,0.303471297,0.009395045228,0.0307264179,0,0.4154562652,0.4624832273,-35.07267761
0.1504535824,0.2424815297,0.009430219419,-0.006444157567,1,0.1012357473,0.01142174285,0.04957397282,0,0.2783380151,0.4912003279,-34.34682083
0.1504535824,0.2473251075,0.009527623653,-0.007537585218,1,-0.07248658687,0.012148696,-0.06351652741,0,0.08621882647,0.4221256375,-38.34856415
0.1504535824,0.2521686852,0.009496732615,-0.008796403185,1,-0.09943328798,0.01294467598,-0.1454997212,0,0.004664540291,0.387563765,-42.80757523
0.1504535824,0.257012248,0.009068604559,-0.01011951547,1,-0.3201856017,0.01358838473,-0.1258295029,10.81327343,-0.00994990766,0.3171862364,-48.1348877
0.1504535824,0.2618558407,0.007897695526,-0.01094218437,1,-0.4097517729,0.01349462848,-0.05210842937,14.90116882,-0.02743093669,0.1693024337,-54.17953491
0.1504535824,0.2666994035,0.006951075979,-0.01119193621,1,-0.2347881645,0.01317485888,0.05783802643,8.278773308,-0.03203709424,0.1557686776,-58.15645218
0.1504535824,0.2715429962,0.00660530664,-0.01141651906,1,-0.113541469,0.0131896548,0.03470228985,3.558159828,-0.04808381572,0.07788354158,-59.94742203
0.1504535824,0.276386559,0.006168231368,-0.01140108798,1,-0.1666983366,0.01296271104,-0.1146353483,4.393777847,-0.01873800904,0.03277717903,-61.58567047
0.1504535824,0.2812301517,0.005707131233,-0.0121305231,1,-0.2316711545,0.01340600383,-0.04725893587,7.496315479,0.09911984205,-0.05159619451,-64.80410004
0.1504535824,0.2860737145,0.005526208784,-0.01138008013,1,-0.08911050111,0.01265089773,0.09094458073,0,0.2949012816,-0.2160171568,-64.09862518
0.1504535824,0.2909172773,0.006703891791,-0.0106437346,1,-0.04229219258,0.01257899962,0.1259974539,0,0.5167160034,-0.05542843044,-57.79547501
0.1504535824,0.29576087,0.007824117318,-0.01050132979,1,-0.08535158634,0.01309560053,0.05677558482,0,0.550732553,0.08799088001,-53.3116951
0.1504535824,0.3006044328,0.00895800069,-0.0107949283,1,-0.2296030372,0.0140276961,-0.06679918617,0,0.5473080277,0.09798487276,-50.31295013
0.1504535824,0.3054480255,0.009362946264,-0.01129947416,1,-0.5196734667,0.01467456575,-0.01706080139,0,0.5881839991,0.3522930741,-50.35424805
0.1504535824,0.3102915883,0.009289836511,-0.01258392259,1,-0.5967165232,0.01564148813,-0.04902166128,0,0.6023397446,0.8972345591,-53.56412506
0.1504535824,0.315135181,0.009390182793,-0.0158827398,1,-0.7280696034,0.01845093444,-0.3353918195,0,0.8901990056,1.008741379,-59.4076004
0.1504535824,0.3199787438,0.01007512305,-0.01909433678,1,-1.453402519,0.02158939093,-0.2627320588,38.96451569,0.9586799741,1.197259903,-62.18164062
0.1504535824,0.3248223364,0.006993955933,-0.02295432426,1,-2.830849648,0.02399617434,0.2539782524,103.0759201,0.2853695154,1.275592327,-73.05454254
0.1504535824,0.3296658993,-0.002254107734,-0.02404260449,1,-4.557826996,0.02414803952,0.5283787847,165.0784912,-0.5610171556,0.07284097373,-95.35609436
0.1504535824,0.3345094621,-0.01779948734,-0.02074789815,1,-4.714116096,0.02733673342,-0.1934417486,173.0592041,0.08517813683,-1.544729352,-130.6260834
0.1504535824,0.3393530548,-0.02467473038,-0.01749753766,1,-2.639500141,0.03024906851,0.1232112646,95.19975281,0.4903554916,-2.143033504,-144.658493
0.1504535824,0.3441966176,-0.02820903808,-0.009771165438,1,-1.454902649,0.02985339984,1.595994473,0,0.5537756085,-2.317560434,-160.8947296
0.1504535824,0.3490402102,-0.02903940901,0.001458069892,1,-0.07254812866,0.02907599136,2.210485697,0,-0.2703258395,-2.426252604,177.1255798
0.1552971601,0.237637952,0.009723172523,-0.005278408527,1,0.1700365543,0.01106352918,0.2826452851,0,0.3889010549,0.6943197846,-28.49616241
0.1552971601,0.2424815297,0.01107680146,-0.00627539726,1,0.04203815386,0.01273091324,0.101903677,0,0.1483248919,0.538369894,-29.53307533
0.1552971601,0.2473251075,0.01064521074,-0.007392466534,1,-0.1773991585,0.01296028867,-0.0121602118,6.503627777,-0.0008098855615,0.4426306486,-34.77768326
0.1552971601,0.2521686852,0.01021363214,-0.00847821217,1,-0.2207611799,0.01327397302,-0.0179836899,8.084384918,-0.003696903586,0.3377785683,-39.69565582
0.1552971601,0.257012248,0.009558032267,-0.009115626104,1,-0.4098466039,0.01320797578,-0.03072920442,14.95179272,0.03849741817,0.2075534463,-43.64283371
0.1552971601,0.2618558407,0.008414973505,-0.00963235274,1,-0.4827447534,0.01279038657,-0.05854595453,16.39959908,0.1745112538,0.229885608,-48.85902786
0.1552971601,0.2666994035,0.008065079339,-0.01051266678,1,-0.3584648967,0.01324996818,0.01555468142,12.91109848,0.06937535107,0.3288641572,-52.50540161
0.1552971601,0.2715429962,0.007014745846,-0.01114989165,1,-0.3880263567,0.01317295525,-0.02898450941,14.06554031,-0.05674655735,0.09860088676,-57.82471848
0.1552971601,0.276386559,0.005910787266,-0.01113063656,1,-0.3286771178,0.01260271668,-0.03703290969,11.92307758,-0.03721503913,-0.09597208351,-62.03001404
0.1552971601,0.2812301517,0.005242518615,-0.01086441521,1,-0.3806998432,0.01206314657,0.01822514832,11.9395647,0.1975769103,-0.1945563853,-64.24082184
0.1552971601,0.2860737145,0.005023817066,-0.01010001265,1,-0.1596960872,0.0112804696,0.1273225248,0,0.4351659417,-0.2378992438,-63.55392456
0.1552971601,0.2909172773,0.006576774176,-0.009095440619,1,0.04082018137,0.01122412551,0.1473649889,0,0.6128367186,-0.1067246124,-54.12988281
0.1552971601,0.29576087,0.008189855143,-0.00886930991,1,-0.0953694284,0.01207221579,0.08509297669,0,0.6092811823,0.01629581675,-47.28084564
0.1552971601,0.3006044328,0.009065945633,-0.008762216195,1,-0.2442532331,0.01260824315,0.1604297757,0,0.7198842764,0.1314360797,-44.02397156
0.1552971601,0.3054480255,0.01049361099,-0.00872887671,1,-0.3347240686,0.01364951115,0.2480070293,0,0.8808883429,0.3562446535,-39.75462341
0.1552971601,0.3102915883,0.01171133481,-0.009286473505,1,-0.8415677547,0.01494636945,0.1707263887,3.236625433,0.8193481565,0.3301133215,-38.41256714
0.1552971601,0.315135181,0.01038598828,-0.009500879794,1,-1.582783222,0.01407606062,0.01890620589,34.74605179,1.269182205,0.08601611853,-42.45160675
0.1552971601,0.3199787438,0.01019238401,-0.009611525573,1,-2.169767857,0.01400950085,-0.1355950087,37.09908295,1.915802002,-0.2397803217,-43.31996918
0.1552971601,0.3248223364,0.009155884385,-0.008996250108,1,-4.136863232,0.01283599343,0.1725850403,140.1113129,1.59579289,-0.598493576,-44.49613953
0.1552971601,0.3296658993,-0.002115487587,-0.005876746494,1,-6.958713055,0.00624591345,0.4430811405,255,0.2738809586,-0.8826950788,-109.7976532
0.1552971601,0.3345094621,-0.02322252095,-0.00257476978,1,-5.989453316,0.02336482331,0.08771808445,219.371933,0.4785394669,-0.1035846323,-173.673233
0.1552971601,0.3393530548,-0.02880802564,-0.004950156901,1,-3.004066706,0.02923023142,-0.5307662487,79.01741028,2.029550791,0.1437352598,-170.249939
0.1552971601,0.3441966176,-0.02794266492,-0.005841770209,1,-0.3299636245,0.02854678221,-0.1471005082,0,1.618374586,-0.1743126214,-168.1916656
0.1552971601,0.3490402102,-0.02256750688,-0.004818352871,1,2.483765364,0.02307615429,1.192453027,0,-0.2642731667,0.769867003,-167.9478302
0.1601407379,0.237637952,0.01242113486,-0.004338446539,1,-0.2497821152,0.0131570017,-0.06148245931,0,0.2953266799,0.5954298973,-19.25325584
0.1601407379,0.2424815297,0.01253143419,-0.005929349456,1,-0.2756583095,0.01386340614,-0.07138226926,8.931171417,0.1087374464,0.4125192761,-25.32154846
0.1601407379,0.2473251075,0.01161264069,-0.006682261359,1,-0.4056843221,0.013397987,0.01414641738,14.44852257,0.09893789887,0.3890110552,-29.91741371
0.1601407379,0.2521686852,0.01104568411,-0.007745035458,1,-0.4554951191,0.01349046733,0.1163008213,15.69797325,0.1070797592,0.3776091039,-35.0374527
0.1601407379,0.257012248,0.009925066493,-0.00794792641,1,-0.6120948792,0.01271520648,0.1119550616,21.56262779,0.1335040629,0.11477907,-38.68751526
0.1601407379,0.2618558407,0.008727592416,-0.007758713793,1,-0.5015625954,0.01167769264,-0.0709258914,16.1323452,0.2319744676,0.1709887385,-41.63666916
0.1601407379,0.2666994035,0.008619295433,-0.009119658731,1,-0.5198808312,0.01254832372,-0.1621469855,17.27862167,0.1513323039,0.2617598772,-46.61571503
0.1601407379,0.2715429962,0.006942498963,-0.009811939672,1,-0.7592889071,0.01201966964,-0.1162679046,27.21680069,0.1202397943,0.06329151988,-54.71844864
0.1601407379,0.276386559,0.005524011329,-0.009989368729,1,-0.6487139463,0.01141499821,0.007317692041,22.45961189,0.2173300087,-0.09226675332,-61.05788803
0.1601407379,0.2812301517,0.004853057209,-0.009329594672,1,-0.5020220876,0.01051634457,0.1139044464,10.74312973,0.3918990493,-0.1938327849,-62.51750565
0.1601407379,0.2860737145,0.004990621936,-0.008498819545,1,-0.2062333226,0.009855771437,0.1365719587,0,0.6289963722,-0.1641295105,-59.57796478
0.1601407379,0.2909172773,0.006900736596,-0.007873128168,1,-0.01109272242,0.01046930347,0.05274507403,0,0.6974819899,-0.2384693623,-48.76568222
0.1601407379,0.29576087,0.008315201849,-0.007088299841,1,-0.1356364489,0.01092641614,0.01152324677,0,0.852242887,-0.3493824601,-40.44595718
0.1601407379,0.3006044328,0.01037167571,-0.006125053391,1,-0.2985874414,0.01204524562,0.1578265578,0,1.119155288,-0.1883511692,-30.56422234
0.1601407379,0.3054480255,0.01228968613,-0.005411561113,1,-0.7289622426,0.01342837885,0.1829053164,0,1.0064466,-0.1445191503,-23.76550293
0.1601407379,0.3102915883,0.01171569247,-0.004539147485,1,-1.347643852,0.01256428659,0.1771036536,37.75501251,0.8539376855,-0.5129931569,-21.178442
0.1601407379,0.315135181,0.009898382239,-0.002069023671,1,-1.765785098,0.01011231076,0.3495195508,50.51668549,1.0516994,-0.7310010195,-11.80634403
0.1601407379,0.3199787438,0.008256963454,0.000694437942,1,-2.283509493,0.008286113851,0.2172723114,69.57626343,1.257956028,-1.20342648,4.807450771
0.1601407379,0.3248223364,0.004931034986,0.004812241066,1,-3.377618074,0.006890048739,0.06088840961,120.8490448,0.7678992748,-2.06452179,44.30146027
0.1601407379,0.3296658993,-0.00438341219,0.0109890271,1,-4.558421612,0.01183102001,0.03034126759,167.4170837,-0.1503794193,-1.160535455,111.7465591
0.1601407379,0.3345094621,-0.01787633821,0.01058032736,1,-4.140147686,0.02077274211,0.4712896049,150.3000031,-0.4362074137,1.318978548,149.3803253
0.1601407379,0.3393530548,-0.02654934488,0.006883179769,1,-2.801633835,0.02742710151,-0.139102459,102.0334625,0.3469420671,2.114307165,165.4655151
0.1601407379,0.3441966176,-0.02976582758,-0.0003342374985,1,-0.4058139324,0.02976770326,-1.332660317,0,1.854038,2.535440445,-179.3566589
0.1601407379,0.3490402102,-0.01953475922,-0.01185226813,1,1.929473519,0.02284913696,-2.011604786,0,2.295104742,2.744381666,-148.7536774
0.1649843156,0.237637952,0.01230938826,-0.002638131613,1,-0.1600327343,0.01258891542,-0.4338449836,0,0.3333495855,0.2992556095,-12.09656143
0.1649843156,0.2424815297,0.0127291251,-0.004413546529,1,-0.3355144858,0.01347256545,-0.09608103335,0,0.3950875998,0.3808717728,-19.12287331
0.1649843156,0.2473251075,0.01259793527,-0.004948289599,1,-0.4449985921,0.01353490073,0.1848150045,0,0.4195625186,0.4614267349,-21.44419289
0.1649843156,0.2521686852,0.01260592323,-0.00575333694,1,-0.7731111646,0.0138567742,0.2696610689,22.84368896,0.3722295165,0.3844462633,-24.53193092
0.1649843156,0.257012248,0.01065623667,-0.00550425984,1,-0.8588405848,0.0119938422,0.1235472262,31.04208565,0.09364429116,0.1908676922,-27.31768608
0.1649843156,0.2618558407,0.008899635635,-0.006079408806,1,-0.5456388593,0.01077788137,-0.06073785573,19.50993919,0.1102841049,0.3020794988,-34.33728027
0.1649843156,0.2666994035,0.008547562174,-0.007261593826,1,-0.6489880681,0.011215684,-0.03655846044,22.56501198,0.2068593055,0.1307594478,-40.34961319
0.1649843156,0.2715429962,0.006758150645,-0.006889826152,1,-0.9171186686,0.009651025757,-0.002855163068,31.99969864,0.2877837718,-0.07010063529,-45.55277252
0.1649843156,0.276386559,0.005499329884,-0.006935885176,1,-0.8991347551,0.008851504885,0.04196893051,27.26161385,0.5062906742,-0.03136267886,-51.5897789
0.1649843156,0.2812301517,0.004855379462,-0.006534638815,1,-0.778676331,0.008141020313,0.08779639006,15.25328732,0.6529448628,-0.0941708535,-53.38684845
0.1649843156,0.2860737145,0.004890339915,-0.006054512691,1,-0.5710882545,0.00778283691,-0.001349583268,0,0.7407618165,-0.1812244058,-51.07155991
0.1649843156,0.2909172773,0.005677204113,-0.005663403776,1,-0.3789184391,0.008019026369,-0.03171493113,0,0.7222737074,-0.4384542108,-44.93027496
0.1649843156,0.29576087,0.006553407758,-0.004084439483,1,-0.2771502435,0.007722033653,0.07635241747,0,0.9462616444,-0.7016127706,-31.93340111
0.1649843156,0.3006044328,0.008918097243,-0.00189526903,1,-0.4265104234,0.009117264301,0.0407230556,0,1.278386831,-0.7358001471,-11.99796486
0.1649843156,0.3054480255,0.01067953743,-0.0003232891904,1,-0.9567543268,0.01068442967,-0.1275149286,0,1.197553754,-0.8031160831,-1.733918786
0.1649843156,0.3102915883,0.01008442789,0.001377057401,1,-1.403746963,0.01017801464,0.03648275137,37.55448532,0.9616595507,-0.8862060308,7.775809288
0.1649843156,0.315135181,0.008538252674,0.004145825747,1,-1.702399731,0.009491555393,0.2266189158,55.74747849,0.7385341525,-1.046155334,25.89931107
0.1649843156,0.3199787438,0.005415869877,0.007541838568,1,-2.177641869,0.009284986183,0.03117197752,79.24445343,0.3015241623,-1.401046276,54.31749344
0.1649843156,0.3248223364,-0.0005488694878,0.01108288579,1,-2.562362671,0.0110964682,-0.1210420132,93.94786835,-0.1227475405,-1.758697152,92.83519745
0.1649843156,0.3296658993,-0.007589670829,0.01547394879,1,-2.063331604,0.01723502763,-0.1084760129,69.34213257,-0.8275876045,-0.9926735163,116.1270447
0.1649843156,0.3345094621,-0.01455121767,0.01536555216,1,-1.790826321,0.02116218582,0.00250518322,61.8107605,-0.6146883368,1.070668817,133.4408112
0.1649843156,0.3393530548,-0.01924096793,0.01030021533,1,-1.370970964,0.02182451077,0.1273858547,49.66857529,-0.1910330653,2.245975494,151.8386383
0.1649843156,0.3441966176,-0.02211690508,0.005103998352,1,-0.8504794836,0.02269819938,0.1618965864,0,0.8964628577,2.917629242,167.0051422
0.1649843156,0.3490402102,-0.019018244,-0.003047389444,1,-0.8049561381,0.01926084608,-1.115237355,0,2.084444761,2.250606537,-170.8965912
0.1698278934,0.237637952,0.01176924072,-0.00194871088,1,0.2597344518,0.01192948036,-0.2540712655,0,0.6245703697,-0.07159847021,-9.401543617
0.1698278934,0.2424815297,0.01391084027,-0.002390621463,1,-0.06430393457,0.01411476359,0.06227950379,0,0.6782141924,0.1750023067,-9.751207352
0.1698278934,0.2473251075,0.01474276278,-0.00249469257,1,-0.4212211967,0.01495234203,0.3216641843,0,0.4837914109,0.2817902267,-9.604310989
0.1698278934,0.2521686852,0.01421390381,-0.00219748891,1,-0.9519479275,0.01438276842,0.1143950969,33.26224136,0.2717052698,0.2877794504,-8.788427353
0.1698278934,0.257012248,0.01144795958,-0.003334491979,1,-0.8744465113,0.01192370057,-0.06997703016,32.02490234,-0.01691001654,0.4222646952,-16.23946571
0.1698278934,0.2618558407,0.009896549396,-0.004581700079,1,-0.6157236099,0.01090567093,0.005436465144,22.14736748,0.1259215772,0.3439885378,-24.8422184
0.1698278934,0.2666994035,0.009075565264,-0.004974295385,1,-0.863979876,0.0103493724,0.03154120594,31.02212906,0.1811338663,-0.09353137761,-28.72704124
0.1698278934,0.2715429962,0.006589131895,-0.003975901287,1,-0.9258384109,0.007695741951,0.04723183811,33.14761734,0.2031945586,-0.3227867484,-31.10690498
0.1698278934,0.276386559,0.005575383548,-0.003182081738,1,-0.8352520466,0.006419544108,0.08081766218,25.18744469,0.4704494476,-0.2454856336,-29.71503258
0.1698278934,0.2812301517,0.004822182003,-0.002395425923,1,-0.8811120987,0.005384375807,0.04682633281,24.38412094,0.577808857,-0.1673356295,-26.4159565
0.1698278934,0.2860737145,0.004106310662,-0.002144771628,1,-0.733210206,0.004632691853,-0.1338145584,7.402802944,0.6921771765,-0.1040859222,-27.57856369
0.1698278934,0.2909172773,0.004623435903,-0.002539418405,1,-0.5161129832,0.005274922121,-0.06507816911,0,0.7598158717,-0.2678543925,-28.77775574
0.1698278934,0.29576087,0.005286704749,-0.001162609202,1,-0.3216353655,0.005413031206,0.2808418274,0,0.813333869,-0.6837690473,-12.40260315
0.1698278934,0.3006044328,0.007005015854,0.002132749418,1,-0.3932732046,0.007322490681,0.2274481654,0,0.9084703922,-1.049625635,16.93341255
0.1698278934,0.3054480255,0.007782102562,0.005022997037,1,-0.6987692714,0.009262376465,-0.1005394161,0,0.8216073513,-1.088473082,32.84042358
0.1698278934,0.3102915883,0.007599991746,0.006917883176,1,-0.9915963411,0.01027701236,-0.04182061553,28.71628189,0.608984828,-1.018543363,42.30998993
0.1698278934,0.315135181,0.005928894039,0.0097538298,1,-1.465932012,0.01141441986,0.06625449657,53.13692093,0.2316954732,-1.128025532,58.70655441
0.1698278934,0.3199787438,0.001621870906,0.01270247158,1,-1.773022652,0.01280559413,0.166780293,63.83963776,-0.3127334118,-1.252599716,82.72375488
0.1698278934,0.3248223364,-0.004173627589,0.01662870683,1,-1.799382091,0.01714447513,0.05397325754,63.02563858,-0.5416120291,-0.828014791,104.0895767
0.1698278934,0.3296658993,-0.009716915898,0.01697444916,1,-1.056876183,0.01955889538,-0.06564249098,29.03016472,-0.6990025043,0.006961846724,119.7887039
0.1698278934,0.3345094621,-0.01267833635,0.01627704315,1,-0.4876517057,0.02063207142,-0.03977438807,0,-0.614192605,0.8637207747,127.9153442
0.1698278934,0.3393530548,-0.01505378447,0.01259830035,1,-0.3913175166,0.01962991618,-0.1518799067,13.08605385,-0.05702245235,1.53072536,140.0745239
0.1698278934,0.3441966176,-0.01484990586,0.008127213456,1,-0.2672668695,0.01692841761,-0.09653365612,0,0.4774985909,2.062104225,151.3085327
0.1698278934,0.3490402102,-0.01403551083,0.002142770216,1,-0.6217992306,0.01419813465,-0.6894164681,0,0.9580764771,1.781659842,171.319809
0.1746714562,0.237637952,0.01073198393,-0.0008710232214,1,0.4100008905,0.01076727267,-0.1595175415,0,0.8892174363,-0.1817801744,-4.64003706
0.1746714562,0.2424815297,0.01387841627,-0.0008171077934,1,0.2032624781,0.01390244998,-0.03939552233,0,0.7854334116,-0.1026185751,-3.36946559
0.1746714562,0.2473251075,0.01552080922,-0.0005647974322,1,-0.3224339485,0.01553108171,0.03738733381,0,0.4618903399,-0.1671352983,-2.084056139
0.1746714562,0.2521686852,0.01455388404,0.0001735135011,1,-0.7356901169,0.01455491874,-0.06663370878,26.74785805,0.0836417377,0.09562764317,0.6830562353
0.1746714562,0.257012248,0.01236256678,-0.001350721694,1,-0.8146724701,0.01243613753,-0.1029323786,29.69726181,-0.003273338079,0.4463953376,-6.235346317
0.1746714562,0.2618558407,0.01059210021,-0.002487197984,1,-0.890466094,0.01088019926,-0.02630988881,32.6739502,0.04083412886,0.1489304155,-13.21457767
0.1746714562,0.2666994035,0.008247308433,-0.002199511742,1,-1.192377687,0.008535569534,-0.1112583503,43.38254547,0.125270009,-0.3313275576,-14.93290615
0.1746714562,0.2715429962,0.00542348111,-0.001421275665,1,-1.033376217,0.00560661871,-0.07362999022,36.2226944,0.3013637662,-0.4014627934,-14.6846981
0.1746714562,0.276386559,0.004701748956,-0.0006116280565,1,-0.6716481447,0.004741364159,0.0566765368,18.726017,0.4338493347,-0.346542567,-7.411713123
0.1746714562,0.2812301517,0.004271684214,0.0005317474715,1,-0.5818775892,0.004304653499,0.1036057398,15.64371109,0.3829137683,-0.1980472207,7.095787525
0.1746714562,0.2860737145,0.003738052212,0.0008494515205,1,-0.4688333869,0.003833353985,0.004566856194,7.185754776,0.4260833859,0.0076843719,12.80272484
0.1746714562,0.2909172773,0.004064621869,0.0005166475894,1,-0.4573638439,0.004097325262,-0.07422968,0,0.6356925964,-0.1905511916,7.243928909
0.1746714562,0.29576087,0.00460180128,0.001412863843,1,-0.4386159778,0.004813809413,0.10309273,0,0.6184830666,-0.70068717,17.06774902
0.1746714562,0.3006044328,0.00493582245,0.004409817979,1,-0.3303140104,0.006618824787,0.1142449379,0,0.3961063325,-1.047685027,41.77859879
0.1746714562,0.3054480255,0.00492047146,0.007040761877,1,-0.2764696777,0.00858972501,0.01492789388,0,0.2790830433,-0.9595102072,55.05203629
0.1746714562,0.3102915883,0.00494848052,0.009129584767,1,-0.3950392604,0.0103844488,0.04296988249,14.12658691,0.08019320667,-1.056969404,61.54111862
0.1746714562,0.315135181,0.003395490116,0.01236840338,1,-0.6860672235,0.01282601897,0.1116522849,22.23953247,-0.3032537699,-1.020830274,74.64881897
0.1746714562,0.3199787438,0.0001566274441,0.01461485215,1,-0.7897793055,0.01461569127,0.2841639519,0,-0.7986094356,-0.7081975341,89.3859787
0.1746714562,0.3248223364,-0.004297994077,0.0171749834,1,-0.4852477908,0.01770459861,0.399006784,0,-1.172725439,-0.136234656,104.0495834
0.1746714562,0.3296658993,-0.007873894647,0.01720733568,1,-0.3259156942,0.01892328262,0.1985181868,0,-0.9670130014,0.69863379,114.5883331
0.1746714562,0.3345094621,-0.01056037564,0.01475264225,1,-0.1311937273,0.01814282127,-0.1086463928,0,-0.836796999,0.9830958843,125.5961914
0.1746714562,0.3393530548,-0.01256243326,0.01191939693,1,0.03805536032,0.0173172392,-0.07632035017,0,-0.4584368765,1.170964241,136.5045929
0.1746714562,0.3441966176,-0.01259652618,0.008711322211,1,-0.0724594444,0.01531533897,-0.223280251,0,-0.1681588292,1.286873579,145.3336182
0.1746714562,0.3490402102,-0.0137278866,0.004604849499,1,-0.4234440029,0.01447962411,-0.3697679043,0,-0.04371353984,1.325863004,161.4566193
0.179515034,0.237637952,0.01011614129,0.0003724079579,1,0.103538096,0.01012299396,-0.07756078988,0,1.17933321,-0.1009964719,2.108291388
0.179515034,0.2424815297,0.01322298497,0.0004291642399,1,0.1039438248,0.01322994754,-0.09453901649,0,0.7215158343,-0.2869234979,1.858935237
0.179515034,0.2473251075,0.01411431935,0.001304237172,1,-0.3049327433,0.01417445019,-0.1844033301,0,0.5385106802,-0.4614379108,5.279438019
0.179515034,0.2521686852,0.01435433794,0.001771002775,1,-0.5191453099,0.01446317602,-0.2653791606,11.71735668,0.3121135831,-0.1190696582,7.03346777
0.179515034,0.257012248,0.01311154664,0.0005955767701,1,-0.9506255388,0.01312506665,-0.2494209111,33.23799896,0.15289554,0.1308526695,2.600806475
0.179515034,0.2618558407,0.01049047057,-7.088189886e-05,1,-1.264036417,0.01049070992,-0.05374898762,46.40651703,-0.01181340218,-0.2214446664,-0.387129575
0.179515034,0.2666994035,0.006931869313,0.001407823875,1,-1.406042576,0.007073385175,0.1045819372,51.31909943,0.1254842281,-0.4239298701,11.48030853
0.179515034,0.2715429962,0.00428798655,0.002489006147,1,-1.004108787,0.00495802192,-0.02495130897,33.25819778,0.4341845512,-0.1828199923,30.13346672
0.179515034,0.276386559,0.004171397071,0.00217247312,1,-0.5244877934,0.004703210667,-0.06949184835,0,0.540335834,-0.02584705502,27.51060295
0.179515034,0.2812301517,0.00436474802,0.002277609194,1,-0.3859434426,0.00492326403,-0.0184930712,0.8791975975,0.3847569525,-0.02207462117,27.55641747
0.179515034,0.2860737145,0.004165650345,0.002189820632,1,-0.4708613157,0.004706161562,0.0210744366,14.41769123,0.2594886422,-0.07746209949,27.73023987
0.179515034,0.2909172773,0.003340951167,0.002754877089,1,-0.620090127,0.004330277443,-0.0004124641418,20.78840637,0.2539483011,-0.3653707504,39.50826645
0.179515034,0.29576087,0.002392214024,0.00395752443,1,-0.5078718662,0.004624357913,-0.1062439978,13.60875797,0.330912143,-0.7042193413,58.84820175
0.179515034,0.3006044328,0.002483833116,0.00565121742,1,-0.2087154686,0.006172980182,-0.09459027648,0,0.3769253194,-0.8701185584,66.27346802
0.179515034,0.3054480255,0.003206951544,0.00771385571,1,-0.1565120071,0.008353928104,0.1133368909,0,0.1987907439,-0.6234093904,67.42543793
0.179515034,0.3102915883,0.002688613487,0.009219705127,1,-0.2075129151,0.00960372854,0.0715560317,4.988351345,-0.1396942437,-0.7324277759,73.74246979
0.179515034,0.315135181,0.001525226631,0.01160801388,1,-0.1329658926,0.01170778833,0.06058514118,0,-0.5113055706,-0.6496331096,82.51454163
0.179515034,0.3199787438,-0.0004319656,0.01265970245,1,-0.107691884,0.01266707014,0.1022847146,0,-0.8061158657,-0.2468057722,91.95424652
0.179515034,0.3248223364,-0.00290087238,0.01329886075,1,0.09013438225,0.01361156721,0.3513171077,0,-1.10994494,0.1015953571,102.3051529
0.179515034,0.3296658993,-0.005371497478,0.01386924926,1,0.04428058863,0.01487309858,0.3299740553,0,-1.188480854,0.4207041264,111.1711578
0.179515034,0.3345094621,-0.008442878723,0.01285940409,1,-0.002673238516,0.01538331807,0.07465848327,0,-0.9016793966,0.8335487843,123.2870178
0.179515034,0.3393530548,-0.009751799516,0.01019350532,1,0.1715227813,0.01410691906,0.0244935751,0,-0.430719316,1.097195983,133.7313538
0.179515034,0.3441966176,-0.009698317386,0.00766368676,1,0.1398874521,0.01236080285,-0.1962364316,0,-0.06820436567,1.086179972,141.6839447
0.179515034,0.3490402102,-0.009404596873,0.003982021473,1,0.2550480366,0.01021288056,-0.251180172,0,-0.1337659359,1.269040704,157.0516052
0.1843586117,0.237637952,0.009867127985,0.004339674488,1,0.0227586329,0.01077928487,-0.7809234858,0,0.8706490993,0.1132602394,23.74043655
0.1843586117,0.2424815297,0.01203077286,0.002174150199,1,-0.0608753264,0.01222564559,-0.3263066113,0,0.5822871923,-0.1571778953,10.24369144
0.1843586117,0.2473251075,0.01239262708,0.003520486411,1,-0.3122024834,0.012882974,-0.01434639096,0,0.4486725628,-0.4325559139,15.85873985
0.1843586117,0.2521686852,0.01269177627,0.004199780524,1,-0.4871192873,0.01336859539,-0.1909025609,9.691098213,0.3623446226,-0.2887192369,18.3096714
0.1843586117,0.257012248,0.0117882723,0.003994268365,1,-0.9442483187,0.01244658791,-0.2577129304,32.23981476,0.2355577052,-0.1293493509,18.71813202
0.1843586117,0.2618558407,0.009259178303,0.003578041447,1,-1.381227732,0.009926468134,0.05705991387,49.23513794,0.3308161497,-0.1957054436,21.12811852
0.1843586117,0.2666994035,0.006700521801,0.005218557082,1,-1.235855103,0.008492957801,0.3293302059,42.90380478,0.2361697853,-0.07680939138,37.91247559
0.1843586117,0.2715429962,0.00441712467,0.005545210093,1,-0.7612592578,0.007089452818,0.1141600311,26.04547691,0.2532557845,0.2530303299,51.46037674
0.1843586117,0.276386559,0.004239967559,0.004545927979,1,-0.5158458948,0.006216332316,-0.08005475998,9.108714104,0.44525069,0.1843191087,46.99446487
0.1843586117,0.2812301517,0.004075191449,0.004264694639,1,-0.5649830699,0.005898712203,-0.05118048191,14.35449219,0.4049704969,-0.01835974865,46.3016777
0.1843586117,0.2860737145,0.003464934183,0.0043869582,1,-0.7193874717,0.005590274464,-0.06478805095,22.94382286,0.351420939,-0.1650088727,51.69740295
0.1843586117,0.2909172773,0.002292922465,0.004750120454,1,-0.8234860897,0.005274574738,-0.100176163,28.62366867,0.2477390468,-0.3249317408,64.23301697
0.1843586117,0.29576087,0.0006762588746,0.005475579295,1,-0.6526228189,0.00551718194,0.06495785713,22.26640129,0.233564347,-0.4504244328,82.95936584
0.1843586117,0.3006044328,0.0002631802636,0.007246414665,1,-0.09549835324,0.00725119235,0.1960829496,0,0.4616815448,-0.482365787,87.9200058
0.1843586117,0.3054480255,0.002449895721,0.00876169838,1,-0.01518307626,0.009097766131,0.110610947,0,0.3216335177,-0.3460050225,74.37825775
0.1843586117,0.3102915883,0.001747496775,0.00945806969,1,-0.2552092671,0.009618151002,0.05540546775,7.606763363,-0.1386122704,-0.31089136,79.53193665
0.1843586117,0.315135181,0.0005423905095,0.01053588558,1,-0.1062303185,0.01054983772,0.06268884242,0,-0.3667399287,-0.3035510778,87.0530014
0.1843586117,0.3199787438,-0.0005433715414,0.01123198122,1,-0.02865277231,0.01124511752,0.1163799092,0,-0.517775476,-0.05424194783,92.76964569
0.1843586117,0.3248223364,-0.002104277257,0.01136230584,1,-0.02639344335,0.01155551709,0.2243914157,0,-0.7363805771,0.2234875113,100.4921875
0.1843586117,0.3296658993,-0.004237926565,0.01123635937,1,0.07260918617,0.0120089883,0.1938333213,0,-0.9102417827,0.3928747475,110.664566
0.1843586117,0.3345094621,-0.006161403377,0.0103982361,1,0.2126514018,0.0120866131,0.2118512243,0,-0.8096307516,0.6730741262,120.6485672
0.1843586117,0.3393530548,-0.007129442412,0.009002390318,1,0.06036818027,0.01148355193,0.1693304181,0,-0.4990133047,0.725700736,128.3774719
0.1843586117,0.3441966176,-0.008286015131,0.007703413256,1,-0.2543228865,0.01131373644,-0.4293566048,0,-0.09012451768,0.8673690557,137.0867462
0.1843586117,0.3490402102,-0.008797800168,0.002721598838,1,-0.2697549462,0.009209146723,-1.086508512,0,0.05843038112,0.9705654979,162.8105469
0.1892021894,0.237637952,0.006882262416,0.004479231313,1,0.8258298039,0.008211519569,-0.9767879248,0,0.8253991008,-0.5907678604,33.05757141
0.1892021894,0.2424815297,0.01088119019,0.003544372041,1,0.06098437309,0.01144390088,-0.1589854211,0,0.9852362871,-0.264354527,18.04218483
0.1892021894,0.2473251075,0.01194971334,0.004989594687,1,-0.2412484884,0.01294958312,0.2097816318,0,0.4786891341,-0.2735543251,22.66294098
0.1892021894,0.2521686852,0.0120312525,0.005885447375,1,-0.6169188023,0.01339363772,0.1652399153,13.38351631,0.4697271585,-0.1073821336,26.06695366
0.1892021894,0.257012248,0.01123678032,0.006310058758,1,-0.9836447835,0.01288728416,0.3167884052,28.21666718,0.5268910527,-0.1655179858,29.31656265
0.1892021894,0.2618558407,0.009818930179,0.008221535943,1,-1.395773292,0.01280644536,0.4545541704,39.65892029,0.7595065832,-0.005360484123,39.93993759
0.1892021894,0.2666994035,0.008154973388,0.008537691087,1,-1.293813467,0.01180659793,0.2004569471,42.92286301,0.5190909505,0.3694740236,46.31340408
0.1892021894,0.2715429962,0.006066501606,0.007402888499,1,-1.10973978,0.009571060538,0.04699772596,38.11856461,0.3915591836,0.4000573456,50.66614532
0.1892021894,0.276386559,0.004676409531,0.006827619392,1,-0.9252815843,0.008275577798,0.05540290475,28.4328804,0.5043991208,0.1436090916,55.59176636
0.1892021894,0.2812301517,0.0040279245,0.006975654978,1,-0.81343925,0.008055056445,0.08461901546,23.98074913,0.4781914949,-0.0286743138,59.99674225
0.1892021894,0.2860737145,0.003052611137,0.007376364432,1,-0.9099197388,0.007983055897,0.06975858659,30.86495399,0.3429782689,-0.1300497651,67.51843262
0.1892021894,0.2909172773,0.001281908015,0.007943439297,1,-0.9269891977,0.008046210743,0.05352020636,30.57531357,0.4051777124,-0.1268167943,80.83267212
0.1892021894,0.29576087,0.0005251766415,0.008249840699,1,-0.6452782154,0.008266540244,0.01101053692,8.02074337,0.6071436405,-0.07291963696,86.35752106
0.1892021894,0.3006044328,0.001097199973,0.008349961601,1,-0.2622076571,0.008421740495,0.06213032082,0,0.5804899931,-0.1640273631,82.51412201
0.1892021894,0.3054480255,0.002066802001,0.009345252998,1,-0.1849214733,0.009571072645,-0.04699625075,0,0.2579971552,-0.3431595862,77.52916718
0.1892021894,0.3102915883,0.00145114772,0.009784451686,1,-0.3924901485,0.009891477413,0.0674643442,14.13295269,0.03981481493,-0.1391932666,81.56386566
0.1892021894,0.315135181,0.0003585916129,0.01034621522,1,-0.194489792,0.01035242807,0.1175427735,2.97277689,-0.1321578473,0.01304423437,88.01496124
0.1892021894,0.3199787438,-0.0001309955405,0.0102905985,1,-0.03465590626,0.01029143203,-0.02579468675,0,-0.1904106885,0.07459233701,90.72931671
0.1892021894,0.3248223364,-0.0007315359544,0.009859982878,1,-0.06430675089,0.009887083434,-0.009967140853,0,-0.4309337139,0.2340393066,94.24313354
0.1892021894,0.3296658993,-0.002529731253,0.009108734317,1,0.03119516373,0.009453495964,0.1392406225,0,-0.7383477092,0.5422666669,105.5213547
0.1892021894,0.3345094621,-0.004156673793,0.007907900959,1,0.1666513085,0.008933803067,0.3168768883,0,-0.7626808286,0.6522977352,117.7280121
0.1892021894,0.3393530548,-0.0054166466,0.007484097499,1,0.1185162663,0.009238602594,0.4750279188,0,-0.8246257901,0.3612497747,125.8953018
0.1892021894,0.3441966176,-0.007576770149,0.008458994329,1,-0.5976212621,0.01135614514,0.02434046566,17.99593925,-0.3416697979,0.4191901088,131.8509827
0.1892021894,0.3490402102,-0.009966176003,0.005571612623,1,-1.678526282,0.01141786017,-0.7725002766,0,0.6919008493,0.4197476804,150.7925262
0.1940457672,0.237637952,0.002274549799,0.004337588325,1,1.620163202,0.004897780251,-0.4737128019,0,1.561676264,-1.428894281,62.32833099
0.1940457672,0.2424815297,0.009980292991,0.006650836207,1,0.3712400794,0.01199332625,0.08962151408,0,1.653954983,-0.4616180956,33.67936707
0.1940457672,0.2473251075,0.01208373904,0.007007560227,1,-0.1077931523,0.01396863163,0.3179725707,0,0.7254609466,-0.2626309693,30.11015511
0.1940457672,0.2521686852,0.01297201496,0.00946303457,1,-0.6934905052,0.0160568431,0.6384368539,0,0.7837593555,-0.249979198,36.11060715
0.1940457672,0.257012248,0.01252096239,0.01131066587,1,-1.191097498,0.01687322371,0.7352660894,0,0.8737428188,-0.2050043046,42.0927124
0.1940457672,0.2618558407,0.01143488288,0.0140173072,1,-1.512464404,0.01808981597,0.611194849,0,0.8807133436,0.05606094003,50.79350662
0.1940457672,0.2666994035,0.009461026639,0.01399950031,1,-1.628551483,0.01689665765,0.145725742,0,0.6267274022,0.3935670257,55.9487114
0.1940457672,0.2715429962,0.006582470611,0.01281686872,1,-1.557225943,0.01440836675,-0.1545205265,0,0.6783034801,0.3675733805,62.81592941
0.1940457672,0.276386559,0.005203897599,0.01147069782,1,-1.189457893,0.01259593014,-0.1281164587,0,0.7277523279,0.3459257483,65.5976944
0.1940457672,0.2812301517,0.004346163943,0.0105208084,1,-0.9415864944,0.01138316933,-0.039098382,0,0.5222707987,0.1705051512,67.55439758
0.1940457672,0.2860737145,0.003172909142,0.01045546681,1,-0.8843123913,0.01092630532,0.09521519393,0,0.3871041834,-0.04554199427,73.11859131
0.1940457672,0.2909172773,0.001937904744,0.01120257471,1,-0.9615601301,0.01136895549,0.2475761473,0,0.3841952085,0.02329665422,80.18567657
0.1940457672,0.29576087,0.0003763973364,0.01154178195,1,-0.9034801722,0.0115479175,-0.01776032895,0,0.4558212757,-0.04367331043,88.13214874
0.1940457672,0.3006044328,-0.0002303659712,0.01132808626,1,-0.5958922505,0.01133042853,-0.3396151364,0,0.6338286996,-0.2085606158,91.16499329
0.1940457672,0.3054480255,0.0005601456505,0.01090700924,1,-0.1541292965,0.01092138328,-0.2879510224,0,0.4907478392,-0.3341743648,87.06006622
0.1940457672,0.3102915883,0.001400072128,0.01155197248,1,-0.3014598489,0.01163650583,-0.01768994145,0,0.428381145,-0.003400085028,83.08959198
0.1940457672,0.315135181,0.001174898818,0.01083779521,1,-0.2777129412,0.01090129279,0.05762401223,0,-0.0747307539,0.2794438601,83.81286621
0.1940457672,0.3199787438,-0.0003070163366,0.01047757082,1,-0.265073657,0.01048206817,-0.1655095965,0,-0.1878694445,0.09282745421,91.67841339
0.1940457672,0.3248223364,-0.001018966315,0.009586519562,1,-0.008573204279,0.00964052137,-0.3657846451,0,-0.1214911044,0.2470995188,96.06726837
0.1940457672,0.3296658993,-0.0009369929321,0.00750901876,1,0.2840116918,0.007567252964,-0.05203905702,0,-0.3765394986,0.7097092867,97.11273193
0.1940457672,0.3345094621,-0.001467130613,0.005896943621,1,0.1940756589,0.006076710764,0.2378692031,0,-0.6362846494,0.8726913333,103.9712524
0.1940457672,0.3393530548,-0.003078866517,0.004434208386,1,0.1475323439,0.005398298148,0.7971122861,0,-1.111821532,0.1681990027,124.7739487
0.1940457672,0.3441966176,-0.006137740333,0.008943133987,1,-0.8666937947,0.01084672753,1.305522442,0,-0.6667838693,-0.7113211751,124.4621124
0.1940457672,0.3490402102,-0.01050638501,0.0142029468,1,-2.683959246,0.0176665727,0.9744011164,0,0.8800731301,-1.197463155,126.4915543
