PIVlab, ASCII chart output - 13-Mar-2024
FRAME: 51, filenames: A:[51]2 vortices tapados mismo sentido clase 4.mp4 & B:[52]2 vortices tapados mismo sentido clase 4.mp4, conversion factor xy (px -> m): 0.00030272, conversion factor uv (px/frame -> m/s): 0.0090842
x [m],y [m],u [m/s],v [m/s],Vector type [-],vorticity [1/s],magnitude [m/s],divergence [1/s],dcev [1],simple shear [1/s],simple strain [1/s],vector direction [degrees]
0.1262357086,0.237637952,0.008361252025,-0.003456328996,1,0.3265653253,0.009047471918,0.0344954282,0,0.395465672,0.3580001593,-22.45895576
0.1262357086,0.2424815297,0.01010985859,-0.00423978921,1,0.3384265304,0.01096289419,0.05785818398,0,0.2277694941,0.4555783868,-22.75180054
0.1262357086,0.2473251075,0.01110366639,-0.005382717587,1,0.1542871445,0.01233957242,-0.01622532308,0,0.1377886981,0.4663085341,-25.86268997
0.1262357086,0.2521686852,0.01152455062,-0.006576979533,1,-0.09209574759,0.01326921023,0.02115378529,0,0.1328506768,0.2650007308,-29.71309853
0.1262357086,0.257012248,0.0113010658,-0.006563807372,1,-0.2416529953,0.01306895725,-0.02117168158,0,0.05428164452,0.1230426505,-30.14858055
0.1262357086,0.2618558407,0.01061700284,-0.007275492884,1,-0.4234487116,0.01287064701,-0.06884530932,0,0.03602337837,0.2358166873,-34.42159653
0.1262357086,0.2666994035,0.009424541146,-0.008039461449,1,-0.4912067354,0.012387692,0.006211638451,0,0.05991044641,0.1451246291,-40.46533203
0.1262357086,0.2715429962,0.008527985774,-0.007948328741,1,-0.293487668,0.01165772136,0.08715829998,0,0.151768744,0.05977167934,-42.98509598
0.1262357086,0.276386559,0.008738114499,-0.007906812243,1,-0.07139267772,0.0117844101,0.08821721375,0,0.3197767437,-0.04341585934,-42.14083481
0.1262357086,0.2812301517,0.009731053375,-0.007310753688,1,0.06964346766,0.0121712992,-0.1564896405,0,0.08145448565,-0.2318234742,-36.91683578
0.1262357086,0.2860737145,0.009469969198,-0.007541927043,1,-0.08083480597,0.012106237,-0.2760744691,0,-0.2697113454,-0.1092798263,-38.53397751
0.1262357086,0.2909172773,0.008033161052,-0.008118634112,1,-0.03059774637,0.01142120361,-0.2195805013,0,-0.3689060211,0.03061032295,-45.30319595
0.1262357086,0.29576087,0.007534941658,-0.008753745817,1,0.1232861951,0.01155003905,-0.3204677403,0,-0.2423266768,0.1012264714,-49.27919006
0.1262357086,0.3006044328,0.007456579246,-0.0101611428,1,-0.09055243433,0.01260354649,-0.4020595551,0,-0.2800975442,0.0860696733,-53.72756195
0.1262357086,0.3054480255,0.005739669781,-0.01111803763,1,-0.247650221,0.01251217723,-0.01140500605,0,-0.5111510158,0.3720278144,-62.69502258
0.1262357086,0.3102915883,0.00378126651,-0.01201832946,1,-0.2085513771,0.01259913575,0.3620431423,0,-0.4067706168,0.8300517797,-72.5351181
0.1262357086,0.315135181,0.002759309951,-0.01338487398,1,-0.1722947508,0.0136663327,-0.1038073599,0,-0.1426043361,0.6875402927,-78.35157776
0.1262357086,0.3199787438,0.002256028354,-0.01585128345,1,-0.7362924814,0.01601102203,-0.4388531148,0,0.2976518869,-0.04225200415,-81.89980316
0.1262357086,0.3248223364,0.0006347200251,-0.01530584227,1,-0.8502882719,0.0153189972,-0.3074731827,0,-0.329885751,-0.5389143229,-87.62535858
0.1262357086,0.3296658993,-0.003460236127,-0.01473028027,1,-0.9669963121,0.01513123885,0.1857093573,0,-0.6429886818,-0.3292552829,-103.2194672
0.1262357086,0.3345094621,-0.007163343485,-0.01281157881,1,-0.506675899,0.01467821654,0.610870719,0,-0.3264852762,-0.2057096213,-119.2108841
0.1262357086,0.3393530548,-0.007495717146,-0.01077510975,1,0.3595411181,0.01312588155,0.09101901948,0,0.1670664549,-0.4810653329,-124.8244553
0.1262357086,0.3441966176,-0.004612678662,-0.01004064362,1,0.9297538996,0.01104949415,-2.684037924,0,1.49656713,-1.549369574,-114.6740799
0.1262357086,0.3490402102,0.004256357905,-0.01627096348,1,0.02546787262,0.01681846753,-6.49229908,0,3.636704922,-3.919696569,-75.34037018
0.1310792714,0.237637952,0.009311790578,-0.003289467422,1,0.4356095195,0.00987572968,-0.1069704145,0,0.4073620439,0.3960911632,-19.45619202
0.1310792714,0.2424815297,0.01135328971,-0.00450777635,1,0.3047008812,0.01221545041,-0.04046726227,2.295435905,0.2902888358,0.3999521732,-21.65534592
0.1310792714,0.2473251075,0.01219366957,-0.005422673188,1,0.04331323504,0.01334507298,-0.01826287806,0,0.1351219267,0.2964698076,-23.97529602
0.1310792714,0.2521686852,0.01221755426,-0.006032208446,1,-0.1564148813,0.01362556964,0.05471029505,3.988033295,0.02306395769,0.1423409283,-26.277071
0.1310792714,0.257012248,0.01154777501,-0.005847118329,1,-0.1867510229,0.01294372045,0.07737211883,4.380434036,-0.06021171808,0.1043239981,-26.85499001
0.1310792714,0.2618558407,0.011021371,-0.006162751932,1,-0.2628047466,0.01262735669,-0.02499455959,6.66361618,-0.09988798201,0.1520765722,-29.2123394
0.1310792714,0.2666994035,0.009791044518,-0.006704776082,1,-0.3367825449,0.01186670084,-0.01787184551,8.809258461,-0.1045344248,0.1281489581,-34.4028244
0.1310792714,0.2715429962,0.008883818053,-0.006870015059,1,-0.2048615962,0.01123028621,0.0435754396,5.509894371,0.009875372052,0.09616245329,-37.71542358
0.1310792714,0.276386559,0.008846613578,-0.006959485356,1,-0.1064325422,0.01125597674,-0.03733617812,1.330501795,0.08719590306,0.0477527678,-38.19155121
0.1310792714,0.2812301517,0.008790643886,-0.007282149978,1,-0.02929402888,0.01141512673,-0.2355126441,0,-0.03468517959,-0.02082435042,-39.63827515
0.1310792714,0.2860737145,0.008536725305,-0.007999344729,1,-0.0596511364,0.01169893984,-0.2894336581,0,-0.1912235618,0.05242064595,-43.13868713
0.1310792714,0.2909172773,0.007575516589,-0.008937942795,1,-0.07684712112,0.01171645336,-0.149043411,0,-0.2396003753,0.1895153224,-49.71644592
0.1310792714,0.29576087,0.007003987208,-0.009639180265,1,0.006959535182,0.01191510074,-0.1224125922,0,-0.18950966,0.2249002457,-53.99722672
0.1310792714,0.3006044328,0.006691320799,-0.01062017959,1,-0.001272305846,0.01255236939,-0.1745616049,0,-0.07944650203,0.2625117302,-57.78672791
0.1310792714,0.3054480255,0.006613019388,-0.01175617892,1,0.1000131443,0.01348850504,0.07164758444,0,-0.1047742888,0.4594174623,-60.64162445
0.1310792714,0.3102915883,0.006668259855,-0.01249837317,1,-0.06598137319,0.01416598167,0.3151808381,0,-0.4377858639,0.6365943551,-61.91873169
0.1310792714,0.315135181,0.004172983579,-0.01331297029,1,-0.3609588146,0.01395166572,0.2395796031,0,-0.790537715,0.4148473144,-72.59627533
0.1310792714,0.3199787438,0.001090896898,-0.01334729604,1,-0.5892933011,0.01339180209,-0.1544835865,1.918885946,-0.5644053817,-0.003237769008,-85.32750702
0.1310792714,0.3248223364,-0.001415045466,-0.01404554117,1,-0.5289707184,0.01411664207,-0.3298933804,0,-0.48242414,-0.2063672096,-95.75296021
0.1310792714,0.3296658993,-0.003807872999,-0.01394560467,1,-0.431083858,0.01445613243,0.01148504019,0,-0.553126812,-0.333373636,-105.2724228
0.1310792714,0.3345094621,-0.006182131823,-0.01237519644,1,-0.2737071514,0.01383344643,0.1963424832,0,-0.6827038527,-0.3619975448,-116.5447998
0.1310792714,0.3393530548,-0.008440324105,-0.01124124136,1,-0.7442819476,0.01405719016,0.006931424141,0,-1.048387647,-0.7584636807,-126.900528
0.1310792714,0.3441966176,-0.01486506686,-0.008667945862,1,-1.149297714,0.01720765792,-0.5319263935,0,-1.435340166,-1.299108148,-149.7531891
0.1310792714,0.3490402102,-0.02095921896,-0.007525336929,1,-1.96719408,0.02226925083,-2.447827101,0,-0.549182713,-2.919629335,-160.2494965
0.1359228492,0.237637952,0.009761628695,-0.003593147732,1,0.4063023925,0.01040192787,-0.1340172589,0,0.4564566612,0.1618166864,-20.20810318
0.1359228492,0.2424815297,0.01185104903,-0.004309595097,1,0.1667938828,0.01261031162,-0.03448718041,0,0.3884882927,0.2431769967,-19.98363113
0.1359228492,0.2473251075,0.01245118119,-0.004938035738,1,-0.02034647763,0.01339462958,-0.09098569304,0,0.1499888897,0.1976575851,-21.63286781
0.1359228492,0.2521686852,0.0124789821,-0.005707661156,1,-0.05833848193,0.01372233219,-0.06983520091,0,0.002582613379,0.1392811239,-24.57850075
0.1359228492,0.257012248,0.01218112372,-0.005950905383,1,-0.07089042664,0.01355702896,-0.02991461381,0,-0.1864500642,0.1308617443,-26.03712845
0.1359228492,0.2618558407,0.01123253349,-0.006486393977,1,-0.1114889234,0.01297085639,-0.1447176337,0,-0.3473553061,0.05423571542,-30.00492477
0.1359228492,0.2666994035,0.009958676063,-0.00691455137,1,-0.124886401,0.01212378871,-0.06158546731,0,-0.2937540114,0.02550741658,-34.77318954
0.1359228492,0.2715429962,0.009204816073,-0.00690823514,1,-0.07439145446,0.0115087945,0.03515481949,0,-0.1671878397,0.04638781399,-36.88830948
0.1359228492,0.276386559,0.008788567968,-0.006968959235,1,-0.04646111652,0.01121629681,-0.07256960124,0,-0.1012290567,0.01592510194,-38.41291428
0.1359228492,0.2812301517,0.008489467204,-0.007336866111,1,-0.09114763141,0.01122054644,-0.169224754,0,-0.005183625966,0.08064180613,-40.8346138
0.1359228492,0.2860737145,0.008321980014,-0.008179207332,1,-0.1164339706,0.01166853867,-0.1474242806,0,0.06269714981,0.1767327189,-44.50427246
0.1359228492,0.2909172773,0.008229189552,-0.00890694093,1,-0.1436531693,0.01212654728,-0.01942199469,3.173704624,0.08364953101,0.2956655025,-47.2649231
0.1359228492,0.29576087,0.008031347767,-0.009705358185,1,-0.1189044416,0.01259748079,0.0932328701,1.560106277,0.04734209552,0.4303481579,-50.39167023
0.1359228492,0.3006044328,0.007882571779,-0.01053978503,1,-0.06560945511,0.01316138357,0.1855912209,0,0.1235362738,0.6820386648,-53.20765305
0.1359228492,0.3054480255,0.008311920799,-0.01210993994,1,-0.01169253886,0.01468804572,0.08751612902,0,0.1167150438,0.7645788193,-55.53539658
0.1359228492,0.3102915883,0.008391256444,-0.01381919067,1,-0.08730924129,0.01616735011,0.02751627564,0,-0.4046510458,0.7203160524,-58.73313904
0.1359228492,0.315135181,0.005929072853,-0.01546556968,1,-0.4062691629,0.01656314544,0.2248465121,0,-1.0181247,0.619502306,-69.02455902
0.1359228492,0.3199787438,0.001492093899,-0.01573073678,1,-0.2283421755,0.0158013422,0.352365464,0,-1.400984168,0.2728418112,-84.58158875
0.1359228492,0.3248223364,-0.001962695969,-0.0150803905,1,-0.05313128233,0.01520757563,0.1150411814,0,-1.291209698,0.03053071722,-97.41529846
0.1359228492,0.3296658993,-0.005019326229,-0.01532140374,1,-0.1387300193,0.01612262614,-0.32489416,0,-1.100648761,-0.3843148053,-108.1389084
0.1359228492,0.3345094621,-0.007965705357,-0.01479258295,1,-0.2430547774,0.01680098101,-0.2690027654,0,-1.019749403,-0.9035205841,-118.3021545
0.1359228492,0.3393530548,-0.01113581657,-0.01224806719,1,-0.3633700609,0.01655359752,-0.318937093,0,-0.7753993273,-1.01397562,-132.2767944
0.1359228492,0.3441966176,-0.01348142326,-0.01142610982,1,-0.9039463997,0.01767214574,0.2963445485,0,-1.285649538,-0.2911016643,-139.7172394
0.1359228492,0.3490402102,-0.02174129523,-0.009402725846,1,-1.915801048,0.02368744835,1.445867777,0,-1.494837523,0.610378921,-156.6123657
0.1407664269,0.237637952,0.009446439333,-0.003046541475,1,0.4562313557,0.009925554506,0.004690043628,0,0.7485209703,0.1646712422,-17.87486649
0.1407664269,0.2424815297,0.01236409508,-0.003433982143,1,0.1475486606,0.01283211168,0.002418115735,0,0.5263134837,0.3226563931,-15.52200794
0.1407664269,0.2473251075,0.01271034312,-0.004597640596,1,-0.01432244666,0.01351632737,-0.07392765582,0,0.05351370573,0.4015783668,-19.8862896
0.1407664269,0.2521686852,0.01255392097,-0.005737132393,1,-0.0594955422,0.01380273979,-0.05789618194,0,-0.07958013564,0.3156298995,-24.56036377
0.1407664269,0.257012248,0.01203672029,-0.006406840403,1,-0.1310369074,0.0136356242,-0.1339207292,0,-0.2758536637,0.1898186207,-28.02523994
0.1407664269,0.2618558407,0.01058311481,-0.007305189036,1,-0.1202273667,0.0128595531,-0.1701591015,0,-0.3794905543,0.06021999568,-34.61608887
0.1407664269,0.2666994035,0.00961629767,-0.007522699423,1,-0.03900128603,0.01220918447,-0.07362554967,0,-0.2302911282,-0.07067473233,-38.03559113
0.1407664269,0.2715429962,0.009278776124,-0.007319481578,1,-0.06946990639,0.01181822736,-0.03828436509,0,-0.1460827589,-0.09979701042,-38.26783371
0.1407664269,0.276386559,0.008572251536,-0.007224758156,1,-0.1006006449,0.01121073682,0.0174199827,1.213358164,-0.08876158297,-0.076251477,-40.12444305
0.1407664269,0.2812301517,0.008361585438,-0.00686577661,1,-0.08028704673,0.01081919577,0.04942914844,0,0.1022607908,0.03021837026,-39.3897438
0.1407664269,0.2860737145,0.00867868308,-0.007131709252,1,-0.1316743493,0.01123302337,-0.03134399652,0,0.2456272542,0.1691711843,-39.41165924
0.1407664269,0.2909172773,0.008913523518,-0.00783698447,1,-0.1895138621,0.0118688345,-0.08694007993,0,0.3673388958,0.2645032406,-41.32271194
0.1407664269,0.29576087,0.009539992549,-0.008833952248,1,-0.04337391257,0.01300192997,0.05969561636,0,0.4522101879,0.4451654553,-42.79942703
0.1407664269,0.3006044328,0.01089375373,-0.009704037569,1,-0.136462003,0.01458911318,0.2231547534,0,0.384257108,0.6980670691,-41.69430161
0.1407664269,0.3054480255,0.01074020751,-0.01113422681,1,-0.321067512,0.01547006983,0.09274339676,6.513952255,0.1965087801,0.987000823,-46.03194809
0.1407664269,0.3102915883,0.0102904439,-0.01403544284,1,-0.2851885855,0.01740364544,-0.1312346458,3.128549814,-0.2263247818,0.9304419756,-53.75204086
0.1407664269,0.315135181,0.008262652904,-0.01627654023,1,-0.3994864225,0.01825368963,-0.02710151672,0,-0.8746352196,1.003466368,-63.08574295
0.1407664269,0.3199787438,0.004119136836,-0.01902707852,1,-0.2297596931,0.01946784556,0.3230591714,0,-1.62271595,1.100527883,-77.78464508
0.1407664269,0.3248223364,-0.0007099566283,-0.02004227042,1,-0.3276810646,0.02005484141,0.280737251,0,-2.018130064,0.1935402304,-92.02873993
0.1407664269,0.3296658993,-0.00724298181,-0.01860473305,1,-0.7568978071,0.01996489242,0.01707786322,0,-1.545412183,-0.7891660929,-111.2713852
0.1407664269,0.3345094621,-0.01186134014,-0.01613717712,1,-0.6033903956,0.02002747729,-0.2608373165,0,-0.9767243266,-1.369066834,-126.3170776
0.1407664269,0.3393530548,-0.01489639003,-0.01323693711,1,-0.2315909266,0.01992784254,-0.2376726866,0,-0.3833124638,-1.398059249,-138.3757019
0.1407664269,0.3441966176,-0.01483967248,-0.01051675435,1,0.2816803157,0.01818840206,0.3016575575,0,0.5228410363,-1.29851687,-144.6751099
0.1407664269,0.3490402102,-0.01099962834,-0.005486367736,1,0.2805277109,0.0122919511,2.378094673,0,1.305090427,0.3009643555,-153.4909973
0.1456100047,0.237637952,0.01058194321,-0.002177420072,1,0.3841171861,0.01080364175,0.05545842648,0,0.7900684476,0.1783419997,-11.62732124
0.1456100047,0.2424815297,0.01342557278,-0.002475018147,1,0.2460919023,0.01365180314,-0.1170661151,0,0.4674797058,0.3850515783,-10.445261
0.1456100047,0.2473251075,0.0140381828,-0.004609466065,1,0.008665623143,0.0147755798,-0.0972520709,0,0.05363594741,0.5902405977,-18.17770004
0.1456100047,0.2521686852,0.01372733526,-0.005804942455,1,-0.1657617092,0.01490426436,-0.0009325444698,0.9989411831,-0.161747396,0.4208370149,-22.92227173
0.1456100047,0.257012248,0.01245186944,-0.006652336568,1,-0.2261990756,0.01411745884,-0.1230498478,0,-0.3988142014,0.2769050896,-28.11309433
0.1456100047,0.2618558407,0.01070003491,-0.007742155343,1,-0.1428820193,0.01320725959,-0.1400078237,0,-0.5161603689,0.1054186001,-35.88813019
0.1456100047,0.2666994035,0.00925974641,-0.007841078565,1,-0.07927402854,0.01213364862,-0.03028278425,0,-0.3675086796,-0.1258402169,-40.2576561
0.1456100047,0.2715429962,0.008536008187,-0.007279315498,1,-0.09385305643,0.0112183718,0.004405610263,1.931697249,-0.0622574389,-0.1874902844,-40.45679855
0.1456100047,0.276386559,0.008503613062,-0.006911615841,1,-0.07125267386,0.01095818728,0.01535475254,0,0.1412913948,-0.1553112417,-39.10372162
0.1456100047,0.2812301517,0.00887524616,-0.006452681497,1,-0.09931019694,0.01097301673,0.01837734133,0,0.1996376216,-0.0972186327,-36.01874542
0.1456100047,0.2860737145,0.008989556693,-0.006351717748,1,-0.1909411103,0.01100710873,-0.03399327397,0,0.2351202518,-0.08414233476,-35.24374008
0.1456100047,0.2909172773,0.00908923056,-0.006209781393,1,-0.1147177517,0.01100797486,-0.1395460665,0,0.4217479527,0.05725893006,-34.3409729
0.1456100047,0.29576087,0.0104766814,-0.007304958068,1,0.0123218298,0.01277197246,-0.1022287756,0,0.6597744226,0.2710201144,-34.88647461
0.1456100047,0.3006044328,0.01234458108,-0.008017641492,1,-0.05815687776,0.01471975725,0.0295239985,0,0.6909668446,0.5039792061,-33.00318909
0.1456100047,0.3054480255,0.01354174595,-0.009603018872,1,-0.4014116526,0.01660110988,-0.07467105985,2.430374384,0.3844196796,1.064247012,-35.34204865
0.1456100047,0.3102915883,0.01226227917,-0.01353407931,1,-0.6179013252,0.01826293394,-0.3247036338,14.47473049,0.02256163955,1.360821247,-47.82248306
0.1456100047,0.315135181,0.01065817196,-0.01776698977,1,-0.3466122746,0.02071865276,-0.07367557287,0,-0.4534018636,1.772800207,-59.04103851
0.1456100047,0.3199787438,0.008387348615,-0.02247762866,1,-0.8501172662,0.02399148606,0.3324137926,0,-1.281296492,1.468190432,-69.53733826
0.1456100047,0.3248223364,0.0003345038858,-0.02326821163,1,-1.100691795,0.02327061445,0.8071377277,0,-2.439324617,0.1181854308,-89.17636871
0.1456100047,0.3296658993,-0.008758995682,-0.01914063469,1,-0.9711771011,0.02104955912,0.07197505236,0,-2.372389793,-1.304564714,-114.5894318
0.1456100047,0.3345094621,-0.01586027257,-0.01660085469,1,-0.7038578391,0.02295945585,-0.7374757528,0,-1.422590017,-2.008786678,-133.6930695
0.1456100047,0.3393530548,-0.01905861124,-0.01298294216,1,-0.4306510091,0.02306051739,-0.3912599087,4.506565094,-0.07507355511,-1.700793028,-145.7368622
0.1456100047,0.3441966176,-0.01830978878,-0.01025802922,1,0.8043560982,0.02098750882,0.2085130811,0,1.32083869,-1.555217266,-150.7403412
0.1456100047,0.3490402102,-0.008765065111,-0.004440176766,1,1.966559052,0.009825554676,1.676089764,0,1.97461617,-0.7261984348,-153.1342926
0.1504535824,0.237637952,0.01057886984,-0.001080285059,1,0.3760678172,0.01063388493,-0.2022017241,0,0.8970546126,0.326906383,-5.830675602
0.1504535824,0.2424815297,0.01366210356,-0.002361673163,1,0.4088055193,0.01386472397,-0.145544067,0,0.5242447257,0.535675168,-9.807403564
0.1504535824,0.2473251075,0.01509817131,-0.004379823338,1,0.006729148328,0.01572061144,-0.03457790613,0,0.1843810976,0.6583015323,-16.17689896
0.1504535824,0.2521686852,0.0145877609,-0.005717688706,1,-0.2622695565,0.01566827111,0.01518857479,4.080668926,-0.2159399092,0.6063004136,-21.40275002
0.1504535824,0.257012248,0.01278193016,-0.007242915221,1,-0.26880458,0.01469141059,-0.1404291689,0,-0.5925797224,0.5606027842,-29.53817749
0.1504535824,0.2618558407,0.01041557919,-0.009113191627,1,-0.3967951238,0.01383960061,-0.3790388405,0,-0.4129010737,-0.03304022551,-41.18455505
0.1504535824,0.2666994035,0.008860103786,-0.008918786421,1,-0.3076615632,0.01257164218,-0.04587683082,7.815490246,-0.1101262867,-0.4477999508,-45.18911362
0.1504535824,0.2715429962,0.008391991258,-0.007166445721,1,-0.05199526995,0.01103555411,0.16711694,0,-0.147390902,-0.3951744437,-40.49608231
0.1504535824,0.276386559,0.007894361392,-0.006195284426,1,-0.0852772817,0.01003506314,-0.06805746257,1.416113973,0.0001584365964,-0.4290811419,-38.12387848
0.1504535824,0.2812301517,0.007979711518,-0.005417799577,1,-0.1880151182,0.009645120241,-0.234008044,0,0.2318097502,-0.4667361081,-34.1744194
0.1504535824,0.2860737145,0.008106484078,-0.005068047903,1,-0.2828283012,0.009560344741,-0.2660344243,0,0.3933353722,-0.3030378222,-32.01298523
0.1504535824,0.2909172773,0.008514959365,-0.005238571204,1,-0.115141362,0.009997357614,-0.1929569542,0,0.5798933506,-0.06290489435,-31.60065269
0.1504535824,0.29576087,0.01035754662,-0.005697965156,1,0.09895682335,0.01182140317,-0.1560077369,0,0.9256697893,0.01680401713,-28.81637764
0.1504535824,0.3006044328,0.01347781811,-0.0060755983,1,0.02599263191,0.01478392631,-0.02109093964,0,1.042587042,0.3154426217,-24.26513672
0.1504535824,0.3054480255,0.01553329546,-0.007327991538,1,-0.5482569337,0.01717506163,-0.2019094527,0,0.9263126254,0.8010088205,-25.25607491
0.1504535824,0.3102915883,0.01530896034,-0.01093331072,1,-1.020596147,0.01881227084,-0.4312090874,0,1.218631625,1.523088455,-35.53356171
0.1504535824,0.315135181,0.01649249531,-0.01679378375,1,-1.41509974,0.02353791706,-0.08740931749,29.87340736,0.90546453,2.014800787,-45.51859283
0.1504535824,0.3199787438,0.0128405029,-0.02111552842,1,-2.445988178,0.02471323684,0.07896149158,67.19074249,-0.1802891493,2.088273525,-58.69591904
0.1504535824,0.3248223364,0.003771917894,-0.02652604319,1,-2.958829403,0.02679287829,0.5656163692,44.2450943,-2.420175552,1.44845295,-81.90698242
0.1504535824,0.3296658993,-0.01321312599,-0.02539161593,1,-2.602449417,0.0286237821,0.6366443634,0,-3.371457577,-0.7895022631,-117.491272
0.1504535824,0.3345094621,-0.02516307496,-0.01961841248,1,-1.987420082,0.03190709278,0.2510418892,52.88462448,-0.4521579146,-2.613977909,-142.0582123
0.1504535824,0.3393530548,-0.02502941154,-0.01151467022,1,-0.4230343103,0.02755102701,0.06173408031,0,1.207688928,-2.33386755,-155.2954102
0.1504535824,0.3441966176,-0.02136253938,-0.008015130647,1,1.124633551,0.0228166692,-0.362716198,0,2.721832275,-1.615370393,-159.4341278
0.1504535824,0.3490402102,-0.006398755591,-0.005447342526,1,2.592320681,0.00840342883,0.3246717155,0,3.586474657,-0.7356107235,-139.5918274
0.1552971601,0.237637952,0.01118595991,0.0003460198932,1,0.4865133464,0.01119131129,-0.03095978498,0,1.218525052,0.9030188918,1.771788836
0.1552971601,0.2424815297,0.015315203,-0.001915879315,1,0.4184223413,0.01543457247,-0.07972759008,0,0.7941682339,0.7657248974,-7.1304636
0.1552971601,0.2473251075,0.01705923676,-0.003748995019,1,-0.05520579219,0.01746632531,0.03692534566,0,0.3488652408,0.7935276031,-12.39448452
0.1552971601,0.2521686852,0.0167375654,-0.005580541212,1,-0.4648841619,0.0176433716,-0.04186564684,12.62874699,-0.0661752224,0.8813316822,-18.43911743
0.1552971601,0.257012248,0.01448701322,-0.008220566437,1,-1.22894311,0.01665686816,-0.03679087758,31.71527481,-0.4296381474,0.4255996644,-29.57247543
0.1552971601,0.2618558407,0.008704097942,-0.007820165716,1,-1.456702471,0.01170112472,-0.04295830429,40.00004578,-0.1161903739,-0.3188422322,-41.93799591
0.1552971601,0.2666994035,0.006868584547,-0.006884301081,1,-0.7388420105,0.009724765085,-0.2451916486,14.02854061,0.4760808945,-0.2614593804,-45.06547928
0.1552971601,0.2715429962,0.007431393955,-0.007741371635,1,-0.4709052145,0.01073100418,-0.1728496253,8.491909027,0.3113329113,-0.2526459694,-46.17037964
0.1552971601,0.276386559,0.006095683668,-0.006497801282,1,-0.5992093086,0.008909476921,-0.09908175468,15.35907936,0.1965613961,-0.784968257,-46.82886505
0.1552971601,0.2812301517,0.005481137428,-0.004419227131,1,-0.3731267452,0.007040769793,-0.1978442967,0,0.4015205503,-0.9041682482,-38.87787628
0.1552971601,0.2860737145,0.006233211141,-0.0030766665,1,-0.2162740827,0.00695117237,-0.2381938696,0,0.7053368688,-0.5635536313,-26.27060318
0.1552971601,0.2909172773,0.007849943824,-0.002843326656,1,-0.1968657076,0.008349019103,-0.2791605294,0,0.9337644577,-0.2329048216,-19.91088295
0.1552971601,0.29576087,0.009802437387,-0.00330070965,1,-0.06589192152,0.01034323312,-0.2255557179,0,1.288201809,-0.1738665104,-18.60958099
0.1552971601,0.3006044328,0.01377029624,-0.003093687352,1,-0.07223278284,0.01411353797,-0.0838105157,0,1.443345785,-0.2572118938,-12.66204834
0.1552971601,0.3054480255,0.0164435301,-0.002460826654,1,-0.7324645519,0.01662664674,0.07159272581,0,1.51300025,-0.01212267019,-8.511331558
0.1552971601,0.3102915883,0.01755088195,-0.002688205335,1,-1.377209663,0.01775556058,-0.09274172783,0,2.110162258,0.7467885017,-8.708112717
0.1552971601,0.315135181,0.01999364235,-0.006527156569,1,-2.275601625,0.02103210613,-0.4762237966,0,2.550943375,1.343780994,-18.07987404
0.1552971601,0.3199787438,0.01888452098,-0.01150353998,1,-3.664707422,0.02211236209,-0.6951240897,88.54412079,1.619971514,2.222562551,-31.34775734
0.1552971601,0.3248223364,0.01008980535,-0.02065919898,1,-5.679480553,0.02299144678,-0.2426880002,156.299408,-0.1806285381,2.103066683,-63.96944809
0.1552971601,0.3296658993,-0.009499374777,-0.02286538482,1,-7.085480213,0.02476012707,-0.4546639919,194.0796814,-0.6351056099,-2.827815056,-112.5603409
0.1552971601,0.3345094621,-0.02730533667,-0.009164692834,1,-4.683842659,0.02880230919,1.279935002,123.5811691,0.4381194115,-2.391107082,-161.4463196
0.1552971601,0.3393530548,-0.03006386571,-0.005084407516,1,-1.726622343,0.0304907728,0.06225073338,17.4065094,1.605747223,-1.309218884,-170.4009552
0.1552971601,0.3441966176,-0.02789080516,-0.002521872986,1,0.8143248558,0.0280045867,-0.4357215762,0,3.172064304,-1.5628829,-174.8333893
0.1552971601,0.3490402102,-0.01075548027,0.0003750856558,1,2.863690138,0.01076201815,-1.095634699,0,4.211771011,-2.291837215,178.0026703
0.1601407379,0.237637952,0.01480275579,0.002465270692,1,-0.1064183712,0.01500663627,0.02916198969,0,1.007417321,1.270801663,9.455335617
0.1601407379,0.2424815297,0.01698478498,-0.0005417185603,1,0.06548351049,0.01699342206,-0.3978311718,0,0.8259606361,0.611328721,-1.826792121
0.1601407379,0.2473251075,0.01912053488,-0.002422673861,1,-0.2274808735,0.01927340589,-0.05085104704,0,0.5720598698,0.6190654039,-7.22120142
0.1601407379,0.2521686852,0.01865378022,-0.003786511021,1,-0.9367210865,0.01903421059,0.1310606897,25.5570755,0.01686677337,0.3269380629,-11.47450447
0.1601407379,0.257012248,0.01466515567,-0.003371419618,1,-1.932834625,0.01504769921,0.09251794219,53.08579254,-0.1298162937,-0.1482531577,-12.94695377
0.1601407379,0.2618558407,0.00866317004,-0.002620317508,1,-1.725479484,0.009050778113,0.1688042581,47.32131577,0.02032339573,0.09918486327,-16.82880211
0.1601407379,0.2666994035,0.006406100001,-0.003034212627,1,-0.9322520494,0.007088339888,-0.02144930512,22.48124886,0.450769186,0.134901464,-25.34430695
0.1601407379,0.2715429962,0.006331070326,-0.003377614543,1,-1.101742268,0.007175703999,-0.09653896838,26.56186867,0.5249571204,-0.2396780849,-28.07983971
0.1601407379,0.276386559,0.00361239654,-0.002340907231,1,-1.15856123,0.00430456223,-0.1138423532,29.83210754,0.3969253898,-0.4672752023,-32.94406891
0.1601407379,0.2812301517,0.002642028267,-0.001665735035,1,-0.4754366279,0.003123297356,-0.178281039,0,0.6015337706,-0.5368493795,-32.23044205
0.1601407379,0.2860737145,0.004223157652,-0.0006041534944,1,-0.08744814992,0.00426615309,-0.1610451341,0,0.7879041433,-0.554032445,-8.141341209
0.1601407379,0.2909172773,0.006034730934,0.0002377237251,1,-0.06850704551,0.006039411295,-0.2056089044,0,0.9355843067,-0.5080395937,2.25586319
0.1601407379,0.29576087,0.008422913961,0.0008606929914,1,-0.09413295984,0.008466774598,-0.2101377249,0,1.289802551,-0.4222744703,5.834501266
0.1601407379,0.3006044328,0.01182604954,0.001265224535,1,-0.08735668659,0.01189353783,-0.1712007225,0,1.614828706,-0.7260382175,6.106631756
0.1601407379,0.3054480255,0.01582134329,0.00354809151,1,-0.420583725,0.01621431112,0.09714236856,0,1.793708444,-0.8717324734,12.64000988
0.1601407379,0.3102915883,0.01847688667,0.005958044901,1,-1.005110502,0.01941374876,0.08443847299,0,2.011232853,-0.5423442125,17.87240028
0.1601407379,0.315135181,0.0206945762,0.006583962124,1,-2.012250423,0.02171667665,-0.6839354038,0,2.37600708,-0.3790326416,17.64842606
0.1601407379,0.3199787438,0.02023877017,0.004481224809,1,-4.192113876,0.02072894573,-0.9084994197,88.02424622,2.558658123,0.4285057783,12.4848814
0.1601407379,0.3248223364,0.01278280653,0.0001080736401,1,-9.329442978,0.01278326381,-0.8276480436,255,-0.8594794273,-1.110506892,0.4844019115
0.1601407379,0.3296658993,-0.02911206894,0.005851273891,1,-9.192048073,0.02969427407,-0.1456776857,253.2019653,0.2465815544,-1.194933176,168.6354523
0.1601407379,0.3345094621,-0.03054512292,0.005190208089,1,-2.845987082,0.03098294325,0.5023390055,37.83062363,2.441920042,0.7553241253,170.3564453
0.1601407379,0.3393530548,-0.03106919862,0.004625921138,1,-1.971286893,0.03141168877,0.3999025822,13.35193825,1.868509293,0.7685234547,171.5313873
0.1601407379,0.3441966176,-0.03104293533,0.003404764226,1,-0.358253479,0.03122909367,-0.005250453949,0,2.06421566,0.7263842225,173.74086
0.1601407379,0.3490402102,-0.02280623838,0.001082191593,1,1.503084421,0.02283190005,-1.550934792,0,1.897984743,-0.5919058323,177.2832642
0.1649843156,0.237637952,0.01748243533,0.005740969442,1,-0.8936282396,0.01840093173,-0.3882660866,0,0.4257344007,1.252429724,18.17940521
0.1649843156,0.2424815297,0.01634929515,0.001767550828,1,-0.3269063532,0.01644456387,-0.6193216443,0,0.8077476025,0.5404257178,6.170380592
0.1649843156,0.2473251075,0.01981142722,0.0001236428652,1,-0.3604069054,0.01981181279,-0.5860465765,0,0.8985675573,-0.02255502343,0.3575775921
0.1649843156,0.2521686852,0.01895591803,-0.0009617643664,1,-1.354381204,0.01898030005,-0.2379741669,36.33177185,0.1993712187,-0.3182557821,-2.904519081
0.1649843156,0.257012248,0.0142170554,0.0005124924355,1,-1.640601873,0.01422628947,0.06304012239,44.81510544,-0.2079891562,-0.2667844892,2.064488411
0.1649843156,0.2618558407,0.01000212412,0.0006357668317,1,-1.318324089,0.01002230961,0.2101518363,35.79003143,-0.08538138866,0.3542647958,3.637009144
0.1649843156,0.2666994035,0.007418098859,-0.0001855299633,1,-1.067275047,0.007420418784,0.1203933805,28.69935417,0.2003077865,0.2232293338,-1.432694316
0.1649843156,0.2715429962,0.00580290053,0.000137672876,1,-1.132784605,0.005804533605,0.003378652036,30.25923347,0.2786425948,-0.2488829494,1.359078169
0.1649843156,0.276386559,0.003280995646,0.001036318718,1,-1.080163002,0.003440768691,0.05998759344,28.56050682,0.2986016572,-0.07616996765,17.52897835
0.1649843156,0.2812301517,0.002017347608,0.0007971625892,1,-0.7061906457,0.002169138053,-0.03206045926,10.19791508,0.6006243825,-0.05825013667,21.5616436
0.1649843156,0.2860737145,0.002769677201,0.00116317044,1,-0.2976129651,0.003004010301,-0.1425965428,0,0.7881576419,-0.3950770497,22.78075409
0.1649843156,0.2909172773,0.004393331707,0.002020067768,1,-0.03036114573,0.004835497588,-0.1304312348,0,0.8499252796,-0.5927586555,24.69312096
0.1649843156,0.29576087,0.006739299744,0.003402489237,1,-0.06671637297,0.007549509406,-0.1450606883,0,1.105435848,-0.7914655805,26.78796768
0.1649843156,0.3006044328,0.009424449876,0.00515097985,1,-0.2493814826,0.01074024476,-0.05536144972,0,1.478316665,-1.059119463,28.65903091
0.1649843156,0.3054480255,0.01269174274,0.00826426968,1,-0.324062109,0.01514524687,0.01131427288,0,1.543931246,-1.386559248,33.07029343
0.1649843156,0.3102915883,0.01533298008,0.01192168891,1,-0.7415097356,0.01942233182,-0.09812927246,0,1.18608427,-1.432564139,37.86575699
0.1649843156,0.315135181,0.01484507415,0.01472770888,1,-1.166786671,0.02091128007,-0.08543300629,0,1.420040369,-1.999856949,44.77260971
0.1649843156,0.3199787438,0.01655963436,0.02119434997,1,-3.445785284,0.02689650469,-0.5634419918,92.55703735,0.5258625746,-1.727461576,51.99866867
0.1649843156,0.3248223364,0.0007022013306,0.02036572807,1,-6.44593811,0.02037782967,-1.407571793,173.1919403,-0.2747886181,-1.749673843,88.0252533
0.1649843156,0.3296658993,-0.01599272713,0.02285134792,1,-4.916611195,0.02789178118,1.188856363,131.0324554,0.3918530941,1.997771502,124.986618
0.1649843156,0.3345094621,-0.02121374756,0.01644769683,1,-2.888137102,0.02684305981,0.2410062551,72.69249725,1.151450396,2.168797016,142.2124329
0.1649843156,0.3393530548,-0.02440450341,0.01351394318,1,-1.709226847,0.02789635211,0.2314879894,36.5773201,1.051822186,1.725456357,151.0246124
0.1649843156,0.3441966176,-0.02439793758,0.009211544879,1,-0.5900869966,0.0260789562,0.04317378998,0,1.265209317,2.360908508,159.3157654
0.1649843156,0.3490402102,-0.02113449574,0.002287815558,1,0.328525722,0.02125796303,-0.7428263426,0,1.01900363,2.116096735,173.8217621
0.1698278934,0.237637952,0.01898839884,0.008855706081,1,-0.8253685236,0.02095191739,-0.9196507335,0,-0.1597512662,0.6914064288,25.00314713
0.1698278934,0.2424815297,0.01660264656,0.004954065662,1,-0.7711052895,0.01732601039,-0.6643640399,9.434960365,0.189784348,0.4051839709,16.61458397
0.1698278934,0.2473251075,0.01617272571,0.003675266868,1,-0.6711757183,0.0165850725,-0.6378676295,0,0.5384206772,-0.3870497346,12.80307865
0.1698278934,0.2521686852,0.01595963724,0.003739209846,1,-1.071255922,0.01639181934,-0.444858849,22.0518837,0.5562594533,-0.4226199389,13.18608475
0.1698278934,0.257012248,0.01367830392,0.00356755103,1,-1.153166294,0.01413589157,-0.01664392836,31.23954964,0.2111619711,0.06339474022,14.61812115
0.1698278934,0.2618558407,0.01139696594,0.003351536347,1,-1.287975073,0.01187954657,0.2051144987,34.85833359,0.1301862597,0.3005248904,16.38717079
0.1698278934,0.2666994035,0.008070463315,0.003105423413,1,-1.481102943,0.008647313341,0.09013881534,40.40545273,0.189699173,0.06800509244,21.04616356
0.1698278934,0.2715429962,0.005141951144,0.003458742751,1,-1.271606803,0.006196979899,-0.07518875599,33.74272537,0.335016638,-0.3295096755,33.92682266
0.1698278934,0.276386559,0.003534015967,0.00433724653,1,-1.151056409,0.005594727583,0.001598708332,27.94670486,0.5446144342,-0.2472219765,50.82663727
0.1698278934,0.2812301517,0.002204601886,0.004663925152,1,-1.069723129,0.005158727057,-0.05364852026,22.83769608,0.6743289232,-0.11922279,64.70026398
0.1698278934,0.2860737145,0.001618893701,0.00465486059,1,-0.7077615261,0.00492834067,-0.2932056785,0,0.7753362656,-0.2596630156,70.82305908
0.1698278934,0.2909172773,0.002531904494,0.004501459189,1,-0.3862259388,0.005164656322,-0.220383212,0,0.8544505835,-0.60919559,60.64385605
0.1698278934,0.29576087,0.003886776278,0.006538103335,1,-0.2481727004,0.00760617014,0.1080591679,0,1.05255127,-0.9514893293,59.2693367
0.1698278934,0.3006044328,0.00642797444,0.009633464739,1,-0.2069144249,0.0115811266,0.1396566033,0,1.295667648,-1.111021996,56.28661346
0.1698278934,0.3054480255,0.009160237387,0.01259586215,1,-0.2385839224,0.01557452045,-0.1005870104,0,1.195496321,-1.2693578,53.97378922
0.1698278934,0.3102915883,0.01106285397,0.0152944969,1,-0.4171013236,0.01887613162,-0.2404357791,0,0.7131789327,-1.586052418,54.12093735
0.1698278934,0.315135181,0.0105943121,0.01911346056,1,-0.8255859613,0.02185323462,-0.07916730642,19.31441879,0.4291324914,-1.818318367,61.00103378
0.1698278934,0.3199787438,0.009142600931,0.02371820994,1,-1.822088599,0.0254192967,-0.2951447964,43.1600914,-0.883322835,-2.542461634,68.91997528
0.1698278934,0.3248223364,-0.002509558108,0.0299985148,1,-3.332150936,0.03010330163,0.3019709587,83.1799469,-1.379240632,-1.317704439,94.78199768
0.1698278934,0.3296658993,-0.01367738936,0.03156323358,1,-2.131159306,0.03439925238,0.00607252121,47.62386322,-1.24724102,1.088385463,113.4286728
0.1698278934,0.3345094621,-0.01887305267,0.02475626394,1,-1.448319912,0.03112980351,-0.8765674829,31.36026192,-0.1854305863,1.923833013,127.3202591
0.1698278934,0.3393530548,-0.02159058675,0.01799927652,1,-0.5098398328,0.02810920402,-0.6161933541,0,0.4013405442,1.936718702,140.1832886
0.1698278934,0.3441966176,-0.01939857751,0.01239103638,1,0.07027688622,0.02301830985,-0.7358654141,0,1.052011251,2.066340446,147.4311981
0.1698278934,0.3490402102,-0.01615469716,0.004426575266,1,-0.08033132553,0.01675018854,-1.109131575,0,1.419783473,2.179527044,164.6764069
0.1746714562,0.237637952,0.01637691818,0.008964933455,1,-0.1516849995,0.01867012307,-1.347383142,0,-0.3780803084,-0.2972311974,28.69685936
0.1746714562,0.2424815297,0.01509393845,0.006421687081,1,-0.385900557,0.01640320197,-0.7872598171,0,0.07006987929,-0.1714906991,23.04723358
0.1746714562,0.2473251075,0.01484716777,0.005982407834,1,-0.471103996,0.01600711048,-0.2601484954,0,0.4009668231,-0.3632817566,21.94611168
0.1746714562,0.2521686852,0.01475422364,0.006921221036,1,-0.6056932211,0.01629694551,-0.1467643976,7.419165134,0.5223515034,-0.3817778826,25.13131905
0.1746714562,0.257012248,0.01444349624,0.007120712195,1,-0.9465869665,0.01610338874,0.002738986164,22.62658882,0.4711119831,-0.1177319586,26.24351692
0.1746714562,0.2618558407,0.01245122403,0.007504731417,1,-1.488564014,0.01453801803,0.1678294688,40.40156555,0.1962515116,0.00546900928,31.07864761
0.1746714562,0.2666994035,0.008184080012,0.007907117717,1,-1.779624224,0.0113798799,0.116034098,48.94051743,0.002320587635,0.03040840477,44.01391983
0.1746714562,0.2715429962,0.003842715174,0.007919466123,1,-1.54036355,0.008802522905,0.02812311798,41.72410583,0.2824549079,-0.2490071952,64.1162262
0.1746714562,0.276386559,0.002091302071,0.009249419905,1,-1.222380996,0.009482895955,-0.07788707316,28.04670143,0.6726465225,-0.351473093,77.25959778
0.1746714562,0.2812301517,0.001180033316,0.009244601242,1,-1.089312792,0.009319609962,-0.3399399221,21.58408356,0.6765015125,-0.1535568833,82.72577667
0.1746714562,0.2860737145,9.181877977e-05,0.008346659131,1,-0.8669117093,0.008347163908,-0.43983531,7.13527298,0.7007479072,-0.1889394969,89.36972809
0.1746714562,0.2909172773,0.0003752085613,0.0080293715,1,-0.5060197115,0.008038133383,-0.1357398182,0,1.035022855,-0.4156935811,87.32453918
0.1746714562,0.29576087,0.002654086333,0.00970263686,1,-0.177670598,0.01005909219,0.2944955528,0,1.074603677,-0.6138144732,74.70140076
0.1746714562,0.3006044328,0.004719573539,0.01242884155,1,-0.1345031261,0.01329475362,0.2786278725,0,0.8369244337,-0.8584862947,69.20685577
0.1746714562,0.3054480255,0.006056318525,0.01521033794,1,-0.1599747986,0.01637172513,-0.03395414352,0,0.5247222185,-1.059526443,68.28897858
0.1746714562,0.3102915883,0.006486256141,0.01739628054,1,-0.2598255873,0.01856615394,-0.178401947,1.82859838,0.1768601984,-1.333475232,69.55187988
0.1746714562,0.315135181,0.005654469132,0.02080502547,1,-0.4385115802,0.0215597339,0.02652263641,8.249519348,-0.3193513453,-1.696387053,74.79520416
0.1746714562,0.3199787438,0.002815488027,0.02574132755,1,-0.9205979705,0.02589484304,-0.03724122047,0,-1.117573977,-1.899451494,83.75801849
0.1746714562,0.3248223364,-0.004217575304,0.02982478589,1,-0.8239722252,0.03012151644,-0.02874697745,0,-1.96469593,-0.3160015941,98.04891968
0.1746714562,0.3296658993,-0.01069164276,0.0271326676,1,-0.3603738546,0.02916320972,-0.2656078935,0,-2.101381779,1.233329296,111.5069427
0.1746714562,0.3345094621,-0.01614124328,0.02256458998,1,-0.2099930644,0.02774347737,-0.2956421375,0,-1.300626516,1.604886532,125.5774689
0.1746714562,0.3393530548,-0.01800844632,0.0179273095,1,0.01773968339,0.0254104808,-0.1627549529,0,-0.3919351697,1.612367868,135.129364
0.1746714562,0.3441966176,-0.01795368828,0.01396664418,1,-0.03245317936,0.02274647355,-0.5378415585,0,0.4574459493,1.190959573,142.1197205
0.1746714562,0.3490402102,-0.0159499608,0.009553726763,1,-0.6337147355,0.01859233528,-0.9719238281,0,1.461087227,0.8502432108,149.0791779
0.179515034,0.237637952,0.01102259383,0.00775914453,1,0.3760302365,0.01347968541,-0.9276306033,0,0.0105753839,-0.6813027263,35.14289856
0.179515034,0.2424815297,0.01195887104,0.007162590511,1,-0.03942853212,0.01393977366,-0.6121513844,0,0.4792901278,-0.6410677433,30.91888237
0.179515034,0.2473251075,0.01315309759,0.007899203338,1,-0.2444546819,0.01534279622,-0.2247701734,0,0.5419072509,-0.646025598,30.98727798
0.179515034,0.2521686852,0.01339960564,0.009202973917,1,-0.4497328997,0.0162555892,-0.03040519357,1.935492516,0.4431736469,-0.553794384,34.48164368
0.179515034,0.257012248,0.01312132739,0.01043427549,1,-0.7174370289,0.01676434837,0.06298723817,14.65979671,0.4772723615,-0.4137440026,38.49224472
0.179515034,0.2618558407,0.01223634928,0.01151205879,1,-1.168194056,0.01680046879,0.06932815164,31.25228691,0.2718402743,-0.1995068192,43.25310898
0.179515034,0.2666994035,0.008779767901,0.01173639856,1,-1.573062897,0.01465698984,0.129196614,43.09437943,-0.1125228405,-0.03093985468,53.20056534
0.179515034,0.2715429962,0.004072083626,0.01228769217,1,-1.597645402,0.01294485386,0.2156571746,43.56345367,0.0852534771,-0.1517462432,71.66505432
0.179515034,0.276386559,0.001454379875,0.01351594552,1,-1.283492923,0.01359396987,-0.008344918489,33.56918716,0.4044384956,-0.2001616061,83.85832977
0.179515034,0.2812301517,-0.0001856845483,0.01321677119,1,-1.047169924,0.01321807504,-0.3522138298,24.14972878,0.4523614347,-0.09042072296,90.80490112
0.179515034,0.2860737145,-0.00142662134,0.01224793028,1,-0.7899622917,0.0123307351,-0.3136408925,0,0.7996003628,-0.05532610416,96.64378357
0.179515034,0.2909172773,-0.0001390018879,0.01196560729,1,-0.3487440348,0.01196641475,-0.01906022802,0,1.126424193,-0.09248769283,90.66555786
0.179515034,0.29576087,0.002340132836,0.01260358188,1,-0.1685877442,0.01281898934,0.0892971307,0,0.9445412755,-0.4006372094,79.48155975
0.179515034,0.3006044328,0.003619389376,0.01433864236,1,-0.1472710967,0.01478839573,0.1037656218,0,0.4618638754,-0.5793365836,75.83322144
0.179515034,0.3054480255,0.003863887396,0.01591224037,1,-0.0865650773,0.01637464575,-0.04222658277,0,0.1114601344,-0.6762564182,76.35132599
0.179515034,0.3102915883,0.003739970503,0.01740961522,1,-0.1303431541,0.01780680008,-0.0869615674,0,-0.1499622315,-0.8670423031,77.87586212
0.179515034,0.315135181,0.002506206511,0.01969062164,1,-0.1957625449,0.01984947547,0.04330676794,0,-0.6255057454,-1.06218338,82.7464447
0.179515034,0.3199787438,-0.0002379063226,0.0227641426,1,-0.1178663373,0.02276538499,0.1022925377,0,-1.262431145,-0.8851423264,90.59877014
0.179515034,0.3248223364,-0.004179371987,0.02447333932,1,0.07877475023,0.02482763492,0.1059385985,0,-1.885756493,0.03029261529,99.69104767
0.179515034,0.3296658993,-0.008990162984,0.0231305398,1,0.03311246634,0.02481622249,-0.1190424562,0,-1.757517338,0.9131802917,111.2396469
0.179515034,0.3345094621,-0.01253163535,0.01947370358,1,0.09706443548,0.02315744013,-0.06238347292,0,-1.248924017,1.406686068,122.7619247
0.179515034,0.3393530548,-0.01456928439,0.0160149876,1,-0.02284246683,0.02165049314,0.122366786,0,-0.7417821288,1.094748497,132.2936859
0.179515034,0.3441966176,-0.01623515412,0.01476389728,1,-0.1973493397,0.02194431424,0.189957425,0,-0.2516537905,0.4876903296,137.7173004
0.179515034,0.3490402102,-0.01674406603,0.01457289513,1,-0.7686225772,0.02219759114,0.1028528363,0,0.5584843755,0.1817208081,138.9659119
0.1843586117,0.237637952,0.008583924733,0.007194824517,1,0.08192132413,0.01120041404,0.7782213688,0,0.09974163771,0.06002643704,39.96887207
0.1843586117,0.2424815297,0.009023874067,0.008934141137,1,-0.1262166649,0.01269839332,0.05611613393,0,0.5485234857,-0.4799315631,44.71370697
0.1843586117,0.2473251075,0.01062940061,0.009791213088,1,-0.07056999207,0.01445171237,-0.1786165684,0,0.6694524288,-0.6559377313,42.64954758
0.1843586117,0.2521686852,0.01192460768,0.0112460833,1,-0.1478226036,0.01639117673,-0.0294559896,0,0.5845206976,-0.6728175879,43.32264328
0.1843586117,0.257012248,0.01274457853,0.01290738024,1,-0.4085954428,0.01813903823,0.07132989168,3.016913891,0.3871414065,-0.5962689519,45.36362457
0.1843586117,0.2618558407,0.0118206935,0.01447965018,1,-0.9207043648,0.01869195141,0.001536801457,25.28395653,0.07740533352,-0.4266543388,50.77297592
0.1843586117,0.2666994035,0.00865999423,0.01498135738,1,-1.428988218,0.01730423607,0.0295239538,39.14319611,-0.1542260051,-0.298966229,59.96987915
0.1843586117,0.2715429962,0.004152272828,0.01607071795,1,-1.41852808,0.01659847423,0.2020629644,38.48458862,-0.1461437345,-0.3024587035,75.51303101
0.1843586117,0.276386559,0.001081384486,0.01742504723,1,-1.106435418,0.01745856926,0.03694152087,30.44404984,0.05015540123,-0.05327697098,86.44882202
0.1843586117,0.2812301517,-0.0009639015188,0.01650769822,1,-0.7555890083,0.01653581671,-0.03330909461,20.18724823,0.1823172867,0.25144279,93.34175873
0.1843586117,0.2860737145,-0.001695301617,0.01604582928,1,-0.4148858786,0.01613513939,0.06130765378,0,0.5798097253,0.3365667462,96.03113556
0.1843586117,0.2909172773,-0.0001650824561,0.01517446339,1,-0.1682931483,0.01517536119,-0.102043137,0,0.7549231052,0.09443672001,90.62329102
0.1843586117,0.29576087,0.001146086375,0.01509416383,1,-0.1056247354,0.01513761189,-0.1596435308,0,0.6385347843,-0.2019203007,85.65791321
0.1843586117,0.3006044328,0.002416108735,0.01537923422,1,-0.03142414987,0.01556786522,-0.09887137264,0,0.3267025352,-0.3208817542,81.07169342
0.1843586117,0.3054480255,0.002576290164,0.01616948843,1,-0.09795793891,0.01637344249,-0.05482797325,2.194769621,-0.01572751999,-0.4516461492,80.94714355
0.1843586117,0.3102915883,0.001865464379,0.01730125397,1,-0.1303052604,0.0174015332,-0.05709657073,0,-0.2530536652,-0.5844014883,83.84600067
0.1843586117,0.315135181,0.0007194614154,0.01872353069,1,-0.007192581892,0.0187373478,0.006247192621,0,-0.5795164108,-0.5917167664,87.79946136
0.1843586117,0.3199787438,-0.0009763059788,0.02019753866,1,0.03351360559,0.02022112161,0.02861946821,0,-0.916577816,-0.298802793,92.76739502
0.1843586117,0.3248223364,-0.003557728836,0.02030942589,1,0.0215767622,0.02061868645,-0.08808656782,0,-1.233257174,0.2707238495,99.93604279
0.1843586117,0.3296658993,-0.006845174357,0.0184596125,1,0.03936123848,0.01968790777,-0.08873793483,0,-1.293041825,0.7916543484,110.3457413
0.1843586117,0.3345094621,-0.009630009532,0.01604519039,1,-0.07040581107,0.01871323772,0.01922646165,0,-1.017236352,0.8480648994,120.9713669
0.1843586117,0.3393530548,-0.01211325359,0.01444506925,1,-0.3046780825,0.01885181479,0.1509635597,0,-0.7361721992,0.6344025135,129.9823151
0.1843586117,0.3441966176,-0.01467144862,0.01370361634,1,-0.1174507141,0.02007586882,0.6624922752,0,-0.3900982141,0.3452467918,136.9535217
0.1843586117,0.3490402102,-0.01457160618,0.01598167233,1,-0.04803099856,0.02162742615,1.004807949,0,0.08925759792,0.06416064501,132.3576202
0.1892021894,0.237637952,0.01508271229,0.007845458575,1,-1.421015263,0.01700115949,0.4823262095,0,-0.7165055275,-0.5851855874,27.4817524
0.1892021894,0.2424815297,0.009906088002,0.01043074671,1,-0.8265038729,0.01438509859,-0.001411527395,19.8333149,-0.4064367115,-0.7525299788,46.47781372
0.1892021894,0.2473251075,0.009110868908,0.01148355938,1,-0.3934551179,0.01465878822,0.06975308061,0,0.4124495089,-0.4091055393,51.57209015
0.1892021894,0.2521686852,0.009998088703,0.01275013573,1,-0.1329839975,0.01620270684,-0.276414752,0,0.4360404611,-0.8555184603,51.89804077
0.1892021894,0.257012248,0.01057874411,0.01428848878,1,-0.1222630888,0.01777837798,-0.2850392759,0,0.1592544764,-1.027536869,53.48492813
0.1892021894,0.2618558407,0.01017725933,0.0163464807,1,-0.3658476174,0.01925575361,-0.1170239747,5.814894199,-0.2750094235,-0.8648842573,58.09375763
0.1892021894,0.2666994035,0.007474703249,0.01791080832,1,-0.7439257503,0.01940794289,-0.129926458,10.88261509,-0.6169381738,-0.564337492,67.34780121
0.1892021894,0.2715429962,0.003585809143,0.01845058426,1,-0.7466127276,0.01879579946,-0.009138934314,14.95611477,-0.5126723647,-0.2583709657,79.00186157
0.1892021894,0.276386559,0.001375257852,0.01911798306,1,-0.2805570364,0.01916738413,-0.05559965223,0,-0.2799679041,0.08706163615,85.88549805
0.1892021894,0.2812301517,0.0008708629757,0.0177595932,1,-0.1732904017,0.01778093353,0.02929878235,4.702670097,-0.007308244705,0.4529871345,87.19268036
0.1892021894,0.2860737145,0.0005005142884,0.01706581563,1,-0.01615993679,0.01707315445,0.1404618919,0,-0.1999427974,0.4134667218,88.32008362
0.1892021894,0.2909172773,-0.0001758441504,0.0164372772,1,0.09787233919,0.01643821783,-0.06663319468,0,-0.07963045686,0.110475421,90.61291504
0.1892021894,0.29576087,0.0005888702581,0.01620797627,1,0.2610644698,0.01621867158,-0.2034117728,3.510121346,0.1027423516,-0.12825647,87.91923523
0.1892021894,0.3006044328,0.001586282393,0.01607325673,1,0.04583504423,0.01615134254,-0.2414258271,0,0.1238474101,-0.2625989318,84.36368561
0.1892021894,0.3054480255,0.001410740428,0.01631052978,1,-0.1058169454,0.01637142524,-0.06639867276,0,-0.09103292227,-0.2195534408,85.05664062
0.1892021894,0.3102915883,0.0006328247837,0.01681507379,1,-0.01449656487,0.01682697795,0.07833389938,0,-0.3448041677,-0.04719255865,87.84472656
0.1892021894,0.315135181,-0.0003295606293,0.01691852696,1,0.05691438913,0.0169217363,0.1841750443,0,-0.5068679452,-0.0939720273,91.11593628
0.1892021894,0.3199787438,-0.001546560205,0.01816230081,1,-0.1709443331,0.01822802797,0.03087583184,0,-0.4412463903,-0.2740489244,94.86711884
0.1892021894,0.3248223364,-0.003294754075,0.01839545369,1,-0.3508488536,0.01868818142,-0.3119761348,0,-0.4830331504,-0.005310460925,100.1544037
0.1892021894,0.3296658993,-0.005585532635,0.01667694189,1,-0.7825242877,0.01758745499,-0.4638897777,15.85515881,-0.2572245002,0.2603286505,108.5170135
0.1892021894,0.3345094621,-0.00833084248,0.01488765609,1,-0.9263323545,0.01706004702,-0.3218166232,23.61184311,-0.1430775821,0.2463438958,119.2305298
0.1892021894,0.3393530548,-0.01076530293,0.0139250122,1,-0.327914685,0.01760107093,0.04205824435,3.696202278,-0.2962621748,0.3402568698,127.7072983
0.1892021894,0.3441966176,-0.01135409158,0.01344330795,1,0.7321274877,0.01759653166,1.137885451,0,-0.8975282907,0.8668356538,130.1841278
0.1892021894,0.3490402102,-0.01156643406,0.01523786318,1,2.176065922,0.01913046837,1.230857134,0,-2.263745785,0.4898552895,127.2006302
0.1940457672,0.237637952,0.008085717447,0.0106071718,1,-1.130431175,0.01333757583,-1.369937301,0,0.009929716587,-1.519247174,52.68217087
0.1940457672,0.2424815297,0.005372099578,0.01096876897,1,-0.01817265898,0.01221365482,-0.6173611879,0,0.2039863765,-1.254803896,63.90608215
0.1940457672,0.2473251075,0.008985720575,0.01369467471,1,-0.3460591733,0.01637947746,0.2873012424,0,0.566949904,-0.3389772177,56.7292366
0.1940457672,0.2521686852,0.006442001089,0.01400219742,1,-0.5267629027,0.01541301142,-0.6746992469,0,-0.009764194489,-0.7936729789,65.2942276
0.1940457672,0.257012248,0.006387013942,0.01427093241,1,0.06791013479,0.01563500799,-0.7707139254,0,0.0606607981,-0.9601265192,65.88890839
0.1940457672,0.2618558407,0.007064744364,0.01491963211,1,0.1820922792,0.01650775596,-0.5057760477,0,-0.4070790708,-0.7794371843,64.66151428
0.1940457672,0.2666994035,0.005297272932,0.01559643168,1,0.04341590405,0.01647148468,-0.2137538195,0,-0.9122316837,-0.6853461862,71.24013519
0.1940457672,0.2715429962,0.002856567735,0.01720382646,1,-0.1620686352,0.01743936911,0.03850318491,0,-0.6768773198,-0.3396199942,80.57247162
0.1940457672,0.276386559,0.001233773073,0.01742790081,1,0.1956905425,0.01747151837,-0.01808067784,0,-0.5021747351,-0.04034092277,85.95061493
0.1940457672,0.2812301517,0.001372087863,0.01731164567,1,0.06708022952,0.01736593619,-0.1310795844,0,-0.1178853363,0.3380443156,85.46832275
0.1940457672,0.2860737145,0.0009876945987,0.01515566278,1,0.2576075792,0.01518781297,-0.2087897956,0,-0.5311287642,0.4099552929,86.2713089
0.1940457672,0.2909172773,4.727081978e-05,0.01431471482,1,0.2887386084,0.01431479305,-0.03944547102,0,-0.5877054334,0.1315736324,89.81079102
0.1940457672,0.29576087,-0.0004603745765,0.01432731841,1,0.3808001876,0.01433471311,-0.06773002446,0,-0.3957571387,-0.3655219376,91.84043121
0.1940457672,0.3006044328,-2.517430221e-05,0.01575709321,1,0.2357720435,0.0157571137,-0.1351414025,0,0.1052224785,-0.5302579403,90.09152985
0.1940457672,0.3054480255,0.001191258896,0.01624109596,1,0.2250755429,0.01628472656,-0.05106482655,0,0.1964050829,-0.03956303,85.80495453
0.1940457672,0.3102915883,0.00201629987,0.01570138335,1,0.2263294756,0.01583031565,0.2600001097,0,-0.2335332632,0.3112615347,82.68238068
0.1940457672,0.315135181,0.001156366779,0.01599280722,1,-0.2393885553,0.01603455842,0.6357677579,0,-0.621634841,-0.0222017169,85.86439514
0.1940457672,0.3199787438,-0.002154133748,0.0188883096,1,-0.795167923,0.01901074685,0.2540711164,0,-0.4953858852,-0.5049490929,96.50623322
0.1940457672,0.3248223364,-0.005094530992,0.01966918074,1,-0.8490065932,0.02031823993,-0.1531843394,0,-0.3230618834,-0.5899757743,104.5211182
0.1940457672,0.3296658993,-0.007831138559,0.02100394294,1,-1.399281025,0.02241634205,-0.4461006224,0,0.3874151111,-0.4811502993,110.4475327
0.1940457672,0.3345094621,-0.009995567612,0.01983894594,1,-1.273121119,0.02221474983,-1.004940271,0,0.7713551521,0.3175454438,116.7405853
0.1940457672,0.3393530548,-0.0102614807,0.01459838077,1,0.3806488216,0.01784406602,-1.344156146,0,0.6586947441,1.552193403,125.1041183
0.1940457672,0.3441966176,-0.004961425904,0.005810251925,1,1.991336942,0.007640338503,-0.7572863102,0,-1.160488486,3.396932364,130.4943237
0.1940457672,0.3490402102,-0.006237201858,-0.005522901192,1,4.022851467,0.008330973797,-1.239555955,0,-4.549639702,3.44009161,-138.4758453
