PIVlab, ASCII chart output - 13-Mar-2024
FRAME: 12, filenames: A:[12]2 vortices tapados mismo sentido clase 4.mp4 & B:[13]2 vortices tapados mismo sentido clase 4.mp4, conversion factor xy (px -> m): 0.00030272, conversion factor uv (px/frame -> m/s): 0.0090842
x [m],y [m],u [m/s],v [m/s],Vector type [-],vorticity [1/s],magnitude [m/s],divergence [1/s],dcev [1],simple shear [1/s],simple strain [1/s],vector direction [degrees]
0.1262357086,0.237637952,0.00877125375,0.0001131567114,1,1.15386951,0.008771983907,-1.120814562,0,-1.335956693,1.462288141,0.7391237617
0.1262357086,0.2424815297,0.008330277167,-0.0061425725,1,0.09992992878,0.01035010722,-0.4201669693,0,-0.0609805584,1.402650237,-36.40428925
0.1262357086,0.2473251075,0.008959908038,-0.00871580001,1,-0.17389296,0.01249980461,0.2617356479,0,0.5381983519,0.8943245411,-44.20877457
0.1262357086,0.2521686852,0.01009481866,-0.009206566028,1,0.008766040206,0.01366258506,0.185610503,0,0.2718914747,0.4707250893,-42.36509705
0.1262357086,0.257012248,0.01031929255,-0.01009677257,1,-0.1453731209,0.01443719584,0.2038294077,0,0.1749622971,0.2571753561,-44.3755455
0.1262357086,0.2618558407,0.01023813616,-0.009464951232,1,-0.01904210821,0.01394291036,0.2432593405,0,-0.04658513144,-0.05666843802,-42.75276184
0.1262357086,0.2666994035,0.01000142191,-0.008644049056,1,-0.003514170647,0.01321922895,0.04643602297,0,-0.2764190137,-0.1393544078,-40.83626556
0.1262357086,0.2715429962,0.008882258087,-0.008565060794,1,-0.1289941669,0.01233915612,0.03412539512,0,-0.3268061578,0.05544462055,-43.95845795
0.1262357086,0.276386559,0.007793717552,-0.008747310378,1,-0.1051291972,0.0117156934,0.2789002955,0,-0.1189545542,0.2503869236,-48.29945755
0.1262357086,0.2812301517,0.007796891034,-0.008426954038,1,0.03407904506,0.01148063876,0.3057519495,0,-0.01673568599,0.1453280449,-47.22399521
0.1262357086,0.2860737145,0.007877721451,-0.007970284671,1,0.1394441128,0.01120642386,0.1019420177,0,-0.08142924309,0.1723568588,-45.3346405
0.1262357086,0.2909172773,0.008077889681,-0.008768012747,1,0.04637544975,0.01192184351,0.02163359523,0,0.0206525512,0.412335366,-47.34591293
0.1262357086,0.29576087,0.008202376775,-0.009862679057,1,-0.218010813,0.01282775961,0.08094283938,0,0.03168267757,0.5088671446,-50.25112152
0.1262357086,0.3006044328,0.0071753948,-0.01084069721,1,-0.4237322211,0.01300026942,0.1852378547,0,-0.001466974616,0.6444653273,-56.49965286
0.1262357086,0.3054480255,0.006142891478,-0.01208698284,1,-0.6772735119,0.01355840266,0.3461600542,0,0.2271204144,0.5963975191,-63.05924225
0.1262357086,0.3102915883,0.004995043389,-0.01205274183,1,-0.3658463061,0.01304680202,0.4470730126,0,0.2484125197,0.354510814,-67.48931122
0.1262357086,0.315135181,0.005574091803,-0.01163865067,1,0.2275401354,0.01290459931,0.1072341278,0,0.03373063356,0.1601595581,-64.40887451
0.1262357086,0.3199787438,0.006260528695,-0.01230909023,1,0.08216746151,0.01380970329,-0.3475347161,0,-0.333815217,-0.001750275493,-63.04164886
0.1262357086,0.3248223364,0.004355216399,-0.01331348438,1,-0.5094534159,0.01400773972,-0.3506757021,0,-0.7587058544,-0.02225010097,-71.88562012
0.1262357086,0.3296658993,0.0001181003972,-0.01389984507,1,-1.030050278,0.01390034612,0.06104969233,0,-0.787315011,0.2043613195,-89.51319122
0.1262357086,0.3345094621,-0.004447306506,-0.01400762331,1,-0.9511706829,0.0146966679,0.4785753787,0,-0.310226351,0.4211502373,-107.6142197
0.1262357086,0.3393530548,-0.005991573911,-0.01362170186,1,-0.5342736244,0.01488118619,0.1492982507,0,0.7638845444,0.004613034427,-113.7425308
0.1262357086,0.3441966176,-0.00333516812,-0.01330682915,1,0.1971094608,0.01371842064,-0.5974115133,0,1.614456654,-1.41790235,-104.0705338
0.1262357086,0.3490402102,0.002782886848,-0.00964759104,1,1.20099473,0.01004093979,-2.30860424,0,1.325252056,-3.819564342,-73.90958405
0.1310792714,0.237637952,0.009598228149,-0.005916658323,1,0.7015264034,0.01127531938,0.1249799132,0,-0.2426058203,0.3791739345,-31.65102386
0.1310792714,0.2424815297,0.01070963684,-0.006532262545,1,0.2266325206,0.01254459098,0.2643167973,0,0.2196089178,0.4861800671,-31.3807888
0.1310792714,0.2473251075,0.0117596332,-0.006991270464,1,-0.01092123985,0.013680893,0.1352721602,0,0.2121532857,0.5558437705,-30.73208809
0.1310792714,0.2521686852,0.01168431994,-0.008569333702,1,-0.07041367888,0.01448988635,-0.05293929577,1.366482139,0.003544013947,0.428052932,-36.25649261
0.1310792714,0.257012248,0.01143574528,-0.009320990182,1,-0.1534221172,0.01475320756,-0.001314759254,4.262068272,-0.05186031014,0.197364971,-39.18261719
0.1310792714,0.2618558407,0.01069001853,-0.009531654418,1,-0.1317620277,0.01432232279,-0.01094410941,0,-0.2108259201,-0.01425267011,-41.72149277
0.1310792714,0.2666994035,0.009776393883,-0.009304964915,1,-0.08121082187,0.01349667553,-0.07331122458,0,-0.2472326458,-0.173967436,-43.58472443
0.1310792714,0.2715429962,0.009099177085,-0.009044118226,1,-0.04485645145,0.01282930654,-0.0235478729,0,-0.09984204918,-0.1317679882,-44.8261261
0.1310792714,0.276386559,0.009075535461,-0.008780792356,1,-0.09513558447,0.01262805052,0.08087118715,0,0.05180627108,-0.02114059776,-44.05434036
0.1310792714,0.2812301517,0.008889308199,-0.008550016209,1,-0.08642360568,0.01233379822,0.02908675559,2.297920465,-0.02372680977,-0.02781347744,-43.88541794
0.1310792714,0.2860737145,0.008542013355,-0.008505191654,1,0.08346530795,0.01205422264,0.006228296086,2.24250102,-0.03400596231,0.06409721822,-44.87623978
0.1310792714,0.2909172773,0.009128867649,-0.008830307983,1,0.08088430762,0.0127008101,0.01241901517,0,0.1438987553,0.1678380817,-44.04758072
0.1310792714,0.29576087,0.009630767629,-0.009257975966,1,-0.2035795301,0.01335895993,0.03422986716,0,0.2151178569,0.2381607592,-43.86934662
0.1310792714,0.3006044328,0.009184754454,-0.009818063118,1,-0.344022125,0.01344448142,0.2279028296,7.069048882,0.0951961875,0.3597810864,-46.9087944
0.1310792714,0.3054480255,0.008425559849,-0.009896738455,1,-0.496391058,0.01299751829,0.3066829145,11.4825182,0.03217835724,0.4609238803,-49.59068298
0.1310792714,0.3102915883,0.006936304271,-0.01056514122,1,-0.3144450784,0.01263861265,0.2647105455,2.807263851,-0.1405695826,0.7212483883,-56.71400833
0.1310792714,0.315135181,0.006221660879,-0.0121080149,1,0.04295448959,0.01361297537,0.1376126111,0,-0.3571163416,0.7056572437,-62.80379486
0.1310792714,0.3199787438,0.005414636806,-0.01331650931,1,0.0722002387,0.01437524706,0.03222773969,0,-0.6440067291,0.4057335258,-67.87281036
0.1310792714,0.3248223364,0.003452071687,-0.01391711924,1,-0.148463726,0.01433886308,0.1041197181,0,-0.8123486042,0.1031873524,-76.06922913
0.1310792714,0.3296658993,0.0007608678425,-0.01331199333,1,-0.3010891676,0.01333372016,0.2436363995,0,-0.8799504042,-0.0581503287,-86.72872925
0.1310792714,0.3345094621,-0.00226836768,-0.01245539635,1,-0.5080338717,0.01266026776,0.4084965587,0,-0.8091127872,-0.1766384244,-100.3215408
0.1310792714,0.3393530548,-0.005618834402,-0.01047784649,1,-0.7187463045,0.01188934688,0.1864172816,13.92716599,-0.5091580153,-0.3464681506,-118.2028198
0.1310792714,0.3441966176,-0.008215817623,-0.009874324314,1,-1.002103329,0.01284530852,-0.4450885653,24.67844772,-0.3273610175,-0.6786307693,-129.7617645
0.1310792714,0.3490402102,-0.01205819845,-0.009346666746,1,-0.8925997019,0.01525648497,-1.326573133,0,-0.6939833164,-1.544451714,-142.2196808
0.1359228492,0.237637952,0.01121315826,-0.004459814169,1,-0.1408579499,0.01206751261,-0.03245413303,0,0.4514561296,0.6764340997,-21.68921852
0.1359228492,0.2424815297,0.01196536142,-0.006176591851,1,0.09391261637,0.01346551813,-0.04208186269,0,0.1319985539,0.6135303974,-27.30305672
0.1359228492,0.2473251075,0.0123073766,-0.007635322865,1,0.1040352955,0.01448342763,-0.1411864012,0,-0.1151125357,0.4104213119,-31.81488037
0.1359228492,0.2521686852,0.01191170793,-0.00884834677,1,-0.01404237002,0.01483853161,-0.1815539151,0,-0.2003658116,0.2250733823,-36.60599136
0.1359228492,0.257012248,0.01126887556,-0.009604850784,1,-0.05345708132,0.0148067791,-0.1378940046,0,-0.3172635436,0.06847326458,-40.44209671
0.1359228492,0.2618558407,0.01011609379,-0.009847902693,1,-0.1330705583,0.01411795057,-0.07385345548,0,-0.3758848608,-0.1061980054,-44.23035049
0.1359228492,0.2666994035,0.008803710341,-0.009448187426,1,-0.1817392111,0.0129140839,-0.07857622951,0,-0.22831285,-0.2884449065,-47.02227783
0.1359228492,0.2715429962,0.008129974827,-0.008831387386,1,-0.08561368287,0.01200374495,-0.1108759344,0,-0.06317788363,-0.4025199115,-47.36803436
0.1359228492,0.276386559,0.008083026856,-0.008035587147,1,-0.1091425791,0.01139763091,-0.2019521296,0,0.04164772481,-0.3481477201,-44.83137131
0.1359228492,0.2812301517,0.007803058252,-0.008123277687,1,-0.1124607995,0.01126389578,-0.2776423395,0,0.1403990686,-0.173653543,-46.15185165
0.1359228492,0.2860737145,0.008218348026,-0.008539265022,1,-0.06067729741,0.01185159478,-0.1398859918,0,0.2976762652,-0.06978879124,-46.09710693
0.1359228492,0.2909172773,0.008950977586,-0.00846279785,1,-0.125502035,0.01231823675,0.01523317769,0,0.3945948482,-0.1302329004,-43.39418411
0.1359228492,0.29576087,0.00952172,-0.00783468876,1,-0.2294615507,0.01233067364,0.007874341682,0,0.4505595565,0.0595953241,-39.44832993
0.1359228492,0.3006044328,0.01002188306,-0.008713312447,1,-0.306910634,0.01328005828,0.03309386969,0,0.3769268394,0.3824495077,-41.00463104
0.1359228492,0.3054480255,0.009860849008,-0.009526819922,1,-0.1839827299,0.01371118613,0.04586702585,3.529228687,0.132104069,0.5614469051,-44.0129509
0.1359228492,0.3102915883,0.009770604782,-0.01121056359,1,-0.01166802458,0.01487082615,0.1874628067,0,-0.03010285832,1.023539424,-48.92610931
0.1359228492,0.315135181,0.009658528492,-0.01357642189,1,-0.009232118726,0.01666152477,0.2348743677,0,-0.2774938941,1.177880883,-54.5712204
0.1359228492,0.3199787438,0.00838182494,-0.01577808894,1,0.02861720324,0.01786625572,0.3589421213,0,-0.9162267447,0.9685400724,-62.02132797
0.1359228492,0.3248223364,0.005359322764,-0.01652905717,1,-0.200761199,0.01737619191,0.3395444751,0,-1.319872975,0.5306245089,-72.03541565
0.1359228492,0.3296658993,0.001016515191,-0.01670360006,1,-0.1718101501,0.01673450135,0.08771143854,0,-1.621003985,-0.1317834556,-86.51750183
0.1359228492,0.3345094621,-0.003324285382,-0.01546591986,1,-0.09090840816,0.01581915095,0.06177565455,0,-1.516024947,-0.7840977907,-102.1307373
0.1359228492,0.3393530548,-0.006766791455,-0.01260654628,1,0.04790234566,0.01430784632,0.1027477682,0,-1.173866749,-1.017757058,-118.2254791
0.1359228492,0.3441966176,-0.008777981624,-0.01003866736,1,-0.1117698848,0.01333520934,-0.1247682869,0,-0.7876338959,-0.9342871904,-131.1670074
0.1359228492,0.3490402102,-0.01112312358,-0.008685578592,1,-0.5577194095,0.01411251817,0.5877625942,0,-0.410628736,0.02904975414,-142.0152283
0.1407664269,0.237637952,0.01271739509,-0.003047739156,1,-0.1992399991,0.01307749469,-0.4920269251,0,0.5130976439,0.8706233501,-13.47683716
0.1407664269,0.2424815297,0.01347749215,-0.00634779036,1,-0.09595862031,0.01489755791,-0.2204492688,0,0.1674550176,0.8128759265,-25.22005653
0.1407664269,0.2473251075,0.01306369342,-0.008052730002,1,-0.2453947961,0.01534622256,-0.2211391777,2.024996996,-0.08130218834,0.4238417745,-31.65053558
0.1407664269,0.2521686852,0.0118951099,-0.009471805766,1,-0.2710793912,0.01520555001,-0.1931410134,3.97185421,-0.1344464421,0.3325099051,-38.52951431
0.1407664269,0.257012248,0.01109950058,-0.0105987573,1,-0.0254175663,0.01534707006,-0.135665372,0,-0.4034357965,0.1195052117,-43.67798615
0.1407664269,0.2618558407,0.009817925282,-0.0107077444,1,-0.04187953472,0.01452747174,-0.006696529686,0,-0.5983088613,-0.22723791,-47.48230362
0.1407664269,0.2666994035,0.007998698391,-0.009530548006,1,-0.1613875777,0.01244228799,-0.08011041582,0,-0.5004003048,-0.4460167289,-49.99428558
0.1407664269,0.2715429962,0.006612504367,-0.008935448714,1,-0.1340294629,0.01111609023,-0.2574191689,0,-0.193747744,-0.563003242,-53.49742889
0.1407664269,0.276386559,0.006411083974,-0.008050427772,1,-0.09242144227,0.01029132586,-0.2555257082,0,0.1111920923,-0.5879616141,-51.46738815
0.1407664269,0.2812301517,0.006703421474,-0.007325269748,1,-0.1810781956,0.009929523803,-0.1422889531,0,0.4113528728,-0.4067524374,-47.53808212
0.1407664269,0.2860737145,0.007526437286,-0.006769478321,1,-0.2634089589,0.0101228999,-0.108328186,0,0.6491655111,-0.3176971078,-41.96905518
0.1407664269,0.2909172773,0.008571857587,-0.006311178207,1,-0.2461056709,0.01064461004,-0.06880293041,0,0.7480331659,-0.2350513935,-36.36299896
0.1407664269,0.29576087,0.009957562201,-0.005964240991,1,-0.1412063539,0.01160711888,-0.019421326,0,0.6832877398,0.02076901682,-30.92017365
0.1407664269,0.3006044328,0.01119747106,-0.006505843252,1,-0.2199198306,0.01295026485,-0.01879295707,0,0.5109381676,0.4770195782,-30.15701675
0.1407664269,0.3054480255,0.01136713196,-0.008365747519,1,-0.153028816,0.01411373168,0.05689927936,0,0.4842749536,0.913412571,-36.3515625
0.1407664269,0.3102915883,0.01280188747,-0.01065443177,1,-0.1194881946,0.01665548794,0.161260426,0,0.4699148536,1.202146769,-39.76908112
0.1407664269,0.315135181,0.01306445058,-0.01340736169,1,-0.2299056053,0.01871996745,0.04766631126,6.570556641,0.03222379833,1.54211998,-45.74215317
0.1407664269,0.3199787438,0.01184440032,-0.01789293438,1,-0.3846478164,0.02145802788,0.1463264227,0,-0.729744792,1.37068224,-56.49705124
0.1407664269,0.3248223364,0.007666802965,-0.01933762431,1,-0.3843499422,0.02080200985,0.374913156,0,-1.948016524,0.8783307672,-68.37311554
0.1407664269,0.3296658993,0.000547401607,-0.02033127658,1,-0.3416293859,0.0203386452,-0.06940156966,0,-2.431906223,-0.06518254429,-88.45773315
0.1407664269,0.3345094621,-0.00576699106,-0.01935805939,1,-0.2642229795,0.02019882761,-0.236913532,0,-1.923860908,-1.049473286,-106.5894089
0.1407664269,0.3393530548,-0.01005075313,-0.01639558002,1,-0.02531141043,0.01923103444,-0.1140068769,0,-1.539326191,-1.396144867,-121.5089569
0.1407664269,0.3441966176,-0.01334543526,-0.0131479241,1,0.6438047886,0.01873415522,-0.01866489649,13.82220459,-0.4414474964,-1.621066809,-135.4271393
0.1407664269,0.3490402102,-0.009070619941,-0.00863422174,1,0.7416534424,0.01252301596,1.744081497,0,1.023488879,-0.1197012663,-136.411972
0.1456100047,0.237637952,0.01304691937,-0.001009551343,1,0.2296574414,0.01308591943,-1.178885221,0,0.5086011887,0.4278510213,-4.424646378
0.1456100047,0.2424815297,0.01483482588,-0.004900727421,1,-0.2744426727,0.01562335435,-0.3120177984,0,0.3244600296,0.8918395042,-18.2811203
0.1456100047,0.2473251075,0.01328918245,-0.006840527523,1,-0.503660202,0.01494641043,-0.03211593628,14.79119396,0.03952521086,0.6462724805,-27.23687553
0.1456100047,0.2521686852,0.01258675195,-0.008186554536,1,-0.3341170251,0.01501485892,-0.04558217525,9.321783066,-0.09915427119,0.903156817,-33.04039764
0.1456100047,0.257012248,0.01119060256,-0.01143581141,1,-0.2206123173,0.01600022987,-0.228746742,0,-0.5234116316,0.6706827879,-45.62090302
0.1456100047,0.2618558407,0.008983014151,-0.01254301146,1,0.006998419762,0.01542795077,0.07459594309,0,-1.025920868,0.003245875239,-54.39063644
0.1456100047,0.2666994035,0.006255372427,-0.01109022181,1,-0.003195166588,0.01273274142,0.006415069103,0,-0.9933448434,-0.7001646757,-60.5750885
0.1456100047,0.2715429962,0.004156195093,-0.009120637551,1,-0.06360699236,0.01002297271,-0.1811316609,0,-0.4025447369,-1.01540184,-65.50166321
0.1456100047,0.276386559,0.003997530323,-0.00704936916,1,-0.06198988855,0.008103940636,-0.1672887504,0,0.2658760548,-0.9656336308,-60.44345093
0.1456100047,0.2812301517,0.005143733695,-0.005253791809,1,-0.2040177882,0.0073525724,-0.06214559078,0,0.649418056,-0.6671177149,-45.60645294
0.1456100047,0.2860737145,0.006154861301,-0.00411913963,1,-0.3151221275,0.007406053599,-0.1000941396,0,0.7973089218,-0.4317059517,-33.7924118
0.1456100047,0.2909172773,0.00747923553,-0.003647609148,1,-0.2073597014,0.008321299218,-0.1701323241,0,0.9038255215,-0.2275180668,-25.99840546
0.1456100047,0.29576087,0.00952824764,-0.003841187339,1,0.03859850764,0.01027337462,-0.2522639632,0,0.9445804358,0.06273789704,-21.95617867
0.1456100047,0.3006044328,0.01224133931,-0.005173345096,1,0.1986363828,0.01328961551,-0.1600857675,0,0.8403439522,0.3764602244,-22.90953445
0.1456100047,0.3054480255,0.01456062961,-0.006439989433,1,0.003020912409,0.01592122391,0.1823851764,0,0.8502811193,0.839419961,-23.85922241
0.1456100047,0.3102915883,0.01637437381,-0.008355744183,1,-0.2771313787,0.01838310622,0.1662951708,0,0.8548349738,1.377546191,-27.03494644
0.1456100047,0.315135181,0.01735878177,-0.01230677776,1,-0.5295733213,0.02127872407,0.02183073759,10.3441782,0.3964487314,1.899337292,-35.33532715
0.1456100047,0.3199787438,0.01572957449,-0.01744959317,1,-0.6868305206,0.02349271812,0.3819491863,5.688516617,-0.5373213291,2.817343235,-47.96757507
0.1456100047,0.3248223364,0.01142950729,-0.02410279773,1,-0.7132700682,0.0266754292,0.002520501614,0,-2.458956718,1.938780546,-64.629776
0.1456100047,0.3296658993,0.0003646466066,-0.02682801895,1,-1.036941051,0.02683049627,-0.1348079592,0,-3.295511723,-0.2583312392,-89.22128296
0.1456100047,0.3345094621,-0.00955499988,-0.02350450493,1,-0.649564743,0.02537242137,-0.1809102297,0,-2.332936287,-1.603045702,-112.1226196
0.1456100047,0.3393530548,-0.01408132911,-0.01993979514,1,-0.4661717117,0.02441063896,0.05593490601,0,-1.013137579,-1.638955593,-125.2294388
0.1456100047,0.3441966176,-0.01672014967,-0.01529517118,1,1.193060994,0.02266066335,0.8999963999,0,1.042067289,-1.705372691,-137.5485077
0.1456100047,0.3490402102,-0.003255311633,-0.00732048694,1,2.409014702,0.008011653088,2.469011068,0,3.150840759,-0.8238686919,-113.973999
0.1504535824,0.237637952,0.009079702199,-0.001696653548,1,2.167234421,0.009236861952,-1.171224713,0,0.8083354235,-0.4484924376,-10.58435154
0.1504535824,0.2424815297,0.01628590375,-0.003446958493,1,0.2760007381,0.01664668694,-0.0408450067,0,1.160686493,0.7282384634,-11.95045185
0.1504535824,0.2473251075,0.0160384085,-0.00542176934,1,-0.4199180007,0.01693003625,0.2180566788,0,0.3709739447,1.226977587,-18.67777824
0.1504535824,0.2521686852,0.01604883932,-0.008333745413,1,-0.4232084155,0.01808359846,0.1126305461,11.14454079,-0.1545381397,1.484267473,-27.44168282
0.1504535824,0.257012248,0.01324005239,-0.01206538919,1,-0.3848111033,0.01791291684,-0.04661679268,0,-0.8237751126,1.476435781,-42.34227371
0.1504535824,0.2618558407,0.01019495819,-0.01571076922,1,-0.2384224534,0.01872873306,0.1717749536,0,-1.537451506,0.6385840178,-57.01984787
0.1504535824,0.2666994035,0.004638468381,-0.01432641502,1,-0.3166743517,0.01505860407,0.06633898616,0,-1.619488955,-0.9935489297,-72.0595932
0.1504535824,0.2715429962,0.0008170010988,-0.01057711989,1,-0.1526286751,0.01060862653,0.09597402811,0,-0.6143213511,-1.527625799,-85.58310699
0.1504535824,0.276386559,0.000923686428,-0.00646238355,1,0.04204280674,0.00652806228,0.1258715987,0,0.4439980388,-1.398937941,-81.86564636
0.1504535824,0.2812301517,0.003171177814,-0.003191586817,1,0.009458810091,0.004499176983,0.07208186388,0,0.8219380975,-0.9769467711,-45.18377686
0.1504535824,0.2860737145,0.004950622097,-0.001381331938,1,-0.1205699742,0.005139721557,-0.05176237226,0,0.8379404545,-0.5188814402,-15.59026527
0.1504535824,0.2909172773,0.006645807065,-0.0009290660964,1,-0.06350237131,0.006710433401,-0.2032040358,0,0.9077039361,-0.1630033851,-7.958221436
0.1504535824,0.29576087,0.009039578028,-0.001576046925,1,0.06720119715,0.009175941348,-0.4156171679,0,1.088905096,0.09405083954,-9.890084267
0.1504535824,0.3006044328,0.01224549767,-0.003397682682,1,0.1391641498,0.01270812657,-0.4654253125,0,1.363185406,0.08910898864,-15.50741005
0.1504535824,0.3054480255,0.01631632447,-0.004261977039,1,0.130451262,0.01686377451,-0.0333455205,0,1.528261662,0.3329089284,-14.63910198
0.1504535824,0.3102915883,0.02027960308,-0.005171664525,1,-0.308496058,0.02092865109,0.1571756303,0,1.558285594,1.119300127,-14.30652237
0.1504535824,0.315135181,0.02236977778,-0.00892210193,1,-0.3594189882,0.02408341505,0.7046122551,0,1.817188144,3.181523323,-21.74439812
0.1504535824,0.3199787438,0.02734042145,-0.0171687752,1,-1.58596468,0.03228413686,0.8980205059,35.75383377,0.4917048812,4.794085503,-32.12730408
0.1504535824,0.3248223364,0.01706964523,-0.02779299393,1,-5.06597805,0.0326163061,-1.845304728,136.9407501,-0.8588194847,1.066192627,-58.44297028
0.1504535824,0.3296658993,-0.00135679869,-0.03127083927,1,-3.585303783,0.03130026162,-0.4302658737,60.35682678,-2.913500309,-0.4883623123,-92.48442078
0.1504535824,0.3345094621,-0.01440772042,-0.0275116004,1,-1.050030231,0.03105592541,-0.223336935,0,-2.327935219,-2.747501612,-117.6408844
0.1504535824,0.3393530548,-0.01771823689,-0.01904485188,1,-0.2992326915,0.02601234801,-0.1261398792,0,-0.2868252695,-2.94065547,-132.9333496
0.1504535824,0.3441966176,-0.01724633761,-0.01387927495,1,0.8985649347,0.02213753387,0.9769534469,0,2.531955481,-1.914240122,-141.174057
0.1504535824,0.3490402102,-0.001102244947,-0.005041130818,1,2.213928223,0.005160226952,1.265651941,0,4.452236176,-2.383764744,-102.3336411
0.1552971601,0.237637952,0.005201693624,-0.007591483649,1,3.691260576,0.009202620946,0.228703618,0,1.661219358,-2.651729107,-55.58100891
0.1552971601,0.2424815297,0.01816426963,-0.000615683326,1,1.303848267,0.0181747023,0.4969881177,0,1.810920477,-0.4489454627,-1.94131434
0.1552971601,0.2473251075,0.0202883184,-0.003009780776,1,-0.3172535896,0.02051035315,0.3092064857,0,0.7626230717,1.603610396,-8.438309669
0.1552971601,0.2521686852,0.02032145113,-0.006885229144,1,-0.8106957078,0.021456182,-0.1259094477,21.08426857,0.3622091413,2.052687168,-18.7171936
0.1552971601,0.257012248,0.01811604202,-0.01356196776,1,-1.378955841,0.02263002284,-0.4920415282,37.76121521,-0.151606977,1.975087404,-36.81913376
0.1552971601,0.2618558407,0.01290805079,-0.01883495972,1,-2.083004475,0.02283360437,-0.4074679017,46.68404388,-1.292946935,0.385032475,-55.57622147
0.1552971601,0.2666994035,0.001764359185,-0.01740050502,1,-1.579503536,0.01748972759,0.05063194036,0,-1.659047246,-1.493284225,-84.21016693
0.1552971601,0.2715429962,-0.00277812127,-0.01135688182,1,-0.5999104977,0.01169173699,0.3363915682,13.25872707,-0.2120976001,-2.202648163,-103.7457581
0.1552971601,0.276386559,-0.002168665174,-0.005102467723,1,-0.1935122311,0.005544212181,0.369011879,0,0.924185276,-1.703505039,-113.0266037
0.1552971601,0.2812301517,0.0007609502645,-0.001318485127,1,0.05270987749,0.00152231683,0.1648201942,0,1.095112801,-0.9967071414,-60.00904465
0.1552971601,0.2860737145,0.003390903352,0.0005234802375,1,0.028224051,0.003431072459,-0.05848927796,0,0.9926218987,-0.5488286018,8.775918007
0.1552971601,0.2909172773,0.005705481395,0.001056504087,1,0.01093104482,0.005802475382,-0.1730760038,0,0.9346122742,-0.2936551571,10.49083042
0.1552971601,0.29576087,0.007970715873,0.001107514719,1,-0.1414409876,0.008047291078,-0.2682402134,0,1.114511013,-0.2060532123,7.91048336
0.1552971601,0.3006044328,0.01041862182,0.0007552964962,1,-0.06030756235,0.01044596359,-0.4055426419,0,1.720417619,-0.2451032847,4.146395683
0.1552971601,0.3054480255,0.01601158828,0.0003304142447,1,0.04615366459,0.01601499692,-0.2634198964,0,2.459940672,-0.2491456121,1.182184696
0.1552971601,0.3102915883,0.02255708352,0.0006861579022,1,0.4273945093,0.02256751619,0.3307989538,0,3.736881256,0.763253212,1.742327809
0.1552971601,0.315135181,0.03618158028,-0.001764211687,1,0.2356665134,0.0362245664,0.5344284773,0,4.046839237,2.201046944,-2.791527987
0.1552971601,0.3199787438,0.04329973087,-0.00738623878,1,-5.499680042,0.04392519966,1.354066968,156.9248962,-0.3897194862,1.758909345,-9.680560112
0.1552971601,0.3248223364,0.007655816618,-0.003725097282,1,-8.398254395,0.008513981476,-3.183567524,225.7325287,-1.384706497,0.1585589647,-25.94620514
0.1552971601,0.3296658993,-0.00408480037,-0.02357408777,1,-7.180962563,0.02392536774,-3.784146309,179.1060791,0.6567769051,1.577411056,-99.83031464
0.1552971601,0.3345094621,-0.0239444878,-0.02969413623,1,-4.203977108,0.03814551234,-2.085632563,104.2173462,-0.9266910553,-2.848372221,-128.8816986
0.1552971601,0.3393530548,-0.02893559076,-0.01987969875,1,-0.65008533,0.0351065658,0.2529168129,0,1.204327822,-4.3532691,-145.5096741
0.1552971601,0.3441966176,-0.02125997096,-0.00738371769,1,0.7989246845,0.0225056801,1.238482237,0,3.384885788,-3.592787504,-160.8475647
0.1552971601,0.3490402102,-0.008670978248,0.003520931117,1,1.630117893,0.009358569048,-0.2935640812,0,3.568086624,-4.796275139,157.8999329
0.1601407379,0.237637952,-0.002656410681,-0.01152931619,1,3.076921463,0.01183138415,2.322559118,0,4.840785027,-2.028935671,-102.9748001
0.1601407379,0.2424815297,0.01651860215,-0.0009909151122,1,2.556339502,0.01654829644,0.8942234516,0,3.2161901,-1.446610928,-3.432935715
0.1601407379,0.2473251075,0.02530328557,-0.0001913026499,1,0.3365758657,0.02530401014,0.364243567,0,1.493215322,0.7073318362,-0.4331700802
0.1601407379,0.2521686852,0.02538133785,-0.002652689815,1,-1.48216176,0.02551958151,0.01955777407,41.44340134,0.4746436477,1.2437222,-5.966515541
0.1601407379,0.257012248,0.02042330056,-0.006120629143,1,-3.397698879,0.02132072486,-0.4394365549,99.20085907,0.2398993969,1.466463447,-16.68287277
0.1601407379,0.2618558407,0.01008629054,-0.01188406441,1,-4.583574772,0.01558731031,-1.02677238,131.8166962,-0.1179976463,0.7469290495,-49.67793274
0.1601407379,0.2666994035,-0.002349129878,-0.01471169014,1,-4.30681181,0.01489806082,-0.9404255152,123.085144,0.5268273354,-1.598068833,-99.07226562
0.1601407379,0.2715429962,-0.008222358301,-0.008698717691,1,-2.312993288,0.01196974795,0.1331192255,47.55931091,1.654202342,-2.687721729,-133.3874512
0.1601407379,0.276386559,-0.005540034734,-0.001048728707,1,-0.4780851603,0.005638423376,0.3670125604,0,1.998495579,-1.81238699,-169.2807465
0.1601407379,0.2812301517,-0.0008581316797,0.001857373049,1,-0.07944869995,0.002046026522,0.2657276392,0,1.638020754,-0.6300013065,114.7975845
0.1601407379,0.2860737145,0.002009030664,0.003289803863,1,-0.1951230764,0.003854739014,-0.03188638389,0,1.277650595,-0.3802833557,58.58825684
0.1601407379,0.2909172773,0.00438515842,0.00354485563,1,-0.1933534741,0.005638760049,-0.1341777146,0,1.170579433,-0.3855312765,38.95123291
0.1601407379,0.29576087,0.006742300931,0.004507254343,1,-0.2897877991,0.008110115305,-0.09401032329,0,1.261979342,-0.4413863719,33.76288223
0.1601407379,0.3006044328,0.009094043635,0.005227398593,1,-0.2163003683,0.01048939116,0.08313432336,0,1.680377722,-0.5201662779,29.89096451
0.1601407379,0.3054480255,0.01383367367,0.007429387886,1,0.4190303087,0.01570243016,0.1986400485,0,2.984380722,-0.9638668895,28.23806572
0.1601407379,0.3102915883,0.02557872981,0.01085809153,1,0.3612974882,0.02778793871,0.003331691027,0,4.13653326,-0.4319293201,23.00107193
0.1601407379,0.315135181,0.03561926633,0.009537608363,1,-0.5268810987,0.03687408566,-1.680809617,0,4.003574371,-1.004372716,14.99017715
0.1601407379,0.3199787438,0.04241836444,0.007581716869,1,-5.920775414,0.04309060425,-4.084363937,123.4900284,-0.933968544,-3.390675068,10.13384533
0.1601407379,0.3248223364,0.002417781623,0.006177671254,1,-7.689328194,0.006633949932,-1.136125565,198.4475403,-3.555181265,-0.9524068832,68.6259079
0.1601407379,0.3296658993,-0.01204529405,0.006691861432,1,-9.775898933,0.01377933752,-4.367067337,255,1.368092537,-0.6888896227,150.945282
0.1601407379,0.3345094621,-0.03830595687,-0.01163781155,1,-7.585193634,0.04003479704,-4.695594788,162.0406189,2.313611746,-1.236432791,-163.1005859
0.1601407379,0.3393530548,-0.03757861257,-0.01006285753,1,-1.600260258,0.03890261054,0.3579732776,0,3.593902111,-1.765217781,-165.0089722
0.1601407379,0.3441966176,-0.02864959836,-0.00135397038,1,0.3103994727,0.02868157439,0.6672472954,0,2.130634069,-2.307502031,-177.2942352
0.1601407379,0.3490402102,-0.0257552769,0.004345571622,1,1.252862215,0.02611930855,-0.3641431332,0,-0.05774873495,-2.717578888,170.4229431
0.1649843156,0.237637952,0.006623880938,0.0009519252926,1,0.3865083456,0.006691932678,0.93221277,0,3.2739501,0.2598054409,8.17804718
0.1649843156,0.2424815297,0.01548873819,0.002580353757,1,1.47765696,0.01570220478,-0.2386162281,0,2.415063858,-0.5773259401,9.458353996
0.1649843156,0.2473251075,0.02547857724,0.00259249215,1,0.4592508078,0.02561013401,-0.5392884016,0,1.801785946,-0.5418394804,5.80995512
0.1649843156,0.2521686852,0.02644024603,0.00259271008,1,-1.428533792,0.02656706236,-0.324357152,30.39628983,0.9354985356,-0.6267229915,5.600474834
0.1649843156,0.257012248,0.02309052646,0.004057022277,1,-3.795957565,0.02344422787,0.4279255867,109.2770157,0.7222710848,0.3862828016,9.965196609
0.1649843156,0.2618558407,0.01155260764,0.002794410102,1,-7.08817482,0.0118857678,0.7028159499,208.1576233,0.146702528,0.2992756963,13.59784603
0.1649843156,0.2666994035,-0.01053103525,0.006011601072,1,-7.005594254,0.01212609001,0.4704636633,201.572113,1.492284775,-0.5750709176,150.2802887
0.1649843156,0.2715429962,-0.01515153702,0.007858538069,1,-2.978998423,0.01706826687,-0.03822504729,0,3.26011014,-0.2202067971,152.585907
0.1649843156,0.276386559,-0.009169448167,0.006893043872,1,-0.08062434196,0.01147139166,-0.2888878286,0,3.001626253,-0.1116787493,143.0663452
0.1649843156,0.2812301517,-0.00100343721,0.007000212092,1,0.03907382488,0.007071764674,0.1382317841,0,2.141953468,-0.01948847994,98.15742493
0.1649843156,0.2860737145,0.001394527266,0.007656974252,1,-0.4184142053,0.007782927714,0.03547845781,0,1.283824205,-0.1013231426,79.6781311
0.1649843156,0.2909172773,0.003188230563,0.007662819233,1,-0.4379945099,0.008299615234,-0.09260838479,0,1.260310888,-0.2921809554,67.40951538
0.1649843156,0.29576087,0.005377480295,0.008623619564,1,-0.3621984124,0.01016287878,0.01891702414,0,1.417945385,-0.4516411722,58.0533371
0.1649843156,0.3006044328,0.0083018234,0.009942004457,1,-0.2852447033,0.01295236405,0.2738972306,0,1.715524793,-0.5792466998,50.13726807
0.1649843156,0.3054480255,0.0123051526,0.01275588851,1,0.2988340855,0.01772369817,0.4659510553,0,2.215694427,-1.398332357,46.03038025
0.1649843156,0.3102915883,0.02048113756,0.01897180639,1,0.3948765993,0.02791785076,-0.9026196599,0,1.849443316,-2.435270548,42.80913162
0.1649843156,0.315135181,0.02317569032,0.02017940208,1,-2.933532,0.03072980605,-3.008131504,0,0.1695959568,-2.553084135,41.04655075
0.1649843156,0.3199787438,0.007093798835,0.0167677477,1,-5.46758604,0.01820657402,-4.615586281,86.36577606,0.1748366356,-3.814435244,67.06861877
0.1649843156,0.3248223364,-0.002460152376,0.01629896648,1,-6.985996246,0.01648358628,0.2192946672,205.8138733,-0.3778824806,-2.59576416,98.58338165
0.1649843156,0.3296658993,-0.02857371978,0.03040270321,1,-7.98771286,0.04172267765,-1.047556996,222.9431763,-2.379980087,-1.450675607,133.2237244
0.1649843156,0.3345094621,-0.05267672241,0.0182514973,1,-4.611016273,0.05574902892,-1.571944237,88.55338287,3.12906003,3.615145683,160.8897552
0.1649843156,0.3393530548,-0.03575168923,0.005278629716,1,-0.1719722748,0.03613927588,-0.7743116617,0,5.017987251,2.698073387,171.60112
0.1649843156,0.3441966176,-0.0292046722,0.001432730234,1,-0.583304882,0.02923979424,-0.7512162924,0,3.092638254,0.9222874045,177.1914215
0.1649843156,0.3490402102,-0.02359753847,-0.002827115357,1,1.770256639,0.02376628853,-0.4474059045,0,0.54502213,1.311555266,-173.1682129
0.1698278934,0.237637952,0.003117222339,0.002456231508,1,1.110781431,0.003968645819,0.2144025862,0,2.791003942,-0.2370228171,38.23652649
0.1698278934,0.2424815297,0.0125665227,0.003549488494,1,1.510552526,0.01305819117,0.1913352311,0,1.988830924,-0.6045928001,15.772645
0.1698278934,0.2473251075,0.02006675862,0.006311370991,1,0.2466915846,0.02103587799,-0.4683164358,0,1.447961569,-1.551853418,17.45933914
0.1698278934,0.2521686852,0.0207747072,0.008797683753,1,-0.5762873292,0.02256075479,0.2769187689,0,1.464108467,-1.674614906,22.95170975
0.1698278934,0.257012248,0.02436698228,0.01576376148,1,-2.36387825,0.02902147546,1.061872363,52.11105728,1.159250617,-1.903073192,32.90008926
0.1698278934,0.2618558407,0.01493999921,0.02315862849,1,-5.6474967,0.02755949274,1.426096559,161.3021851,0.0271089077,-0.7798520327,57.17329407
0.1698278934,0.2666994035,-0.002855803352,0.02644844539,1,-4.823666573,0.02660217881,1.234799862,137.4950867,-0.2168409824,1.572925568,96.16270447
0.1698278934,0.2715429962,-0.009474093094,0.0215208903,1,-2.377519369,0.02351397835,0.07747888565,56.18118668,1.422769308,2.672266245,113.7604294
0.1698278934,0.276386559,-0.007480210159,0.01388039161,1,-0.08447629213,0.01576765068,-0.1596956253,0,1.982061863,1.797133923,118.3204346
0.1698278934,0.2812301517,-0.0002829892619,0.01204283442,1,0.1101626158,0.01204615831,-0.03942680359,0,1.783131361,0.4448564351,91.34611511
0.1698278934,0.2860737145,0.001690106816,0.01153472811,1,-0.4335853457,0.01165789086,0.03510654718,0,1.012578726,0.09128513187,81.66414642
0.1698278934,0.2909172773,0.002521401271,0.01177072991,1,-0.3980834484,0.01203775499,0.07272359729,0,1.008430004,-0.2565353215,77.90942383
0.1698278934,0.29576087,0.004646367859,0.0131295193,1,-0.1562942266,0.01392741967,0.1869927943,0,1.207925558,-0.4628472626,70.51178741
0.1698278934,0.3006044328,0.007615059614,0.01491828077,1,-0.1998680532,0.01674945466,0.1414530426,0,1.164288282,-0.5985642076,62.95788956
0.1698278934,0.3054480255,0.009317612275,0.0167138502,1,-0.3827970326,0.01913558692,-0.3010154068,0,0.7536674738,-0.9173197746,60.86127472
0.1698278934,0.3102915883,0.009411399253,0.01790339872,1,-0.2045911103,0.02022637241,-0.7544045448,0,0.07358755171,-2.37593317,62.27014542
0.1698278934,0.315135181,0.008683086373,0.02456784993,1,-1.204289317,0.02605715394,-0.3088856936,32.14502716,-0.4111489952,-3.820304871,70.53491211
0.1698278934,0.3199787438,0.001586898579,0.03491123021,1,-3.431215763,0.03494727984,0.5029137135,99.94295502,-0.2387818098,-2.30838275,87.3973999
0.1698278934,0.3248223364,-0.009092832915,0.03818458319,1,-4.605574131,0.03925228491,-0.9904818535,131.1182251,-0.7071467638,-0.7720733285,103.3942947
0.1698278934,0.3296658993,-0.02414567769,0.03385335207,1,-2.068142414,0.04158200696,-0.3078550696,20.79164696,-1.919979572,2.238356113,125.4981155
0.1698278934,0.3345094621,-0.02840955183,0.02585184947,1,-1.338806629,0.0384112075,0.7212255001,30.00038528,0.4892187119,4.598160744,137.6987457
0.1698278934,0.3393530548,-0.02826072276,0.01507511549,1,-1.438384771,0.03203010559,-0.1614741087,0,1.559895873,1.77946794,151.9232025
0.1698278934,0.3441966176,-0.02782100253,0.01645074598,1,-1.27146244,0.03232081607,-1.557236552,0,2.652883291,1.883208275,149.4038849
0.1698278934,0.3490402102,-0.02156970277,-0.001588946907,1,0.3952142596,0.02162814885,-3.195979595,0,2.186051369,4.25290966,-175.7868652
0.1746714562,0.237637952,0.006514318287,0.009090200998,1,0.4754300714,0.01118338481,-0.4564761221,0,2.403754711,1.275001168,54.37345123
0.1746714562,0.2424815297,0.01348709594,0.004896928556,1,0.7473766208,0.01434857771,-0.09469759464,0,1.147797704,0.04554443061,19.95507431
0.1746714562,0.2473251075,0.01569374278,0.00841092784,1,0.4655008614,0.01780553907,-0.0016477108,0,0.8110989332,-1.566313744,28.18870354
0.1746714562,0.2521686852,0.01967040636,0.01247551013,1,0.03402465582,0.02329298668,0.4459671378,0,0.6519091129,-2.178257465,32.38399124
0.1746714562,0.257012248,0.01901611127,0.02112154476,1,-0.4732608199,0.02842062898,0.5207728148,0,-0.5564879775,-3.15507412,48.00271606
0.1746714562,0.2618558407,0.01468273811,0.03027976118,1,-1.412307978,0.03365184367,0.1990196705,0,-1.880244017,-1.288215995,64.1311264
0.1746714562,0.2666994035,0.003068380058,0.02832508646,1,-1.265552044,0.02849079669,0.5341242552,0,-2.144260406,1.362903595,83.81741333
0.1746714562,0.2715429962,-0.001832953305,0.02626550384,1,-0.2331679612,0.02632938325,0.1552922726,0,-0.6560055614,2.513594627,93.99194336
0.1746714562,0.276386559,-0.001238400931,0.01690246724,1,-0.04475608468,0.01694777235,-0.1000919342,0,0.6214461327,2.204433918,94.19042206
0.1746714562,0.2812301517,0.0009602897335,0.01510335412,1,-0.1154012382,0.01513385214,0.1044337749,0,0.7853842974,0.5670868754,86.36196136
0.1746714562,0.2860737145,0.002006714232,0.01466157101,1,-0.3771568537,0.01479826216,0.04376602918,0,0.653324604,0.1734201908,82.20640564
0.1746714562,0.2909172773,0.00229792553,0.0144753661,1,-0.2148737162,0.01465662662,0.07047343254,0,0.6349444985,-0.04715513438,80.97972107
0.1746714562,0.29576087,0.00404135976,0.01523131412,1,0.1431395262,0.01575834863,0.1178741232,0,0.6393085122,-0.3103270233,75.13998413
0.1746714562,0.3006044328,0.00608777348,0.01654939167,1,0.1171098948,0.01763358526,-0.0385312736,0,0.370690912,-0.6639202833,69.80371857
0.1746714562,0.3054480255,0.00640406087,0.01826043427,1,-0.2065002024,0.01935085282,-0.1758398414,2.867609978,0.04780612141,-0.9541472793,70.67388153
0.1746714562,0.3102915883,0.005319126416,0.02031918429,1,-0.6558229327,0.02100386471,-0.1052469015,19.10551643,-0.01070791483,-1.294574142,75.33037567
0.1746714562,0.315135181,0.003175666789,0.0240210332,1,-0.6573637128,0.02423004247,0.3846868277,0,-0.7817054987,-2.074516296,82.46896362
0.1746714562,0.3199787438,-0.001651117229,0.03223052621,1,-0.5904349685,0.03227279335,0.622038424,0,-2.335682869,-1.682093024,92.93260193
0.1746714562,0.3248223364,-0.01099721249,0.03518127277,1,-0.7513889074,0.03686001524,-0.1118412241,0,-2.876525402,0.1173667833,107.3585739
0.1746714562,0.3296658993,-0.01922320202,0.03112033941,1,-0.8207365274,0.03657877818,0.2265066504,0,-2.465003729,1.893792868,121.7038498
0.1746714562,0.3345094621,-0.02691190131,0.0271056667,1,-0.5628727078,0.03819643334,-0.160629034,0,-1.231590033,2.176347256,134.7944794
0.1746714562,0.3393530548,-0.0279148221,0.01980101317,1,-0.4968209267,0.03422451392,0.1047613025,9.955962181,0.3494291306,1.480829239,144.6505127
0.1746714562,0.3441966176,-0.02762580477,0.02044057474,1,1.070155978,0.0343657136,-0.4643602371,11.75267887,0.8781145811,2.416584969,143.5019531
0.1746714562,0.3490402102,-0.01847822219,0.005846930202,1,0.6165657043,0.01938120835,-2.382736206,0,3.160623312,3.643222332,162.441452
0.179515034,0.237637952,0.007081805728,0.01179620717,1,0.9242574573,0.01375872362,-0.6856558323,0,1.242174149,1.918720961,59.0216713
0.179515034,0.2424815297,0.01232844591,0.005488956347,1,0.2822959721,0.01349515561,-0.6446430683,0,0.8306047916,0.1421529949,23.99991608
0.179515034,0.2473251075,0.01247222722,0.007985299453,1,-0.0754725486,0.01480950601,0.04213178158,0,0.0869910717,-1.258868098,32.62926102
0.179515034,0.2521686852,0.01238423679,0.01179045066,1,-0.08359083533,0.01709924079,-0.3128976226,0,-0.0949280411,-1.835606098,43.59296417
0.179515034,0.257012248,0.01160755847,0.01536064502,1,0.334561795,0.01925317757,-0.1330665946,0,-0.8960963488,-2.012193203,52.92280197
0.179515034,0.2618558407,0.009664400481,0.02089214697,1,0.76501894,0.02301917598,-0.05751782656,0,-1.854084492,-1.467986345,65.17543793
0.179515034,0.2666994035,0.006332584657,0.02219235897,1,0.436389029,0.02307818085,0.151272431,0,-1.718819737,0.4442996979,74.07391357
0.179515034,0.2715429962,0.003452847479,0.01947284676,1,0.5432161093,0.01977659948,0.1524270177,0,-1.290652514,1.202306032,79.94504547
0.179515034,0.276386559,0.002712317975,0.0171071887,1,-0.03701072931,0.01732087135,0.2627917826,0,-0.06276661903,0.8960002661,80.99082947
0.179515034,0.2812301517,0.00296956813,0.01640585251,1,-0.1871827394,0.01667244174,0.2533681393,0,0.1933239549,0.3733727336,79.74017334
0.179515034,0.2860737145,0.002742063487,0.01652593724,1,-0.2803048491,0.01675187983,0.06624698639,5.080400944,0.2110948414,0.1733929664,80.5790329
0.179515034,0.2909172773,0.002634345088,0.01588688418,1,-0.06671236455,0.01610381529,-0.09371118248,0,0.2674204707,0.1113414764,80.58494568
0.179515034,0.29576087,0.003714208724,0.01553274877,1,0.03040252626,0.0159706492,-0.09604837,0,0.2954601645,-0.1496521533,76.55188751
0.179515034,0.3006044328,0.004212686326,0.01614651829,1,0.008971659467,0.01668702438,-0.08226016164,0,0.01791574992,-0.5804150105,75.37729645
0.179515034,0.3054480255,0.003844439983,0.01794560067,1,-0.1175033376,0.01835277304,0.07480493188,0,-0.2089947164,-0.9330327511,77.90843964
0.179515034,0.3102915883,0.002631267533,0.0210280586,1,-0.3558514118,0.02119204588,0.1969139278,0,-0.3349936604,-1.045967102,82.8675766
0.179515034,0.315135181,0.0004982780665,0.02396559156,1,-0.4982271194,0.02397077158,0.1919385791,0,-0.7774451375,-0.9291211963,88.80891418
0.179515034,0.3199787438,-0.003547550412,0.0264579989,1,0.01975232363,0.0266947709,0.2763028741,0,-1.99439764,-0.5342022181,97.63680267
0.179515034,0.3248223364,-0.009066069499,0.02789133601,1,0.3061872721,0.02932780795,0.4845805466,0,-2.438559055,0.6020081639,108.0067368
0.179515034,0.3296658993,-0.01387585793,0.02588922903,1,-0.002813816071,0.02937331423,0.4510654807,0,-1.975112438,1.540855408,118.1899796
0.179515034,0.3345094621,-0.01864627935,0.02261286974,1,0.1293215752,0.02930913866,0.7327228189,0,-1.513617754,2.119144678,129.5085602
0.179515034,0.3393530548,-0.02058080398,0.01917398721,1,0.2638893425,0.02812847868,0.5956861377,0,-0.2058711946,2.059952736,137.0267181
0.179515034,0.3441966176,-0.01836526394,0.01552058011,1,0.9347207546,0.02404519357,0.4317743182,24.20692444,0.1215964258,2.174414396,139.7986755
0.179515034,0.3490402102,-0.0154644493,0.01073337439,1,-0.2328799963,0.01882430539,-0.3282644749,0,1.430674791,1.648452401,145.2367401
0.1843586117,0.237637952,0.01248676516,0.01063005533,1,0.07005342841,0.01639869995,-0.1039434671,0,-0.66197896,1.166749716,40.40794373
0.1843586117,0.2424815297,0.01105324645,0.007552704774,1,-0.6161856651,0.01338721812,-0.514978528,9.821013451,0.06155857444,-0.2192833722,34.34487152
0.1843586117,0.2473251075,0.009800385684,0.009197833017,1,-0.3867173493,0.01344052423,0.00387275219,11.40338802,0.0173034668,-1.00114727,43.1833992
0.1843586117,0.2521686852,0.009263961576,0.01242059749,1,-0.09435740113,0.01549491007,0.08074843884,0,-0.1482336521,-1.150352359,53.28240967
0.1843586117,0.257012248,0.008625378832,0.01516075619,1,0.02511416376,0.01744263992,0.03901332617,0,-0.4318634272,-1.029067516,60.36323929
0.1843586117,0.2618558407,0.007293839939,0.01759392954,1,0.3673110008,0.01904590428,-0.01099911332,0,-0.919031024,-0.5736843348,67.48278046
0.1843586117,0.2666994035,0.005953080021,0.01788616553,1,0.4865946174,0.0188508369,0.0149497129,0,-1.016169786,0.05849418417,71.59092712
0.1843586117,0.2715429962,0.004728801083,0.01738301851,1,0.2329045981,0.0180147402,0.07894297689,0,-0.5588582158,0.3077921867,74.7817688
0.1843586117,0.276386559,0.004374298267,0.01677771658,1,0.07966209203,0.01733857766,0.1322775781,0,-0.230964154,0.222427994,75.38711548
0.1843586117,0.2812301517,0.003995957784,0.01694636792,1,-0.08981432021,0.01741111837,0.1128799245,0,-0.159354642,0.05837742239,76.73200226
0.1843586117,0.2860737145,0.003167429008,0.01704170369,1,-0.1260149181,0.01733355969,-0.06975243986,0,-0.2069297731,0.1062757224,79.47096252
0.1843586117,0.2909172773,0.002383319195,0.01609376445,1,0.001909293234,0.01626927964,-0.08341466635,0,-0.06717898697,0.0252988413,81.5763092
0.1843586117,0.29576087,0.002851290163,0.01651514135,1,0.007849659771,0.01675946824,-0.1267556399,0,0.09429292381,-0.2297680527,80.20462036
0.1843586117,0.3006044328,0.002878054744,0.01659271307,1,-0.1355595738,0.01684046723,-0.1035433561,2.56283164,0.01083309576,-0.3723832965,80.15978241
0.1843586117,0.3054480255,0.002247167751,0.01781728864,1,-0.1223913729,0.01795843989,0.1776432395,0,-0.2226807177,-0.6125778556,82.81164551
0.1843586117,0.3102915883,0.001206671237,0.02042021044,1,-0.05859707296,0.02045583166,0.2899954319,0,-0.4868885875,-0.711605072,86.61820984
0.1843586117,0.315135181,-0.0003949344391,0.02266861871,1,-0.03981611133,0.02267205901,0.1046860889,0,-0.8080992699,-0.3195095062,90.99810791
0.1843586117,0.3199787438,-0.002900272608,0.0224748347,1,0.04356187582,0.02266119607,-0.0008653029799,0,-1.145908356,0.160531342,97.35311127
0.1843586117,0.3248223364,-0.005734235514,0.02188688144,1,0.09104907513,0.02262558416,0.2723545432,0,-1.469143033,0.4597113132,104.6811905
0.1843586117,0.3296658993,-0.009575177915,0.0215673577,1,-0.03816306591,0.02359735034,0.3455841243,0,-1.48229301,0.911060214,113.9395981
0.1843586117,0.3345094621,-0.01309865993,0.01914796233,1,-0.06937810779,0.02319955453,0.4167071283,0,-1.061366558,1.251145244,124.3750916
0.1843586117,0.3393530548,-0.015052028,0.01752569154,1,0.1100756228,0.02310223691,0.5883632898,0,-0.5031460524,1.134616137,130.6578064
0.1843586117,0.3441966176,-0.01500252727,0.01650214382,1,0.3733711839,0.02230238914,0.2412401736,4.560974121,0.2394482493,0.9888703823,132.2747803
0.1843586117,0.3490402102,-0.01208378933,0.01390448678,1,0.668383956,0.01842152886,-0.2864635885,0,0.536811471,0.7861522436,130.9925079
0.1892021894,0.237637952,0.01222959068,0.008250551298,1,-0.263271451,0.01475244015,-1.016090989,0,-1.164433241,-1.231267571,34.00511551
0.1892021894,0.2424815297,0.008771991357,0.008771663532,1,-0.5893217325,0.01240523718,-0.3390499055,9.53242588,-0.3578583002,-0.6883070469,44.99892807
0.1892021894,0.2473251075,0.007641850505,0.009942205623,1,-0.305121243,0.01253974997,0.02275410295,8.96472168,-0.0187022835,-0.5466252565,52.45314026
0.1892021894,0.2521686852,0.007203526795,0.01152949687,1,-0.01329287142,0.01359485555,0.1184500009,0,-0.1580055952,-0.5432587862,58.00322342
0.1892021894,0.257012248,0.006812154315,0.01314723864,1,0.2294127345,0.0148072727,0.08298392594,0,-0.3060267568,-0.5636770129,62.60936737
0.1892021894,0.2618558407,0.006832440849,0.01466164924,1,0.4245527089,0.01617548056,-0.02582319081,0,-0.4501202404,-0.3905048966,65.01412201
0.1892021894,0.2666994035,0.006688315887,0.01491360273,1,0.2588751614,0.01634469628,-0.1859140545,0,-0.5698872805,-0.387466073,65.84515381
0.1892021894,0.2715429962,0.005326029379,0.01563788205,1,0.08705419302,0.01651998609,-0.2405234575,0,-0.5532289743,-0.3827826679,71.19192505
0.1892021894,0.276386559,0.004430362023,0.0156026464,1,0.134209156,0.01621945389,-0.1725718677,0,-0.4494643211,-0.261585921,74.14813995
0.1892021894,0.2812301517,0.003799066413,0.01606902853,1,0.1129674762,0.01651201397,-0.1704078317,0,-0.4250085354,-0.2801146507,76.69828796
0.1892021894,0.2860737145,0.002918966813,0.01613401994,1,0.05722482502,0.0163959451,-0.1829799414,0,-0.3558087349,-0.07628599554,79.74497986
0.1892021894,0.2909172773,0.002352856565,0.01555224974,1,-0.05925207958,0.01572922058,-0.07773356885,0,-0.1330867857,-0.0400390178,81.39711761
0.1892021894,0.29576087,0.001987358555,0.01595144346,1,-0.113541618,0.01607476734,0.08173306286,2.237418175,0.0215934515,-0.1873516887,82.89822388
0.1892021894,0.3006044328,0.001907498459,0.01685558259,1,-0.3015409112,0.0169631727,0.1128455997,3.696808338,0.2500174046,-0.198576659,83.54346466
0.1892021894,0.3054480255,0.001737800427,0.01745984145,1,-0.2959222198,0.01754611172,0.2693635523,3.54833746,0.02374117076,-0.1637899578,84.31599426
0.1892021894,0.3102915883,0.0005891685141,0.01895359531,1,-0.1152066216,0.01896275021,0.1977902949,0,-0.355527252,-0.3770970106,88.21954346
0.1892021894,0.315135181,-0.0005422357935,0.02024435252,1,-0.1177730262,0.02025161311,-0.003609672189,0,-0.576623559,-0.3634907007,91.53427124
0.1892021894,0.3199787438,-0.002774195513,0.02069670707,1,-0.6332820654,0.02088180557,-0.1846309304,13.57051277,-0.3944739103,-0.2032271028,97.63444519
0.1892021894,0.3248223364,-0.00552025158,0.02033442445,1,-0.9163624048,0.02107040584,-0.3267658651,25.02614784,-0.1190307438,0.04532146454,105.1882248
0.1892021894,0.3296658993,-0.007789202966,0.01889447309,1,-1.116556168,0.02043704502,-0.3033004999,31.64383698,0.07441955805,0.2182841301,112.4037933
0.1892021894,0.3345094621,-0.01056790631,0.01780809648,1,-1.097822785,0.02070770226,-0.2690345645,30.96630287,0.1798616648,0.2864789367,120.6862717
0.1892021894,0.3393530548,-0.01223541889,0.01620380022,1,-0.2597630918,0.02030439861,0.2902749777,0,-0.1199606284,0.8964761496,127.0562973
0.1892021894,0.3441966176,-0.01240712777,0.01487191394,1,0.3955133855,0.01936777309,-0.2230273485,0,-0.5624869466,1.03796351,129.8370972
0.1892021894,0.3490402102,-0.01304416824,0.01009609271,1,2.468746901,0.01649489067,-0.8150920868,0,-2.731791735,1.156924009,142.2603912
0.1940457672,0.237637952,0.001601508819,0.006265208125,1,1.333930731,0.006466657855,-1.696984053,0,0.5141470432,-2.691541433,75.66113281
0.1940457672,0.2424815297,0.006077162921,0.008673815988,1,0.604631722,0.01059089229,-0.1104286313,0,0.5642287135,-1.002314329,54.98364258
0.1940457672,0.2473251075,0.007262974977,0.01058512554,1,-0.01616939902,0.01283727679,0.236199677,0,0.2493037581,-0.3926441669,55.54406738
0.1940457672,0.2521686852,0.007206367329,0.01171967015,1,-0.1389694363,0.01375799347,0.2052069753,0,-0.06044347957,-0.2040340751,58.41284943
0.1940457672,0.257012248,0.006297104526,0.01256731339,1,-0.07940351218,0.01405670214,0.06272362173,0,-0.318865031,-0.2753968835,63.38592529
0.1940457672,0.2618558407,0.005277322605,0.0133573832,1,-0.05292612314,0.01436209679,-0.1863869727,0,-0.5914809108,-0.4557491839,68.44169617
0.1940457672,0.2666994035,0.003175868886,0.01387199014,1,-0.1532264054,0.0142308902,-0.62975353,0,-0.5833269358,-0.8205987811,77.10487366
0.1940457672,0.2715429962,0.001709769364,0.01428175718,1,0.1866184622,0.014383737,-0.7384893894,0,-0.3733497858,-0.7547290921,83.17321014
0.1940457672,0.276386559,0.002271421254,0.01395064872,1,0.3518105447,0.01413435396,-0.4396542907,0,-0.3303289115,-0.4518110156,80.75234222
0.1940457672,0.2812301517,0.001813817187,0.01434063911,1,0.3197029233,0.01445489004,-0.2973012626,0,-0.3939800262,-0.5224436522,82.79145813
0.1940457672,0.2860737145,0.00191165437,0.01504114363,1,0.2255371958,0.01516213827,-0.06391136348,0,-0.2257310003,-0.3520259857,82.75682831
0.1940457672,0.2909172773,0.00181287853,0.01573614031,1,0.006222944707,0.0158402212,0.1082442477,0,0.08215466142,-0.3312108517,83.42822266
0.1940457672,0.29576087,0.002339718165,0.01716967858,1,-0.1844234765,0.01732836291,0.4369505048,0,0.3186075985,-0.2914549112,82.24008179
0.1940457672,0.3006044328,0.002462809673,0.01926422864,1,-0.4540537,0.01942101866,0.3413331211,0,0.5405194163,-0.1120351627,82.71461487
0.1940457672,0.3054480255,0.002758521587,0.0193656031,1,-0.6127854586,0.01956108399,0.209908098,0,0.1741376966,0.2115659416,81.89307404
0.1940457672,0.3102915883,0.0003381852584,0.01925619878,1,-0.5715550184,0.01925916784,0.05972554907,0,-0.4466046095,-0.1633610278,88.99385071
0.1940457672,0.315135181,-0.002173013752,0.02044614032,1,-0.5698942542,0.02056128904,0.1149734557,0,-0.4865724444,-0.7883509398,96.06661224
0.1940457672,0.3199787438,-0.004778893199,0.02363152057,1,-1.114263773,0.02410988696,0.1335049868,0,0.09757328033,-0.9612805843,101.4324799
0.1940457672,0.3248223364,-0.007097433321,0.02574881911,1,-1.655476451,0.02670908533,0.05678215623,0,0.5802241564,-0.7080287933,105.4104004
0.1940457672,0.3296658993,-0.00998696126,0.02733594179,1,-2.353600025,0.02910314687,-0.4963077903,0,1.132033587,-0.4111859798,110.0693588
0.1940457672,0.3345094621,-0.01301416662,0.02533652633,1,-1.483800411,0.0284834709,-1.447858095,0,1.624823093,0.4377534389,117.1874161
0.1940457672,0.3393530548,-0.009303906932,0.01820283569,1,-0.2105081081,0.02044274658,-0.7857319117,0,0.6149294376,1.996205688,117.07267
0.1940457672,0.3441966176,-0.0110553205,0.01186199486,1,0.5053749084,0.01621502452,-2.764892817,0,-0.7374745607,3.323078394,132.9840546
0.1940457672,0.3490402102,-0.01042809989,-0.01128472574,1,4.543756485,0.01536522992,-4.238722324,0,-4.284766674,5.318943501,-132.7407227
