PIVlab, ASCII chart output - 13-Mar-2024
FRAME: 81, filenames: A:[81]2 vortices tapados mismo sentido clase 4.mp4 & B:[82]2 vortices tapados mismo sentido clase 4.mp4, conversion factor xy (px -> m): 0.00030272, conversion factor uv (px/frame -> m/s): 0.0090842
x [m],y [m],u [m/s],v [m/s],Vector type [-],vorticity [1/s],magnitude [m/s],divergence [1/s],dcev [1],simple shear [1/s],simple strain [1/s],vector direction [degrees]
0.1262357086,0.237637952,0.002348881913,-0.008971721865,1,-0.3508577943,0.009274106473,0.7545288205,0,1.162041426,0.8046477437,-75.32872009
0.1262357086,0.2424815297,0.004313397221,-0.009093099274,1,-0.0657068491,0.01006428618,0.5699086189,0,0.8619114757,0.3407584727,-64.62223816
0.1262357086,0.2473251075,0.006205360871,-0.007861815393,1,0.2884307206,0.01001571957,0.1799631417,0,0.2046464384,0.2232363224,-51.71583557
0.1262357086,0.2521686852,0.006701654755,-0.009302696213,1,-0.02751498856,0.01146526635,-0.1875662804,0,0.07438790053,0.3731421232,-54.23105621
0.1262357086,0.257012248,0.0064323931,-0.01057764608,1,-0.312440902,0.01237991452,-0.1633807272,0,0.1683914363,0.2712296844,-58.69571686
0.1262357086,0.2618558407,0.006003940012,-0.01140776556,1,-0.5315812826,0.01289125253,-0.04686229676,0,0.2493512928,0.08742270619,-62.24203873
0.1262357086,0.2666994035,0.005065390375,-0.01122806594,1,-0.2536488771,0.01231777761,0.02020775527,0,-0.0749437809,-0.2626667023,-65.71813202
0.1262357086,0.2715429962,0.004412375856,-0.01003764104,1,0.09715952724,0.01096463855,0.08818851411,0,-0.2651930153,-0.07637557387,-66.2705307
0.1262357086,0.276386559,0.004251507111,-0.01043098699,1,0.2113678902,0.01126413792,-0.1330722272,0,-0.3261002302,0.3685602248,-67.8249588
0.1262357086,0.2812301517,0.003856660798,-0.01246733684,1,0.1057910323,0.01305022277,-0.112118274,0,-0.1682544053,0.5829875469,-72.81100464
0.1262357086,0.2860737145,0.003948960919,-0.01379778609,1,0.00240932405,0.01435176656,0.02639567852,0,0.08261604607,0.3182872534,-74.02874756
0.1262357086,0.2909172773,0.004268486518,-0.01388113201,1,-0.1215875521,0.01452259626,0.04454258084,0,-0.09618384391,0.1940342337,-72.90718842
0.1262357086,0.29576087,0.002894168254,-0.01452186052,1,-0.3777588606,0.01480745245,0.08692207932,0,-0.2194939703,0.4943239391,-78.72878265
0.1262357086,0.3006044328,0.001375645865,-0.01585441455,1,-0.4184471369,0.01591398194,0.3867884278,0,-0.1997815371,0.8160446286,-85.04101562
0.1262357086,0.3054480255,-0.0001002702702,-0.01660099626,1,-0.1474966109,0.016601298,0.7456602454,0,-0.259711504,1.021218538,-90.34606171
0.1262357086,0.3102915883,-0.0005966982571,-0.01718910225,1,0.1144948304,0.01719945669,0.5553117394,0,-0.1892860234,0.8263340592,-91.98815155
0.1262357086,0.315135181,-0.0004625272122,-0.01791371405,1,0.1758102775,0.01791968569,-0.03684356809,0,-0.2090475559,0.5256382227,-91.47902679
0.1262357086,0.3199787438,-0.0007576855714,-0.01991352625,1,-0.5284348726,0.01992793567,-0.4706662297,0,-0.166078493,0.07678574324,-92.17897797
0.1262357086,0.3248223364,-0.00382645661,-0.0205653403,1,-1.215656996,0.02091829292,-0.269457221,0,-0.5347986221,0.01149217784,-100.5401154
0.1262357086,0.3296658993,-0.009236153215,-0.02127432637,1,-1.451464653,0.02319274656,0.2779504657,0,-0.5768398046,0.4180594683,-113.4678574
0.1262357086,0.3345094621,-0.01365067717,-0.02124396712,1,-0.8885654807,0.0252516754,1.013728619,0,-0.4137126803,0.4644460976,-122.7234726
0.1262357086,0.3393530548,-0.01554383896,-0.01861383393,1,0.4525691271,0.02425047942,1.337025881,0,0.1023464054,-0.3660918176,-129.8642273
0.1262357086,0.3441966176,-0.01096290071,-0.01299478393,1,1.806400895,0.01700145938,-0.6137705445,0,0.2681621313,-1.958974123,-130.1522827
0.1262357086,0.3490402102,-0.005495531484,-0.01209823601,1,1.516865611,0.01328789629,-2.161476851,0,0.740702033,-2.531676531,-114.4295654
0.1310792714,0.237637952,0.006124866661,-0.005307810847,1,-0.4039320946,0.008104741573,0.1638861895,0,0.5666081905,0.7992841005,-40.91220856
0.1310792714,0.2424815297,0.006518833805,-0.006846610457,1,-0.1879221201,0.009453638457,0.03506934643,0,0.4061399698,0.6042584777,-46.40485001
0.1310792714,0.2473251075,0.007181821857,-0.008064722642,1,0.0543752946,0.01079899631,-0.07201983035,0,0.07615736872,0.3841097951,-48.31419373
0.1310792714,0.2521686852,0.007151078898,-0.009055909701,1,-0.1186886877,0.01153895259,-0.06404001266,3.799223423,0.01788657531,0.2143605351,-51.70330429
0.1310792714,0.257012248,0.006693579722,-0.009413175285,1,-0.2758323848,0.01155040599,-0.008037094027,10.4053688,0.05927544087,0.08705954254,-54.58389282
0.1310792714,0.2618558407,0.006102168467,-0.009516517632,1,-0.4472962618,0.01130489167,-0.1479666829,16.30713654,-0.01008708775,0.1373814642,-57.33124924
0.1310792714,0.2666994035,0.004478207789,-0.01079528127,1,-0.252959609,0.01168727688,-0.1438618898,7.249180794,-0.0900067687,0.1449044347,-67.46985626
0.1310792714,0.2715429962,0.004440984223,-0.01091517974,1,0.1451366246,0.01178403478,-0.02019792795,4.756629944,-0.07419737428,0.1733235121,-67.86040497
0.1310792714,0.276386559,0.004821807612,-0.01173261739,1,0.2171177864,0.01268479973,-0.101905793,6.265127182,-0.1023226678,0.3555732369,-67.65858459
0.1310792714,0.2812301517,0.004997003358,-0.013131015,1,0.04906899482,0.01404968277,0.01783962548,0,-0.05693507195,0.4041089416,-69.16569519
0.1310792714,0.2860737145,0.004783707671,-0.01360354293,1,-0.09851270914,0.01442013308,0.1089130566,0,0.0673918277,0.2510800362,-70.62569427
0.1310792714,0.2909172773,0.004846267402,-0.01381960977,1,-0.1242262796,0.01464472339,0.08296052366,3.442895651,0.02473605424,0.1934232116,-70.67523193
0.1310792714,0.29576087,0.004301819019,-0.01413857751,1,-0.167945683,0.01477853209,0.1269931346,3.724325895,0.05281945318,0.4377643466,-73.077034
0.1310792714,0.3006044328,0.00428864453,-0.01532485429,1,-0.1507825851,0.0159136299,0.1399903595,0,0.1253684759,0.7044860125,-74.36577606
0.1310792714,0.3054480255,0.004178723786,-0.01687275618,1,-0.1867410541,0.01738251001,0.2951627076,0,-0.1310609579,0.8319433928,-76.08995819
0.1310792714,0.3102915883,0.002749345731,-0.01792479306,1,-0.2350961268,0.01813441701,0.3570966721,0,-0.4787351489,0.7644400597,-81.27980804
0.1310792714,0.315135181,0.0007212265627,-0.01884575561,1,-0.2808249295,0.01885955222,0.2333649546,0,-0.64017272,0.4627791047,-87.80835724
0.1310792714,0.3199787438,-0.001711577992,-0.01903597824,1,-0.5599915385,0.01911276951,0.04539715126,8.943753242,-0.5079004765,0.05999273434,-95.13780212
0.1310792714,0.3248223364,-0.004451191518,-0.01891645044,1,-0.5436413884,0.01943309605,0.02245267108,0,-0.6618706584,0.04726869985,-103.241272
0.1310792714,0.3296658993,-0.007550569251,-0.0191561766,1,-0.570217967,0.0205905363,0.09883864969,0,-0.5900167227,0.3419503868,-111.5122986
0.1310792714,0.3345094621,-0.01007086132,-0.02009397745,1,-0.5565704107,0.02247643657,0.2342468202,0,-0.608246088,0.2973861396,-116.6194687
0.1310792714,0.3393530548,-0.01319244877,-0.01946199685,1,-0.618103981,0.02351191267,0.3834060431,0,-0.8524339199,-0.3131690025,-124.1316528
0.1310792714,0.3441966176,-0.01719352603,-0.01672006212,1,0.4480023682,0.02398286574,-0.4059566259,0,-1.205474377,-1.538190365,-135.7998505
0.1310792714,0.3490402102,-0.01686132327,-0.01397793461,1,0.6084349155,0.02190175466,-1.532587647,0,-0.471262902,-2.664857864,-140.3414917
0.1359228492,0.237637952,0.00701406505,-0.004270841833,1,0.03089798242,0.008212015964,-0.2495480031,0,0.1326016486,0.5535260439,-31.33709908
0.1359228492,0.2424815297,0.007410026621,-0.006215717643,1,-0.001616828144,0.009671796113,-0.155023247,0,0.1467421055,0.5645833015,-39.99077606
0.1359228492,0.2473251075,0.007716990542,-0.007756312378,1,-0.08599545062,0.01094131265,-0.1647987068,0,0.09006601572,0.3359605968,-45.14560318
0.1359228492,0.2521686852,0.00742974272,-0.008641184308,1,-0.1807337701,0.01139610168,-0.09182614088,6.011815071,-0.005460843444,0.1555565447,-49.31085205
0.1359228492,0.257012248,0.006815143861,-0.008954527788,1,-0.2233127952,0.01125298813,-0.02505704761,7.973543644,-0.08164214343,0.1089199185,-52.72583389
0.1359228492,0.2618558407,0.005952669773,-0.009290112182,1,-0.2158230692,0.01103360578,-0.1485802978,2.336545944,-0.144386664,0.1578594297,-57.35014725
0.1359228492,0.2666994035,0.005070440006,-0.01043879241,1,-0.1426960975,0.0116050737,-0.04979456961,5.095983505,-0.02218602598,0.3238731027,-64.09274292
0.1359228492,0.2715429962,0.005154050421,-0.0111000007,1,0.07754061371,0.01223822869,0.01571163535,2.92158103,0.007050424814,0.333540082,-65.09320068
0.1359228492,0.276386559,0.005480163265,-0.01197821926,1,0.08561550081,0.01317231636,-0.07280158252,0,0.06847470999,0.3155010939,-65.41540527
0.1359228492,0.2812301517,0.005900398362,-0.01298077498,1,-0.04512991756,0.01425886434,-0.0226829201,0,0.08899203688,0.1870786697,-65.55587769
0.1359228492,0.2860737145,0.005692612845,-0.01299421582,1,-0.1645241827,0.01418645494,0.102342695,2.938253403,0.10398449,0.1392674595,-66.34233856
0.1359228492,0.2909172773,0.005607170518,-0.01315962244,1,-0.1453050375,0.01430440601,0.08770213276,0,0.1322976947,0.1823332608,-66.92168427
0.1359228492,0.29576087,0.005629610736,-0.01345256902,1,-0.1003175601,0.01458300836,0.06493401527,1.081967235,0.07115649432,0.3451473415,-67.29174042
0.1359228492,0.3006044328,0.005465926602,-0.01451685745,1,-0.1287664175,0.01551178563,-0.05739472806,3.450798512,0.07288556546,0.5369462371,-69.36750793
0.1359228492,0.3054480255,0.005358947441,-0.01633130573,1,-0.1608319879,0.01718807407,-0.1509984881,1.781313658,0.03068377823,0.644348979,-71.8332901
0.1359228492,0.3102915883,0.004835543688,-0.01836918481,1,-0.3029932678,0.01899498515,0.04375433922,8.534725189,-0.2027592957,0.7298039794,-75.25192261
0.1359228492,0.315135181,0.002909295494,-0.01965424046,1,-0.521248877,0.01986839622,0.3643086553,0,-0.5281336904,0.6310608387,-81.58000183
0.1359228492,0.3199787438,-0.000247222255,-0.01966121979,1,-0.5005677938,0.01966277324,0.2978332341,0,-0.8203673363,0.6041669846,-90.72039795
0.1359228492,0.3248223364,-0.003488756251,-0.02113799192,1,-0.3292093277,0.02142396197,0.1233179718,0,-1.085847616,0.47615695,-99.37198639
0.1359228492,0.3296658993,-0.007101160474,-0.02137022279,1,-0.3480511308,0.02251916751,0.04206173494,0,-1.218341112,0.1156170964,-108.3812485
0.1359228492,0.3345094621,-0.01107567549,-0.02149426192,1,-0.5453797579,0.02418003045,-0.1386537999,0,-1.12744987,-0.4734053612,-117.2613678
0.1359228492,0.3393530548,-0.0152036408,-0.01974882744,1,-0.9040046334,0.02492322028,-0.4568245411,0,-1.016855955,-0.5581437349,-127.5908813
0.1359228492,0.3441966176,-0.0203795135,-0.02100351453,1,-0.7767297029,0.02926554531,-0.2211849242,0,-1.416382909,-0.7210218906,-134.1361237
0.1359228492,0.3490402102,-0.02582615241,-0.01732782833,1,-1.574626803,0.03110054322,-0.08859139681,0,-0.6743811369,-1.606343508,-146.1407318
0.1407664269,0.237637952,0.007597208023,-0.004815201275,1,0.4190443158,0.008994650096,-0.2167943269,0,-0.0452041477,0.3252930641,-32.36701202
0.1407664269,0.2424815297,0.008502569981,-0.006128022447,1,0.06513913721,0.01048076153,-0.07949469984,0,0.02026255243,0.4153366089,-35.78127289
0.1407664269,0.2473251075,0.008010857739,-0.007211955264,1,-0.1778253466,0.01077896729,-0.09344537556,5.664310932,-0.03747169673,0.3357702494,-41.99583817
0.1407664269,0.2521686852,0.007459762041,-0.008206961676,1,-0.1496589333,0.01109063905,-0.07984835654,4.66034174,-0.03844232485,0.232943058,-47.73056412
0.1407664269,0.257012248,0.007099776063,-0.0087269824,1,-0.1891747117,0.01125020161,-0.05183235928,6.279214859,-0.08183351159,0.1471007913,-50.87016296
0.1407664269,0.2618558407,0.006147112697,-0.009170509875,1,-0.1400313824,0.01104016509,-0.1060762927,0,-0.1271363348,0.2004324496,-56.16553879
0.1407664269,0.2666994035,0.005805728491,-0.01021158136,1,-0.05597767606,0.01174661145,-0.0781442821,0,0.05298387632,0.352548629,-60.37988281
0.1407664269,0.2715429962,0.006132612005,-0.01125660446,1,-0.03903464228,0.01281873975,0.03537124395,0,0.07859488577,0.3665435314,-61.41839981
0.1407664269,0.276386559,0.005997341592,-0.01181564014,1,-0.09983633459,0.01325056516,0.01148968935,3.65554738,0.02977550402,0.2643565834,-63.08872223
0.1407664269,0.2812301517,0.00579326693,-0.01248138491,1,-0.145848915,0.01376033854,-0.06730502844,0,0.1368934661,0.03331484646,-65.10150909
0.1407664269,0.2860737145,0.005953965243,-0.01230300032,1,-0.1368885487,0.01366797369,0.03995720297,0,0.2114076167,0.03864296526,-64.1756134
0.1407664269,0.2909172773,0.006154204719,-0.01247501932,1,-0.1039765924,0.01391044073,0.03128556907,0,0.1729575843,0.2387828678,-63.74185181
0.1407664269,0.29576087,0.006288080011,-0.01330802962,1,-0.04621057585,0.01471881755,0.002422243357,0,0.1406004876,0.389144212,-64.70913696
0.1407664269,0.3006044328,0.006611389574,-0.01434813719,1,-0.1349430233,0.0157980863,0.05027571321,0,0.1927980334,0.5947296619,-65.26052094
0.1407664269,0.3054480255,0.006568305194,-0.01594513468,1,-0.2507204711,0.01724499837,0.01354131103,4.08637619,0.2269252539,0.6517399549,-67.61168671
0.1407664269,0.3102915883,0.006496135611,-0.01743930206,1,-0.4248124957,0.01860991679,0.005523085594,14.20187092,0.2130002379,0.6112670302,-69.56964874
0.1407664269,0.315135181,0.005542376079,-0.01887910254,1,-0.7026418447,0.0196758341,0.1629774272,26.18224716,-0.08991390467,0.8124250174,-73.63923645
0.1407664269,0.3199787438,0.002657330362,-0.02058495209,1,-0.7017311454,0.02075576223,0.3103232384,0,-0.7620554566,1.074672341,-82.64431
0.1407664269,0.3248223364,-0.001547588268,-0.02258128673,1,-0.6851021051,0.02263425663,0.2979017496,0,-1.264731288,0.8732081652,-93.92058563
0.1407664269,0.3296658993,-0.006786839571,-0.02337149344,1,-0.8727927208,0.02433696575,0.1213406622,0,-1.498979807,0.1898836493,-106.192749
0.1407664269,0.3345094621,-0.01303541753,-0.02291327901,1,-1.003851771,0.02636172436,-0.02605718374,0,-1.333611846,-0.7203564048,-119.6356506
0.1407664269,0.3393530548,-0.01810852624,-0.02000860125,1,-0.9922069907,0.02698634565,-0.159093231,21.35978699,-0.8084785342,-0.7980850935,-132.1462708
0.1407664269,0.3441966176,-0.02175717801,-0.01981827244,1,-1.334038615,0.0294302348,0.5730119944,46.38183212,-0.103399992,-1.572318673,-137.670105
0.1407664269,0.3490402102,-0.02507087216,-0.009617525153,1,-1.863116741,0.02685228921,2.666398764,0,0.4948372841,-1.545659304,-159.0125122
0.1456100047,0.237637952,0.007539587095,-0.006519465242,1,0.5042096376,0.009967386723,0.0917711556,0,0.1139763594,0.05610150099,-40.84990311
0.1456100047,0.2424815297,0.009036703035,-0.006433080882,1,0.1608555764,0.01109263394,0.05375347286,3.673835993,0.1180958003,0.1687580049,-35.44644165
0.1456100047,0.2473251075,0.00889070984,-0.007076498587,1,-0.1253883541,0.01136316638,-0.02081073821,4.311700821,-0.05328830704,0.3238554001,-38.51779175
0.1456100047,0.2521686852,0.008171268739,-0.008102498017,1,-0.1711472869,0.01150739286,0.02119921148,1.956842184,-0.1621039808,0.3015943766,-44.75787735
0.1456100047,0.257012248,0.007276583929,-0.008434612304,1,-0.2070474178,0.01113963034,-0.02758490294,5.122180462,-0.156646058,0.2047136128,-49.21548462
0.1456100047,0.2618558407,0.006409691181,-0.009227653965,1,-0.06460854411,0.01123537961,-0.03922850639,0,-0.1164652705,0.2655908763,-55.21547699
0.1456100047,0.2666994035,0.006399538834,-0.009911028668,1,0.08485753834,0.0117975669,0.008504480124,2.377556801,0.05781894922,0.2774377167,-57.14971924
0.1456100047,0.2715429962,0.007100755814,-0.01053025294,1,-0.03326489776,0.0127006676,-0.0513965115,0,0.1192978397,0.2457816601,-56.00743866
0.1456100047,0.276386559,0.006816246081,-0.01135043427,1,-0.270437777,0.0132398475,-0.0288079977,10.3817997,-0.01137696207,0.194381848,-59.01403046
0.1456100047,0.2812301517,0.00573576428,-0.01161129028,1,-0.2732406855,0.01295071654,0.06769838929,9.121072769,0.1198567003,0.0587756373,-63.71147156
0.1456100047,0.2860737145,0.006073318888,-0.01130721625,1,-0.06374757737,0.01283504348,0.06173355505,0,0.3072674274,0.1044665426,-61.75891876
0.1456100047,0.2909172773,0.006915268023,-0.0118182702,1,-0.05226917565,0.01369278785,0.04684109986,0,0.3522281051,0.302957356,-59.66666031
0.1456100047,0.29576087,0.00752619328,-0.01254773512,1,-0.09574331343,0.01463178825,0.1225745231,0,0.4415192008,0.3519809842,-59.04446411
0.1456100047,0.3006044328,0.008590060286,-0.01292941812,1,-0.2292953432,0.01552285347,0.1347515285,0,0.447129339,0.4382578433,-56.40069199
0.1456100047,0.3054480255,0.00858128909,-0.01401779149,1,-0.5445090532,0.01643584482,0.0651627928,14.61995792,0.3861455917,0.5504385829,-58.52622986
0.1456100047,0.3102915883,0.007823014632,-0.01527988911,1,-0.5786847472,0.0171660874,0.06466406584,16.57447433,0.3830533028,0.6156315207,-62.88841248
0.1456100047,0.315135181,0.007633733097,-0.0166864451,1,-0.5704411268,0.01834969595,-0.001818299294,18.99915314,0.2892639637,0.9630709887,-65.41680145
0.1456100047,0.3199787438,0.006461111363,-0.01995340548,1,-0.9753892422,0.02097341977,0.09387463331,37.06762695,-0.1498382986,1.592565536,-72.05753326
0.1456100047,0.3248223364,0.002183605917,-0.02394547127,1,-1.272108197,0.02404482849,0.5119103193,0,-1.216719985,1.430612087,-84.78956604
0.1456100047,0.3296658993,-0.005593721289,-0.02440320887,1,-1.919386744,0.0250361003,0.4616694152,39.08763504,-1.564534903,0.2853547633,-102.9103546
0.1456100047,0.3345094621,-0.01469098777,-0.02309148014,1,-1.798676729,0.02736862376,-0.1556631923,53.34397888,-1.142555594,-1.3003304,-122.4648514
0.1456100047,0.3393530548,-0.01983980834,-0.01885892451,1,-1.575484037,0.02737292461,0.03805470467,56.30208588,-0.5982696414,-1.623663068,-136.4519501
0.1456100047,0.3441966176,-0.0252197329,-0.01504282095,1,-1.137604356,0.02936531045,0.9445149302,0,1.022409558,-1.729547501,-149.1851807
0.1456100047,0.3490402102,-0.0203977637,-0.005906894803,1,0.169609189,0.02123582363,2.114984512,0,1.821462154,-1.657391429,-163.8497467
0.1504535824,0.237637952,0.008313440718,-0.006705326494,1,0.199882552,0.01068057586,0.2850347459,0,0.3232352734,0.1321751177,-38.88841629
0.1504535824,0.2424815297,0.00958032161,-0.006335132755,1,0.05124249309,0.01148548909,0.1234191731,0,0.1893311739,0.1559171677,-33.47527313
0.1504535824,0.2473251075,0.009478677996,-0.006862733047,1,-0.1171085387,0.01170224138,0.04004979134,4.251806736,0.002093639225,0.4174623191,-35.90521622
0.1504535824,0.2521686852,0.009023237973,-0.008163159713,1,-0.2225120664,0.01216782629,0.08064524829,7.191648006,-0.09150532633,0.4151353836,-42.1350708
0.1504535824,0.257012248,0.007957712747,-0.00848285947,1,-0.1765509546,0.01163116936,0.06977149844,0,-0.1908884943,0.3296046853,-46.82952499
0.1504535824,0.2618558407,0.007243516389,-0.009421681985,1,0.003798685968,0.0118843019,0.0418163985,0,-0.1621528864,0.4257650971,-52.44643402
0.1504535824,0.2666994035,0.007190711796,-0.01034254488,1,0.07064742595,0.01259660907,0.0515877828,0,-0.1056184247,0.2778612077,-55.19083023
0.1504535824,0.2715429962,0.00707413163,-0.01051765494,1,-0.02138652094,0.01267534681,-0.01253309194,0,-0.05942159891,0.03253981471,-56.07538605
0.1504535824,0.276386559,0.006799311377,-0.01056085899,1,-0.1756599844,0.01256034896,-0.02524971217,6.557787895,0.03768800944,-0.01291745808,-57.2256813
0.1504535824,0.2812301517,0.006405853666,-0.01057738718,1,-0.1602922976,0.01236592419,0.05872112513,0,0.1519631147,0.04738680273,-58.80015564
0.1504535824,0.2860737145,0.006758968346,-0.01050596032,1,0.02069747448,0.01249235217,0.09347405285,0,0.2771467268,0.08075989038,-57.24495697
0.1504535824,0.2909172773,0.007848480716,-0.01051580533,1,-0.1080389917,0.01312176883,0.06279250979,0,0.4853753746,0.1040423065,-53.26414871
0.1504535824,0.29576087,0.0085866265,-0.01070575695,1,-0.217451632,0.0137238251,0.05660580099,0,0.5350524187,0.1714003533,-51.26840591
0.1504535824,0.3006044328,0.009386804886,-0.01107182167,1,-0.2867756486,0.01451541763,0.02485851943,0,0.4856764674,0.1759203225,-49.70837402
0.1504535824,0.3054480255,0.009550018236,-0.01143743657,1,-0.4712737501,0.01490026154,0.07855939865,0,0.5547647476,0.4314447045,-50.13882828
0.1504535824,0.3102915883,0.009791200049,-0.01278104912,1,-0.5958219767,0.01610039733,0.1685133874,0,0.7296611071,0.8452068567,-52.54529572
0.1504535824,0.315135181,0.01019827835,-0.01471505407,1,-0.7531306744,0.01790356636,-0.07426899672,0,0.9667196274,0.7113656402,-55.27608109
0.1504535824,0.3199787438,0.01082573459,-0.01658633165,1,-1.478167415,0.01980663836,-0.3674894869,39.75946808,0.9956504107,1.201176524,-56.86791229
0.1504535824,0.3248223364,0.007861169986,-0.02231300995,1,-3.151876926,0.02365731262,0.2037373781,121.119278,0.2626273632,1.249742985,-70.59195709
0.1504535824,0.3296658993,-0.003168569878,-0.02165274136,1,-4.924089432,0.02188334987,0.5589485168,186.2028809,-0.8462090492,0.02675649524,-98.32532501
0.1504535824,0.3345094621,-0.02008763514,-0.01973530464,1,-4.311323166,0.02816017345,-0.06233054399,166.0077515,-0.3587732315,-1.378992558,-135.5069122
0.1504535824,0.3393530548,-0.02578854375,-0.01527538709,1,-2.071847916,0.02997309528,0.3293536305,70.16135406,0.9421231747,-1.813530922,-149.3603821
0.1504535824,0.3441966176,-0.02555954456,-0.009356076829,1,-0.657336235,0.02721812762,1.158671498,0,1.263098955,-1.661297798,-159.8948364
0.1504535824,0.3490402102,-0.02285448462,-0.001616646885,1,0.6556665897,0.02291159146,1.374324799,0,0.4612976015,-1.82141459,-175.9538422
0.1552971601,0.237637952,0.009560375474,-0.005921996664,1,-0.1246638596,0.01124592405,0.3054436147,0,0.4671027958,0.2403020561,-31.77537155
0.1552971601,0.2424815297,0.01038969029,-0.005764237605,1,-0.01031571627,0.0118815871,0.1764014065,0,0.3295693696,0.2955564857,-29.0216713
0.1552971601,0.2473251075,0.01110670529,-0.006499133538,1,-0.1101680994,0.01286847424,0.1022363156,0,0.1479357183,0.4539843798,-30.33420944
0.1552971601,0.2521686852,0.01057262067,-0.007467956748,1,-0.2762521505,0.01294413768,0.04557593167,9.542742729,-0.1151351482,0.4595110416,-35.23542404
0.1552971601,0.257012248,0.009210993536,-0.008504057303,1,-0.2307590246,0.01253640186,-0.04668655992,6.12296772,-0.1611335278,0.4825702608,-42.71476746
0.1552971601,0.2618558407,0.008674458601,-0.01003145333,1,-0.2088866234,0.01326183509,-0.03426663578,7.794600487,-0.04211438447,0.4324810505,-49.14917374
0.1552971601,0.2666994035,0.007995250635,-0.01076478604,1,-0.2559806406,0.01340912562,0.05172213912,9.501653671,-0.04891768843,0.1927388608,-53.397892
0.1552971601,0.2715429962,0.007197659928,-0.01071447879,1,-0.2887194455,0.01290760841,0.05532699823,10.94678593,0.0071362257,-0.03710867465,-56.10800171
0.1552971601,0.276386559,0.006631380413,-0.01031706668,1,-0.2772573531,0.01226446405,0.006767485291,10.2368927,0.08154383302,-0.1203331798,-57.26877975
0.1552971601,0.2812301517,0.006249706261,-0.01009885687,1,-0.1877681017,0.01187626738,-0.06511707604,0,0.2467852235,-0.1171410829,-58.24859238
0.1552971601,0.2860737145,0.00691723451,-0.01006508432,1,-0.04582560062,0.01221286412,0.04384820908,0,0.3500725329,-0.1945786178,-55.50118637
0.1552971601,0.2909172773,0.007723345421,-0.008944021538,1,-0.1275088787,0.01181717403,0.06590099633,0,0.4812400341,-0.1740375757,-49.1887207
0.1552971601,0.29576087,0.008630558848,-0.008902923204,1,-0.2375331074,0.01239953935,-0.03225956485,0,0.6172530055,0.01810911298,-45.88995743
0.1552971601,0.3006044328,0.00956254825,-0.009187986143,1,-0.2828346491,0.01326127443,0.0812587291,0,0.782666564,0.1112305522,-43.85560608
0.1552971601,0.3054480255,0.01105153374,-0.009048094042,1,-0.2936370671,0.01428301074,0.289347887,0,0.948215127,0.2215926796,-39.30781555
0.1552971601,0.3102915883,0.01273304783,-0.008859808557,1,-0.8890773654,0.01551214699,0.2851403058,7.318796158,0.8205384612,0.1422959566,-34.83066177
0.1552971601,0.315135181,0.01071956009,-0.008356216364,1,-1.547262549,0.01359173656,-0.01880083978,42.58044434,1.08605206,-0.2022462338,-37.93747711
0.1552971601,0.3199787438,0.01049913932,-0.007971276529,1,-1.959258318,0.01318230573,-0.2605984509,39.53919983,1.650414348,-0.456561476,-37.20691299
0.1552971601,0.3248223364,0.009223651141,-0.007407054305,1,-4.15439415,0.01182963233,0.05616381764,150.88797,1.417584181,-0.6291971207,-38.76621246
0.1552971601,0.3296658993,-0.002756813541,-0.004651677795,1,-6.602890968,0.005407229066,0.05667743087,255,0.224157095,-0.6576846838,-120.6530762
0.1552971601,0.3345094621,-0.02167214826,-0.00394699676,1,-5.748560905,0.02202863619,0.2992172539,220.0033875,0.7374460697,0.2184593976,-169.6782532
0.1552971601,0.3393530548,-0.02702853642,-0.004260520916,1,-2.872560978,0.02736227028,-0.2509023249,90.68578339,1.637503862,0.1194947958,-171.0421448
0.1552971601,0.3441966176,-0.02765424177,-0.005741043948,1,-0.5871552229,0.02824387886,-0.5046502352,0,1.509047627,0.02962738276,-168.2719421
0.1552971601,0.3490402102,-0.02256327868,-0.006848336197,1,1.804380059,0.02357967943,-0.2039007694,0,0.2977632284,0.2533186078,-163.1160583
0.1601407379,0.237637952,0.01095680241,-0.003839058569,1,-0.2363724411,0.0116099054,0.08053043485,0,0.6119146347,0.4314340055,-19.30950737
0.1601407379,0.2424815297,0.0118662864,-0.004688872956,1,-0.1770436466,0.01275908668,0.06845350564,0,0.4280923307,0.4346143603,-21.56107712
0.1601407379,0.2473251075,0.01217277627,-0.005612587091,1,-0.3271408677,0.01340438798,-0.1150701195,7.086566448,0.2452550083,0.4411104918,-24.75333977
0.1601407379,0.2521686852,0.01146966591,-0.007382777054,1,-0.3596458733,0.0136403311,-0.07097181678,13.3151722,-0.07470870018,0.4519968927,-32.76851273
0.1601407379,0.257012248,0.01006894931,-0.008145622909,1,-0.543816328,0.01295125205,0.03419500589,20.80049706,0.06950433552,0.2883729637,-38.97231674
0.1601407379,0.2618558407,0.009172298945,-0.008613907732,1,-0.6153553724,0.01258294377,-0.06366291642,21.30907059,0.265578419,0.1828483641,-43.20180893
0.1601407379,0.2666994035,0.008374777623,-0.009339619428,1,-0.6212593913,0.01254453696,0.03817726299,22.59712982,0.2062922865,0.1353672445,-48.11761856
0.1601407379,0.2715429962,0.007162373513,-0.009084654972,1,-0.7053155303,0.01156851556,0.06287427247,25.11818886,0.2664806843,-0.04379107058,-51.74763107
0.1601407379,0.276386559,0.006249247119,-0.008822977543,1,-0.6542849541,0.0108119389,-0.001530647278,22.14268494,0.3158364892,-0.1278960258,-54.69035339
0.1601407379,0.2812301517,0.00552307209,-0.008472594433,1,-0.4379325807,0.01011381112,-0.1058642045,6.298903465,0.3924386799,-0.1542954743,-56.90067673
0.1601407379,0.2860737145,0.006028893869,-0.008588396944,1,-0.1900789142,0.01049324125,-0.100663811,0,0.5620449185,-0.2875740826,-54.93186569
0.1601407379,0.2909172773,0.007324712817,-0.007567282766,1,-0.07460156083,0.01053162757,0.0289375484,0,0.5885179043,-0.3887006044,-45.93318558
0.1601407379,0.29576087,0.008518087678,-0.006565534044,1,-0.2425112128,0.01075472217,0.002606973052,0,0.8607378602,-0.33935076,-37.62416077
0.1601407379,0.3006044328,0.01031914167,-0.005910983775,1,-0.4377499521,0.01189219952,0.05731310323,0,1.161741734,-0.1786911339,-29.80483246
0.1601407379,0.3054480255,0.01202479843,-0.005422429182,1,-0.7246290445,0.01319084968,0.01814137399,0,1.043067098,-0.2730879784,-24.27238464
0.1601407379,0.3102915883,0.01186152082,-0.004500391893,1,-1.260776162,0.01268657576,0.0281893909,41.43450546,0.6626275778,-0.6865795851,-20.77729797
0.1601407379,0.315135181,0.009127619676,-0.001960390247,1,-1.638164997,0.009335768409,0.2320662439,56.39328384,0.7071577907,-0.8823559284,-12.12159061
0.1601407379,0.3199787438,0.007352114655,0.0008973988006,1,-1.926352859,0.007406680379,0.07466763258,61.26034927,1.091849804,-1.295330286,6.959096432
0.1601407379,0.3248223364,0.005085638724,0.004675301258,1,-3.232857704,0.006908122916,0.1151857376,123.577858,0.4597610235,-2.056183815,42.59277725
0.1601407379,0.3296658993,-0.00607959507,0.01141459681,1,-4.604633331,0.01293269079,0.1238853335,177.8494873,-0.07495260239,-1.322337866,118.0404739
0.1601407379,0.3345094621,-0.01758022793,0.01168017462,1,-4.371915817,0.02110665478,0.09824895859,168.7719421,0.1714191437,1.098570228,146.400238
0.1601407379,0.3393530548,-0.02642502636,0.006569462828,1,-2.748625278,0.0272293929,-0.3448237777,102.560318,0.626201272,1.902095795,166.0388641
0.1601407379,0.3441966176,-0.02786035463,0.0007970448351,1,-0.9123852253,0.02787175216,-1.126830935,0,1.698973298,2.069881439,178.3612823
0.1601407379,0.3490402102,-0.0226151254,-0.008914062753,1,0.6577255726,0.02430852503,-1.837627649,0,1.508116961,2.172250032,-158.487442
0.1649843156,0.237637952,0.01204011496,-0.001813252107,1,-0.1197554171,0.01217588875,-0.03139615059,0,0.4444011748,0.3897645175,-8.564434052
0.1649843156,0.2424815297,0.01282633841,-0.002833214356,1,-0.3024118543,0.01313552633,0.0113068521,0,0.4357414246,0.4063531458,-12.45606709
0.1649843156,0.2473251075,0.01268590707,-0.003726689611,1,-0.4548022151,0.0132219689,-0.1088350415,9.283178329,0.3705270886,0.5631118417,-16.37100029
0.1649843156,0.2521686852,0.01241814531,-0.006087841466,1,-0.6656199098,0.01383011788,0.08418637514,23.27111244,0.2707602382,0.4571966529,-26.11582947
0.1649843156,0.257012248,0.01077337656,-0.005533391144,1,-0.8397573233,0.01211131923,0.2081180811,30.60560989,0.1860251427,0.1413783133,-27.185812
0.1649843156,0.2618558407,0.009251742624,-0.005764582194,1,-0.6694803834,0.01090069488,-0.009544245899,23.67996979,0.2694559693,0.2429724038,-31.92623711
0.1649843156,0.2666994035,0.008835827,-0.006756475195,1,-0.6264255643,0.01112302952,0.04318539053,22.58277702,0.2214249969,0.09333967417,-37.4039917
0.1649843156,0.2715429962,0.0072900909,-0.006007508375,1,-0.7812747955,0.009446458891,0.09200645238,29.00106239,0.1967203319,-0.1429989785,-39.49074173
0.1649843156,0.276386559,0.006004492287,-0.005618208088,1,-0.845967114,0.008223027922,-0.03542516753,29.34733963,0.3710107207,-0.02110089175,-43.09645844
0.1649843156,0.2812301517,0.004989602603,-0.006076889113,1,-0.6894831657,0.00786286965,-0.112305969,18.24754715,0.4896891117,0.05366761982,-50.61131668
0.1649843156,0.2860737145,0.005036774091,-0.006422114093,1,-0.507144928,0.008161656559,-0.09248074889,0,0.7117881775,-0.1636552811,-51.89340973
0.1649843156,0.2909172773,0.005980805028,-0.005732150748,1,-0.2946513295,0.0082841767,0.04276171327,0,0.6998766065,-0.5483020544,-43.78385162
0.1649843156,0.29576087,0.006999514066,-0.003559250617,1,-0.260804534,0.007852481678,0.103613168,0,0.8789094687,-0.7823903561,-26.95332146
0.1649843156,0.3006044328,0.008974644355,-0.001440723776,1,-0.5244092941,0.009089550003,-0.02167549729,0,1.106038332,-0.6561507583,-9.120033264
0.1649843156,0.3054480255,0.009816680104,-0.000486120407,1,-0.9608328342,0.009828709066,-0.2797914445,0,1.078398705,-0.6714587212,-2.834961653
0.1649843156,0.3102915883,0.009544083849,0.0004563469556,1,-1.360658169,0.009554987773,-0.09568458796,39.37104797,0.8967761397,-0.8161556721,2.737492085
0.1649843156,0.315135181,0.00756983133,0.003003537189,1,-1.633869171,0.008143928833,0.3273836672,57.18372726,0.610386312,-0.9508606195,21.6420536
0.1649843156,0.3199787438,0.004586764611,0.006647622678,1,-1.94418788,0.008076465689,0.1941776872,73.55799103,0.3446353674,-1.349081039,55.3948822
0.1649843156,0.3248223364,-0.0001777248399,0.01047843136,1,-2.450148582,0.01047993824,0.1833640933,93.86126709,-0.2644513845,-2.013474703,90.97169495
0.1649843156,0.3296658993,-0.008561612107,0.01728818193,1,-2.126466751,0.01929203048,0.5055372715,67.20259857,-1.114440203,-1.059543133,116.3459625
0.1649843156,0.3345094621,-0.01587526128,0.01805899665,1,-1.703498363,0.0240447782,-0.113399744,62.12374115,-0.5518913865,0.9606964588,131.3179932
0.1649843156,0.3393530548,-0.01948576793,0.01208571345,1,-1.573309779,0.02292944863,-0.2222917676,60.09912872,0.08448433876,2.080080986,148.191452
0.1649843156,0.3441966176,-0.02308650315,0.006907274481,1,-1.043450713,0.02409765683,-0.3684805632,24.48335075,0.7426934242,2.690232277,163.3432922
0.1649843156,0.3490402102,-0.02094250917,-0.002729399363,1,-0.7270802259,0.02111961879,-1.194482327,0,1.612371087,2.784660578,-172.574585
0.1698278934,0.237637952,0.01269258745,-0.001106522395,1,0.005696162581,0.01274072938,-0.04877215624,0,0.4884293079,-0.04586199671,-4.98237133
0.1698278934,0.2424815297,0.013889255,-0.001113570179,1,-0.148827821,0.01393382438,0.0663459748,0,0.4957849681,0.171334058,-4.583880424
0.1698278934,0.2473251075,0.01437310129,-0.001615040353,1,-0.350064069,0.01446355414,0.1149297357,0,0.3919012845,0.4728834629,-6.411175728
0.1698278934,0.2521686852,0.01409189682,-0.002847346943,1,-0.8483397961,0.01437668037,0.04282280803,30.48253632,0.3092046082,0.3653380275,-11.42313576
0.1698278934,0.257012248,0.0117617622,-0.003177165519,1,-0.8181936741,0.0121833263,0.03587915003,31.55663681,0.03592675924,0.2875009179,-15.11633873
0.1698278934,0.2618558407,0.01030292641,-0.004066096619,1,-0.6567592025,0.01107625477,-0.03339654207,25.08470726,0.09401094913,0.3910467029,-21.53689575
0.1698278934,0.2666994035,0.009036047384,-0.005232989322,1,-0.7669445276,0.01044195052,-0.03138642758,29.49702263,0.06755673885,0.02674478292,-30.07615089
0.1698278934,0.2715429962,0.006915387232,-0.004347659647,1,-0.7260255814,0.008168520406,0.1258462071,27.3907032,0.09413966537,-0.3499464393,-32.1573143
0.1698278934,0.276386559,0.005975458771,-0.002928450704,1,-0.6710935831,0.006654466968,0.08783506602,22.43390656,0.3249993324,-0.2397074699,-26.10853386
0.1698278934,0.2812301517,0.005239052698,-0.00276118191,1,-0.7444296479,0.005922144745,0.005531765521,21.33503151,0.4993257821,-0.0448547937,-27.79095268
0.1698278934,0.2860737145,0.004788279068,-0.002684399486,1,-0.7830855846,0.005489409436,-0.09196864814,12.41948223,0.708148241,-0.09423404187,-29.27581024
0.1698278934,0.2909172773,0.004876088817,-0.0027502093,1,-0.6470211744,0.00559820421,-0.03715023398,0,0.7382963896,-0.375569284,-29.4238472
0.1698278934,0.29576087,0.005230377428,-0.001045240555,1,-0.2897442877,0.005333795678,0.2103470564,0,0.7356851101,-0.7675305605,-11.30113792
0.1698278934,0.3006044328,0.007036037743,0.001986216754,1,-0.3611391783,0.007311011199,0.1241150796,0,0.8126580715,-1.011406541,15.76394463
0.1698278934,0.3054480255,0.007417344488,0.004454746842,1,-0.7286080718,0.00865226984,-0.04331946373,0,0.8130319715,-0.9615353346,30.98840141
0.1698278934,0.3102915883,0.007444951683,0.006433666684,1,-1.07420218,0.009839683771,0.036762923,27.49973488,0.8038268089,-0.883030057,40.83242798
0.1698278934,0.315135181,0.006107760128,0.00890983548,1,-1.560125113,0.01080230996,0.2239336073,57.76867294,0.3860547543,-0.9218776226,55.56906891
0.1698278934,0.3199787438,0.001758249942,0.01198349241,1,-1.828932524,0.01211179327,0.2556076348,69.49997711,-0.2122042179,-1.055832148,81.65296173
0.1698278934,0.3248223364,-0.003778644372,0.01526189595,1,-1.677689552,0.01572271064,0.04568699002,61.92575073,-0.4945096374,-0.8488861918,103.9060364
0.1698278934,0.3296658993,-0.00876296591,0.01631642692,1,-0.7846579552,0.01852067374,0.3352476358,0,-1.217512131,-0.07688209414,118.2386322
0.1698278934,0.3345094621,-0.0134762805,0.01725807227,1,-0.5446279049,0.02189637348,0.3939986229,0,-1.244073272,0.7485525608,127.9851456
0.1698278934,0.3393530548,-0.01742667891,0.01459911745,1,-0.4575628638,0.02273374982,-0.169262886,14.68740654,-0.1904064864,1.443119526,140.045578
0.1698278934,0.3441966176,-0.01661477052,0.009448372759,1,-0.04929253459,0.01911340654,-0.3098033071,0,0.568269372,2.205251932,150.3742828
0.1698278934,0.3490402102,-0.01491297409,0.002417251701,1,-0.4159214795,0.01510761026,-0.3510838747,0,1.118621469,2.552183151,170.792984
0.1746714562,0.237637952,0.01158174779,0.0005248998059,1,0.1372210979,0.01159363613,-0.2599229515,0,0.8520519733,-0.1625210345,2.594943285
0.1746714562,0.2424815297,0.01397755835,0.000289012969,1,0.06991139054,0.01398054603,-0.1238313764,0,0.7458645105,0.01198314503,1.184531927
0.1746714562,0.2473251075,0.01553302165,-0.0001329283405,1,-0.3000023365,0.01553358976,-0.005977392197,0,0.3862077594,0.1530386806,-0.4903132915
0.1746714562,0.2521686852,0.014395101,-0.0004811936815,1,-0.8214232922,0.01440314204,-0.1503779143,30.57052231,0.162130475,0.1104772836,-1.914547443
0.1746714562,0.257012248,0.0123396907,-0.001396398875,1,-0.7544976473,0.01241844986,-0.0814018175,28.92084885,0.05025488138,0.2586320341,-6.456307411
0.1746714562,0.2618558407,0.01098404638,-0.002128174063,1,-0.8257077932,0.01118831523,-0.06795550883,31.57496071,0.09766206145,0.2041802555,-10.9652729
0.1746714562,0.2666994035,0.008813344873,-0.00271450961,1,-1.181655645,0.009221908636,-0.09583505243,44.88492966,0.1949055493,-0.1150757298,-17.11882973
0.1746714562,0.2715429962,0.006204645615,-0.002034980338,1,-1.007368565,0.006529836915,0.05035127699,37.3923111,0.2755836844,-0.3462455869,-18.15829659
0.1746714562,0.276386559,0.005268887617,-0.0007935619215,1,-0.6521674991,0.005328312982,0.04407645762,20.89391708,0.361988008,-0.3651888967,-8.56510067
0.1746714562,0.2812301517,0.004799138755,-5.267186862e-05,1,-0.650590241,0.00479942793,0.03723184764,19.26110268,0.4164659381,-0.2919347286,-0.628811717
0.1746714562,0.2860737145,0.004134888295,0.0008007819997,1,-0.6295889616,0.004211716354,0.01771911979,16.56250954,0.4608350694,-0.1950176954,10.96048737
0.1746714562,0.2909172773,0.003981769085,0.0009777322412,1,-0.5821612477,0.004100054502,-0.1083535925,0,0.6164062619,-0.2336135805,13.79614544
0.1746714562,0.29576087,0.004300756846,0.001407488482,1,-0.4702375829,0.004525210708,0.05300739408,0,0.6137712598,-0.6214761734,18.12147522
0.1746714562,0.3006044328,0.004676985554,0.004244645592,1,-0.3532000482,0.006315948907,0.108360678,0,0.4871585667,-1.042324543,42.2256279
0.1746714562,0.3054480255,0.004949595314,0.006980921607,1,-0.2855695784,0.008557555266,0.1506609321,0,0.4441598356,-0.9452369809,54.66269684
0.1746714562,0.3102915883,0.005445129704,0.009552712552,1,-0.4370813966,0.01099562459,0.2098990977,10.1154356,0.2801096439,-0.9151111841,60.31647873
0.1746714562,0.315135181,0.004189290572,0.01242999639,1,-0.8168187141,0.01311697252,0.1960137784,30.00689888,-0.1606217027,-0.8209301233,71.37460327
0.1746714562,0.3199787438,0.0007108209538,0.01447835937,1,-0.9612320662,0.01449579746,0.2635269165,21.22266579,-0.7435752749,-0.51673311,87.18929291
0.1746714562,0.3248223364,-0.004068076611,0.01620924659,1,-0.6191085577,0.01671193913,0.1837610453,0,-1.036903143,0.03650157154,104.0886765
0.1746714562,0.3296658993,-0.007310200483,0.01519162208,1,-0.3408399224,0.01685895771,0.2043644488,0,-0.9543136954,0.5219122171,115.6968384
0.1746714562,0.3345094621,-0.01034123451,0.01467118412,1,-0.142903626,0.01794950664,0.3742801249,0,-1.096996784,0.7483668327,125.1787491
0.1746714562,0.3393530548,-0.01331575401,0.01337970421,1,0.08405596018,0.01887659356,0.3206745088,0,-0.8199850917,1.306042194,134.8627472
0.1746714562,0.3441966176,-0.01390576456,0.009898479097,1,0.5050317049,0.01706898212,-0.251763761,16.25409126,0.1214520782,1.539564371,144.5557709
0.1746714562,0.3490402102,-0.01028133091,0.004703267477,1,0.5579674244,0.01130603813,-0.5630862117,0,0.938621521,1.582103014,155.4179382
0.179515034,0.237637952,0.01064645033,0.002355811186,1,0.2810901105,0.01090397872,-0.1649802327,0,0.834225893,-0.08431468159,12.4771719
0.179515034,0.2424815297,0.01334751025,0.002160456264,1,0.08158227801,0.01352122799,-0.2077205777,0,0.8348792791,-0.07411173731,9.194274902
0.179515034,0.2473251075,0.01508540288,0.001708666445,1,-0.3971039653,0.01518186182,-0.2333943695,0,0.5108886361,-0.1830407828,6.462135315
0.179515034,0.2521686852,0.01389863528,0.001916564768,1,-0.7556410432,0.01403015666,-0.2461930215,25.90917969,0.2466748357,-0.04222027212,7.851337433
0.179515034,0.257012248,0.01262018923,0.0007207101444,1,-0.7972329855,0.01264075097,-0.1752286553,29.13292122,0.1910912693,0.1365769506,3.268481016
0.179515034,0.2618558407,0.01096274052,0.0004063100787,1,-1.09268856,0.01097026747,0.01557741314,41.86353302,0.1417998672,-0.1317871511,2.122571707
0.179515034,0.2666994035,0.008014486171,0.001434481819,1,-1.401143312,0.008141850121,0.03442601115,53.1158905,0.2696371675,-0.2670246959,10.14769554
0.179515034,0.2715429962,0.005482202396,0.001866410021,1,-1.098711371,0.005791202653,-0.01570935175,40.15428925,0.3566239178,-0.129096821,18.80108833
0.179515034,0.276386559,0.004420128185,0.001983682858,1,-0.7421072125,0.004844845738,-0.03842761368,23.1245842,0.4372043014,-0.1500743628,24.16977882
0.179515034,0.2812301517,0.004005381372,0.00240717968,1,-0.5475165248,0.004673071206,-0.06250500679,12.01979351,0.4462262988,-0.1891599596,31.00529099
0.179515034,0.2860737145,0.003929520957,0.002597145969,1,-0.4612320662,0.00471023377,0.005856595933,13.56818199,0.2990302742,-0.1279203296,33.46199417
0.179515034,0.2909172773,0.003219746752,0.003055136651,1,-0.55275774,0.004438539036,0.03816369176,18.93690872,0.2528633475,-0.2938401699,43.49729538
0.179515034,0.29576087,0.002476959024,0.004205232486,1,-0.556575954,0.00488050282,-0.01090842485,14.51718998,0.4105209708,-0.6305776834,59.50113678
0.179515034,0.3006044328,0.002512318315,0.006056552753,1,-0.3043475151,0.006556948647,-0.007822453976,0,0.5297594666,-0.7890652418,67.47084808
0.179515034,0.3054480255,0.003568759421,0.007989242673,1,0.04086492211,0.008750088513,0.1927584857,0,0.272310406,-0.6022899747,65.92990112
0.179515034,0.3102915883,0.004029207397,0.009907431901,1,-0.1345429271,0.01069540624,0.1455211639,0,0.03382696211,-0.7007395029,67.86914825
0.179515034,0.315135181,0.00308093382,0.01208817214,1,-0.2819844782,0.01247461606,0.07417577505,0,-0.4400808215,-0.572101891,75.70134735
0.179515034,0.3199787438,0.0005318279145,0.01303772815,1,-0.3560672998,0.01304857153,0.03673882782,0,-0.8398917913,-0.2007108778,87.66411591
0.179515034,0.3248223364,-0.002711786889,0.01323827822,1,-0.1751898527,0.01351317111,0.2618797719,0,-1.017528057,0.1984358728,101.5765686
0.179515034,0.3296658993,-0.005245193839,0.01334502362,1,-0.1943448484,0.01433881838,0.3824735582,0,-0.905439496,0.5066430569,111.4570541
0.179515034,0.3345094621,-0.008038661443,0.01263685524,1,-0.03590855002,0.01497698855,0.2047722936,0,-0.8523539305,0.8498930335,122.461586
0.179515034,0.3393530548,-0.009547562338,0.01022033114,1,0.3216603994,0.01398610417,0.1387297511,0,-0.8044763803,1.180599451,133.0507965
0.179515034,0.3441966176,-0.01037721802,0.00759047782,1,0.3250764012,0.01285698358,-0.04277151823,0,-0.4137983918,1.187590599,143.8161774
0.179515034,0.3490402102,-0.009977294132,0.004260976799,1,0.1989945173,0.0108490698,-0.6517588496,0,-0.03385930508,0.7230475545,156.8742523
0.1843586117,0.237637952,0.01037426852,0.003204056062,1,0.3000453115,0.0108577814,0.09776346385,0,0.6241529584,-0.205156967,17.16311836
0.1843586117,0.2424815297,0.0126124816,0.003937665373,1,-0.002286791801,0.01321286894,-0.09903052449,0,0.6509224176,-0.3180727959,17.33856583
0.1843586117,0.2473251075,0.01351598557,0.004265004303,1,-0.4401579499,0.01417293586,-0.2361115813,0,0.519782424,-0.3261144161,17.51322746
0.1843586117,0.2521686852,0.0129981488,0.004373601172,1,-0.5693970919,0.01371423528,-0.262571305,16.04457092,0.2878883481,-0.0820479095,18.5969944
0.1843586117,0.257012248,0.0121524781,0.003390626516,1,-0.801898241,0.01261661947,-0.1589806378,28.52644157,0.2698589861,-0.05111936107,15.58947468
0.1843586117,0.2618558407,0.01042117551,0.003851166693,1,-1.178919911,0.01111001335,0.188567251,43.86095428,0.2569273412,-0.2217532098,20.28189468
0.1843586117,0.2666994035,0.007686735131,0.005378045607,1,-1.211164117,0.009381325915,0.1968399286,45.55677795,0.1958175898,-0.04324752092,34.97866821
0.1843586117,0.2715429962,0.005503265653,0.005014048889,1,-0.9748606086,0.007444905583,0.08561752737,35.84773636,0.2871723771,0.1804896742,42.33678436
0.1843586117,0.276386559,0.004355863668,0.004918524995,1,-0.821172595,0.006570040714,0.03291442245,27.14254379,0.4241343737,0.08524147421,48.47177887
0.1843586117,0.2812301517,0.003580179997,0.004760598764,1,-0.5878890753,0.005956592038,-0.06809969246,15.66861343,0.4202029705,0.02178288251,53.05522537
0.1843586117,0.2860737145,0.003543663071,0.004483171739,1,-0.5362282991,0.00571457576,-0.04934039712,15.11539841,0.363462925,-0.07395489514,51.67586899
0.1843586117,0.2909172773,0.002743380144,0.004879820626,1,-0.7368428707,0.00559810549,0.05134111643,26.68800735,0.2516655326,-0.2807534635,60.65579605
0.1843586117,0.29576087,0.001193668926,0.006091697607,1,-0.6858620048,0.006207546219,0.1853758842,22.95910835,0.288184464,-0.517593503,78.91335297
0.1843586117,0.3006044328,0.0008171979571,0.008284707554,1,-0.1689004302,0.008324913681,0.1152122766,0,0.5348135829,-0.2998214364,84.36660767
0.1843586117,0.3054480255,0.002965997672,0.008101945743,1,0.1019611061,0.008627784438,0.1229082197,0,0.2982984781,-0.3072526455,69.89310455
0.1843586117,0.3102915883,0.002755886409,0.01036822516,1,-0.2020367086,0.01072823349,0.1841279864,2.742916107,-0.04332964867,-0.5513404608,75.11489105
0.1843586117,0.315135181,0.001777546713,0.01166424435,1,-0.2250858545,0.01179890987,-0.02046589553,0,-0.3611082733,-0.3852154613,81.33520508
0.1843586117,0.3199787438,-8.339043416e-05,0.01213491801,1,-0.1900075972,0.01213520393,0.01210717857,0,-0.556558013,-0.08391104639,90.39372253
0.1843586117,0.3248223364,-0.001838502008,0.01212931611,1,-0.05951955914,0.01226786058,0.1921609044,0,-0.5434033871,0.2721716464,98.6190033
0.1843586117,0.3296658993,-0.003003694816,0.01174737979,1,0.007612764835,0.01212530956,0.2448044717,0,-0.7084148526,0.5364593267,104.3426971
0.1843586117,0.3345094621,-0.005232880823,0.0107166674,1,0.01986789703,0.01192602143,0.08324661851,0,-0.8295556307,0.8723753691,116.0259552
0.1843586117,0.3393530548,-0.00692548044,0.007925173268,1,-0.02597877383,0.01052476373,-0.01978224516,0,-0.6197966337,0.888014853,131.1488647
0.1843586117,0.3441966176,-0.008360744454,0.006319681648,1,-0.2472477853,0.01048047747,-0.0881857574,0,-0.3743088543,0.809859395,142.9152679
0.1843586117,0.3490402102,-0.009936038405,0.00357542187,1,-0.4525150955,0.01055975817,-0.4638363123,0,-0.1979499757,0.6693142653,160.2090607
0.1892021894,0.237637952,0.01012628153,0.003925651778,1,0.07283990085,0.01086058561,0.1434206218,0,0.4230564833,-0.4341170192,21.18980026
0.1892021894,0.2424815297,0.01132723782,0.00532432599,1,-0.09107653797,0.01251618005,0.1883433461,0,0.5527055264,-0.3138805628,25.17569542
0.1892021894,0.2473251075,0.01236221753,0.006358212326,1,-0.38296175,0.01390148513,0.07990912348,0,0.5692306161,-0.07381346077,27.21794701
0.1892021894,0.2521686852,0.01222944539,0.006068893243,1,-0.6738083363,0.01365250163,0.02472063154,16.67262268,0.5169687271,0.1168763861,26.39302254
0.1892021894,0.257012248,0.01160255354,0.005911849439,1,-0.9851645827,0.01302187424,0.1783592105,26.26618958,0.690456152,-0.08839702606,27.0002079
0.1892021894,0.2618558407,0.01080200169,0.007360947784,1,-1.247991443,0.01307160221,0.4017490149,37.85115433,0.6607952118,-0.08084005117,34.27219772
0.1892021894,0.2666994035,0.008758422919,0.008249307051,1,-1.244311094,0.01203166787,0.3058564961,43.80395889,0.4120979309,0.1782200336,43.28539658
0.1892021894,0.2715429962,0.006771113258,0.007979164831,1,-1.274406195,0.01046494395,0.2290009707,44.47787094,0.4968823791,0.2772882283,49.68208694
0.1892021894,0.276386559,0.004992425442,0.008015424013,1,-1.1242975,0.00944305677,0.1372179389,38.41441727,0.506970644,0.2795120776,58.08319092
0.1892021894,0.2812301517,0.003781042295,0.007289952133,1,-0.8455156088,0.008212166838,0.01019506902,26.26627922,0.5027742386,0.2291558087,62.58581543
0.1892021894,0.2860737145,0.003332330612,0.006954870652,1,-0.7491428852,0.007711980958,0.06281001121,24.26159286,0.4038449526,-0.0513831526,64.39923096
0.1892021894,0.2909172773,0.002108570188,0.0078430539,1,-0.87851125,0.008121549152,0.2061558515,29.74788857,0.369694531,-0.2002031654,74.95209503
0.1892021894,0.29576087,0.0008678372833,0.00892310217,1,-0.6172484159,0.00896520447,0.2174346149,10.03719902,0.5159966946,-0.1174402237,84.44503784
0.1892021894,0.3006044328,0.001618149457,0.009465046227,1,-0.206781894,0.009602369741,-0.05520750582,0,0.5800670385,-0.05874123052,80.29847717
0.1892021894,0.3054480255,0.002675872762,0.008940218017,1,-0.2315336466,0.009332084097,-0.1350604594,0,0.3621056676,-0.3851020038,73.33717346
0.1892021894,0.3102915883,0.002250585239,0.01067614183,1,-0.2547323704,0.0109107811,0.1464263201,7.623175144,-0.06732045114,-0.367474556,78.09604645
0.1892021894,0.315135181,0.001115984749,0.01142933685,1,-0.108801268,0.0114836907,0.03345162794,0,-0.3178554475,-0.0875685662,84.42319489
0.1892021894,0.3199787438,0.0001840402692,0.01126231253,1,0.02392826974,0.01126381662,-0.02839791961,0,-0.3498734236,0.08201380819,89.063797
0.1892021894,0.3248223364,-0.0004627560556,0.01089454908,1,0.05255304277,0.01090437267,-0.0502320379,0,-0.3922032118,0.235801205,92.43222046
0.1892021894,0.3296658993,-0.001461081789,0.009876888245,1,-0.04666727781,0.009984371252,-0.1191589832,0,-0.5618260503,0.3705513179,98.41469574
0.1892021894,0.3345094621,-0.003410031786,0.008522606455,1,-0.1978117824,0.009179495275,-0.02527447045,0,-0.6034819484,0.4976365566,111.8071442
0.1892021894,0.3393530548,-0.005342210177,0.007344128098,1,-0.2744675577,0.009081598371,0.2362500727,0,-0.4422968328,0.5557574034,126.0326157
0.1892021894,0.3441966176,-0.006881735753,0.006975047756,1,-0.5642723441,0.009798447601,0.1761078686,19.4119339,-0.1872042567,0.5580869317,134.6141815
0.1892021894,0.3490402102,-0.008982045576,0.005493982695,1,-0.987573266,0.01052905433,0.1854577363,0,0.1203203499,0.7970141172,148.5474396
0.1940457672,0.237637952,0.008966257796,0.00490035722,1,0.4260216355,0.01021798793,0.205528453,0,0.828494966,-0.684523046,28.6580677
0.1940457672,0.2424815297,0.01200443227,0.007055873983,1,0.1152202785,0.01392450184,0.5503219366,0,0.8302074671,-0.270696193,30.44583893
0.1940457672,0.2473251075,0.01354551036,0.008877022192,1,-0.3466514945,0.01619513519,0.5628003478,0,0.6934102178,-0.07419754565,33.23874664
0.1940457672,0.2521686852,0.01368398499,0.01014122274,1,-0.9395899177,0.01703220047,0.5717557073,0,0.7419478297,0.02884972095,36.542202
0.1940457672,0.257012248,0.01258821692,0.01150662545,1,-1.331455231,0.01705478318,0.5085731745,0,0.9787279963,-0.1015751213,42.42977905
0.1940457672,0.2618558407,0.01197552308,0.01309652347,1,-1.44810009,0.01774632558,0.4378384054,0,0.9202218056,0.04672959447,47.56005478
0.1940457672,0.2666994035,0.01003139745,0.01340099145,1,-1.478594542,0.01673963852,0.3141116798,0,0.6486282349,0.2115222961,53.18307877
0.1940457672,0.2715429962,0.007955516689,0.01359342318,1,-1.536631227,0.01575028151,0.1845241785,0,0.7815965414,0.3045372069,59.6618042
0.1940457672,0.276386559,0.006374327932,0.01281969901,1,-1.323873878,0.01431700867,0.04764321446,0,0.6598973274,0.5229691267,63.56209564
0.1940457672,0.2812301517,0.004739494529,0.01129114535,1,-1.112576723,0.01224552002,-0.08620038629,0,0.5395875573,0.4819624722,67.22961426
0.1940457672,0.2860737145,0.003599009942,0.01006775815,1,-0.8457655907,0.01069170795,0.01732338592,0,0.4396013916,0.09279328585,70.32910919
0.1940457672,0.2909172773,0.002772212494,0.01092560217,1,-0.8347246051,0.01127182133,0.2931907773,0,0.4381148219,-0.01916098595,75.76250458
0.1940457672,0.29576087,0.001677999506,0.01158065815,1,-0.8074657917,0.01170159504,0.2880715132,0,0.2898867428,0.04645897448,81.75540924
0.1940457672,0.3006044328,0.0002652784169,0.01209587138,1,-0.6702792645,0.0120987799,-0.3415983319,0,0.416035533,-0.2170263529,88.74362946
0.1940457672,0.3054480255,0.0004465503443,0.01097728405,1,-0.2739904821,0.01098636258,-0.5449016094,0,0.5671505928,-0.3756255209,87.67051697
0.1940457672,0.3102915883,0.001685222029,0.01127596945,1,-0.01350019127,0.01140120439,-0.1503368318,0,0.2341793776,-0.08311175555,81.49991608
0.1940457672,0.315135181,0.001515427139,0.01065167412,1,0.004790440202,0.01075893454,-0.01576358825,0,-0.3163204193,0.1807005107,81.90280151
0.1940457672,0.3199787438,0.0001763022883,0.01032438036,1,-0.05979526043,0.01032588538,-0.07143949717,0,-0.4470842481,0.06824434549,89.02169037
0.1940457672,0.3248223364,-0.0009396832902,0.009975104593,1,-0.01274572313,0.01001926698,-0.2091497928,0,-0.3924008012,0.0122179985,95.38153839
0.1940457672,0.3296658993,-0.00178605644,0.009252168238,1,-0.07802510262,0.009422983043,-0.1933782548,0,-0.335983187,0.0591904074,100.9260864
0.1940457672,0.3345094621,-0.002944958396,0.008751772344,1,-0.1818496585,0.009233974852,-0.1248810738,0,-0.08722296357,0.3169181943,108.5980072
0.1940457672,0.3393530548,-0.003089330625,0.007112279069,1,-0.1441040635,0.007754255552,0.4025977552,0,-0.2398386896,0.5276566148,113.4784775
0.1940457672,0.3441966176,-0.004804614931,0.008146040142,1,-0.4573079944,0.009457393549,0.6176791191,0,0.0262157321,0.240001291,120.5325089
0.1940457672,0.3490402102,-0.005177359562,0.008941590786,1,-0.7887457609,0.01033233292,0.9497595429,0,0.6348333359,0.6212634444,120.0716934
