PIVlab, ASCII chart output - 13-Mar-2024
FRAME: 74, filenames: A:[74]2 vortices tapados mismo sentido clase 4.mp4 & B:[75]2 vortices tapados mismo sentido clase 4.mp4, conversion factor xy (px -> m): 0.00030272, conversion factor uv (px/frame -> m/s): 0.0090842
x [m],y [m],u [m/s],v [m/s],Vector type [-],vorticity [1/s],magnitude [m/s],divergence [1/s],dcev [1],simple shear [1/s],simple strain [1/s],vector direction [degrees]
0.1262357086,0.237637952,0.005834029522,-0.006355317309,1,0.1324130893,0.008627047762,0.3583856821,0,0.3714319468,0.7781928778,-47.44881058
0.1262357086,0.2424815297,0.007054235786,-0.007372001652,1,0.3044667542,0.01020336431,0.2204099596,0,0.3320197761,0.6597397327,-46.26184464
0.1262357086,0.2473251075,0.008916901425,-0.008483245037,1,0.1638652384,0.01230758242,0.07907661796,0,0.3565533459,0.3081320524,-43.5723381
0.1262357086,0.2521686852,0.009574923664,-0.008481449448,1,-0.09970804304,0.01279117446,0.05035804957,0,0.1508949548,0.1570118368,-41.53446198
0.1262357086,0.257012248,0.009164828807,-0.008999830112,1,-0.291529268,0.01284488291,0.02099367231,0,0.1391259432,0.2181209326,-44.47956848
0.1262357086,0.2618558407,0.008836746216,-0.009436250664,1,-0.3182160556,0.01292791124,0.08262817562,0,0.1640591323,0.1214544773,-46.87909698
0.1262357086,0.2666994035,0.008418157697,-0.009187888354,1,-0.1937709302,0.01246124692,0.1711043268,0,0.05805228651,0.03797876835,-47.50336075
0.1262357086,0.2715429962,0.008179382421,-0.008791446686,1,-0.08280215412,0.01200799085,0.215155974,0,-0.05946430191,0.0839497596,-47.06551361
0.1262357086,0.276386559,0.007729079109,-0.008552380838,1,0.05481154472,0.01152744051,0.211892128,0,-0.2644690275,0.2131490707,-47.89479828
0.1262357086,0.2812301517,0.007163890172,-0.008797534741,1,0.02619685978,0.01134539302,0.1392457038,0,-0.2647269666,0.2783100009,-50.843853
0.1262357086,0.2860737145,0.006573739927,-0.009225949645,1,-0.06938123703,0.01132838055,0.0197969079,0,-0.138720274,0.3220577836,-54.5290947
0.1262357086,0.2909172773,0.006155937444,-0.01026155427,1,-0.04472434521,0.01196641382,0.1312625408,0,-0.08135838807,0.483586967,-59.04032516
0.1262357086,0.29576087,0.005963048432,-0.01093246043,1,-0.03524236009,0.01245297771,0.2708700299,0,-0.1238467395,0.3921638131,-61.38999176
0.1262357086,0.3006044328,0.005385376979,-0.01084905025,1,0.1774706692,0.01211214997,0.2033108771,0,-0.2879926562,0.4064549506,-63.60058975
0.1262357086,0.3054480255,0.005427726544,-0.01191640459,1,0.3740858436,0.01309430879,0.04093831778,0,-0.4453369975,0.274045378,-65.51151276
0.1262357086,0.3102915883,0.005040266551,-0.01197812241,1,0.3264701366,0.01299537253,-0.06488084048,0,-0.7533397675,0.1097929403,-67.17916107
0.1262357086,0.315135181,0.003360150382,-0.01276245061,1,-0.02865990996,0.01319737639,-0.1721938699,0,-0.7851344347,0.4740107656,-75.24967957
0.1262357086,0.3199787438,0.001098590437,-0.01510806475,1,-0.4708574712,0.01514795423,-0.3678953648,0,-0.3786447644,0.8170261383,-85.84102631
0.1262357086,0.3248223364,-0.0007544796681,-0.01850171015,1,-1.017696381,0.01851708815,-0.5895498991,0,0.356458813,0.3453900814,-92.3351593
0.1262357086,0.3296658993,-0.002104165033,-0.01963651925,1,-1.580022097,0.01974893361,-0.8784605861,0,0.6492755413,-0.3673544526,-96.1162262
0.1262357086,0.3345094621,-0.005262609571,-0.02097728476,1,-2.191759825,0.02162733302,-0.3329240084,0,0.6923323274,-0.9521740675,-104.0832443
0.1262357086,0.3393530548,-0.009366758168,-0.01663713343,1,-1.740437984,0.01909267902,1.26205349,0,-0.4285117984,-1.727673769,-119.3796463
0.1262357086,0.3441966176,-0.01576808654,-0.006496308837,1,-1.255853176,0.01705387235,5.165984154,0,-3.437565804,-2.162534714,-157.6087952
0.1262357086,0.3490402102,-0.03209969774,0.01885911822,1,2.753774643,0.03722978383,9.700597763,0,-9.497368813,-0.7690811157,149.565033
0.1310792714,0.237637952,0.008586574346,-0.00577646587,1,0.06837368011,0.01034875866,0.04011112452,0,0.1790432334,0.6713835001,-33.92999649
0.1310792714,0.2424815297,0.00918576587,-0.007305274252,1,0.1025780961,0.01173649542,0.04869925976,0,0.1592245996,0.5111942887,-38.49459839
0.1310792714,0.2473251075,0.009854636155,-0.008016596548,1,0.004992648959,0.01270352956,0.0596998632,0,0.1790370792,0.1772306561,-39.12783051
0.1310792714,0.2521686852,0.01007712819,-0.007874543779,1,-0.06337141246,0.01278893836,0.07180184126,0,0.04051141441,0.05947226286,-38.00504303
0.1310792714,0.257012248,0.009743912145,-0.007956877351,1,-0.1853271127,0.01257997286,0.04351153225,6.854850292,0.03128015995,0.1248030439,-39.23506927
0.1310792714,0.2618558407,0.009330989793,-0.008268285543,1,-0.2471162379,0.01246723346,-0.004576940089,9.059056282,0.07794359326,0.1236650944,-41.54448318
0.1310792714,0.2666994035,0.008924511261,-0.008578027599,1,-0.1327358484,0.01237858832,0.008587595075,4.820092201,0.04452860355,0.1049300134,-43.86590958
0.1310792714,0.2715429962,0.00890375115,-0.008734927513,1,0.004008684307,0.01247300114,0.001601904631,0,-0.0382964164,0.1559467018,-44.45162582
0.1310792714,0.276386559,0.008758435957,-0.009325608611,1,0.04717490822,0.01279363781,0.02965871245,0,-0.1976075768,0.1880460083,-46.79638672
0.1310792714,0.2812301517,0.008175118826,-0.009502088651,1,-0.04258421808,0.0125348419,0.1068249717,0,-0.2375390232,0.1209188923,-49.29294968
0.1310792714,0.2860737145,0.007401637267,-0.009393873625,1,-0.04727163538,0.0119594764,0.01917668432,0,-0.06218296662,0.1942926645,-51.76465988
0.1310792714,0.2909172773,0.007644968573,-0.01035027392,1,-0.01393024623,0.01286754478,0.005805268884,0,0.04843660071,0.3677623272,-53.54950714
0.1310792714,0.29576087,0.007568771485,-0.01114704087,1,-0.1016541347,0.01347378269,0.07351633906,1.410005331,-0.05997682363,0.4092241228,-55.8237381
0.1310792714,0.3006044328,0.006862096488,-0.01197630074,1,-0.06586825103,0.0138029037,-0.007832705975,0,-0.2186782956,0.5607194901,-60.1884613
0.1310792714,0.3054480255,0.006190548185,-0.01390086766,1,-0.08369227499,0.01521699782,-0.03984630108,0,-0.2699848413,0.5004330873,-65.99490356
0.1310792714,0.3102915883,0.005149033852,-0.01459318586,1,-0.006382077932,0.01547493506,0.07487694919,0,-0.4270709157,0.2180766314,-70.56521606
0.1310792714,0.315135181,0.004091084935,-0.01459446643,1,0.01442280412,0.01515702531,0.1659183651,0,-0.626108408,0.2261135131,-74.34088898
0.1310792714,0.3199787438,0.002186286962,-0.0148847457,1,-0.4075896144,0.01504445169,0.1970674098,0,-0.714900136,0.3166774213,-81.64408875
0.1310792714,0.3248223364,-0.001345781377,-0.01517380681,1,-0.9448182583,0.01523336954,0.05589545518,29.21188927,-0.5638896227,-0.07770369202,-95.06835175
0.1310792714,0.3296658993,-0.00512125669,-0.01423764788,1,-1.013477683,0.01513069402,-0.2372330427,34.10793304,-0.4377380908,-0.4810954332,-109.7835693
0.1310792714,0.3345094621,-0.008374836296,-0.01399264392,1,-1.097920775,0.01630742103,-0.3574168682,40.10867691,-0.01141047478,-0.5179826617,-120.9012299
0.1310792714,0.3393530548,-0.01049438864,-0.01345993485,1,-0.1750213802,0.0170675721,-0.06279599667,2.470257521,0.1503387988,-0.5196285844,-127.9426956
0.1310792714,0.3441966176,-0.008494388312,-0.01177993976,1,0.6290909648,0.01452314015,0.6829131246,0,-0.6239561439,0.1359081864,-125.7949677
0.1310792714,0.3490402102,-0.01046951767,-0.01081047393,1,2.844412804,0.01504915766,2.620518684,0,-3.659976482,2.220210075,-134.0820618
0.1359228492,0.237637952,0.009280203842,-0.005819281563,1,0.1268818378,0.01095382217,-0.175799951,0,0.07376144826,0.3520531058,-32.09034348
0.1359228492,0.2424815297,0.009766119532,-0.007097630296,1,0.0222623609,0.01207283977,-0.09993684292,0,0.1396607608,0.2760181129,-36.00817871
0.1359228492,0.2473251075,0.01006449107,-0.00764024863,1,-0.05155201629,0.01263595559,-0.05659138411,0,0.1433518231,0.125227809,-37.20319366
0.1359228492,0.2521686852,0.01021075901,-0.007978285663,1,0.0004216562957,0.01295811031,-0.03954668716,0,-0.01785070077,0.02454424277,-38.00267029
0.1359228492,0.257012248,0.009980072267,-0.007950677536,1,-0.0383926183,0.01275990251,0.0259199068,0,-0.1261966527,0.001870498993,-38.54276657
0.1359228492,0.2618558407,0.009413558058,-0.007861800492,1,-0.09709961712,0.01226470433,-0.02875545621,0,-0.1118542105,0.04941362143,-39.8671875
0.1359228492,0.2666994035,0.008967988193,-0.008329295553,1,-0.04570915923,0.01223936211,-0.1110520139,0,-0.05154908076,0.1231868044,-42.88534546
0.1359228492,0.2715429962,0.008942480199,-0.008996354416,1,0.01592923328,0.01268472895,-0.1327315718,0,-0.05400872603,0.1581084877,-45.17206955
0.1359228492,0.276386559,0.008783547208,-0.009738001972,1,-0.05349813402,0.01311409101,-0.1003670245,0,-0.08596420288,0.05353936926,-47.94996262
0.1359228492,0.2812301517,0.008266983554,-0.009741812013,1,-0.1291986257,0.01277677249,-0.006910201162,2.365194798,-0.1135668457,-0.09771668911,-49.68178177
0.1359228492,0.2860737145,0.007607693784,-0.009298173711,1,-0.0510346368,0.01201386843,-0.0103654936,1.881291986,-0.01124289446,0.03457333893,-50.7102356
0.1359228492,0.2909172773,0.007965338416,-0.009959476069,1,-0.0519971922,0.01275295205,-0.1361018121,0,0.1951851249,0.1596340835,-51.34806061
0.1359228492,0.29576087,0.008301235735,-0.01073059347,1,-0.1428289711,0.01356672961,-0.1123232245,0,0.163058728,0.224147141,-52.27429962
0.1359228492,0.3006044328,0.008063322864,-0.01158919651,1,-0.2462031394,0.01411830913,-0.03794249892,8.31289959,0.1135275215,0.3931711316,-55.17127228
0.1359228492,0.3054480255,0.007658611052,-0.01281872578,1,-0.4219318032,0.0149323158,0.07172602415,15.67817307,0.09074787796,0.5727114677,-59.14358521
0.1359228492,0.3102915883,0.00645920774,-0.01401575841,1,-0.2872196734,0.01543252543,0.01361948252,7.626598358,-0.2082047462,0.6425312161,-65.25723267
0.1359228492,0.315135181,0.005258984398,-0.0158649087,1,-0.2304110825,0.01671383344,0.05241852999,0,-0.3625923693,0.5852449536,-71.66040039
0.1359228492,0.3199787438,0.003586949548,-0.01659654453,1,-0.4338921309,0.01697973907,0.26318416,0,-0.8294495344,0.4266474545,-77.80445099
0.1359228492,0.3248223364,-0.0008601094014,-0.01665665582,1,-0.5479357243,0.01667884924,0.2217017114,0,-1.345373154,0.2735930681,-92.95598602
0.1359228492,0.3296658993,-0.005583439488,-0.01684788428,1,-0.2567267418,0.0177489724,0.1456356794,0,-1.527612686,-0.04884102568,-108.33535
0.1359228492,0.3345094621,-0.009502668865,-0.01571469568,1,-0.09643465281,0.01836443134,-0.03973156214,0,-1.267089128,-0.4086026549,-121.1613235
0.1359228492,0.3393530548,-0.01218777243,-0.01506122854,1,0.1621267349,0.01937478781,-0.1721127033,0,-0.6368582845,-0.8222860098,-128.9803162
0.1359228492,0.3441966176,-0.01180206798,-0.01256553084,1,0.5653759241,0.01723894849,-0.413168788,13.49196339,0.1643502712,-0.9119488001,-133.2054596
0.1359228492,0.3490402102,-0.008653286844,-0.01264534891,1,0.6059113145,0.01532267034,-0.4028782248,0,0.6942728162,-0.3699200153,-124.3840714
0.1407664269,0.237637952,0.009440270253,-0.006033758633,1,0.1530800313,0.01120379101,-0.1605660021,0,0.09399309009,0.1296687424,-32.58472443
0.1407664269,0.2424815297,0.01003862917,-0.006736645941,1,0.01928105578,0.01208951976,-0.07520349324,0,0.1349049062,0.1392673105,-33.86446762
0.1407664269,0.2473251075,0.01018708199,-0.00707256468,1,-0.09179639071,0.01240152493,-0.08428198844,0,0.08474240452,0.1689195633,-34.77101135
0.1407664269,0.2521686852,0.01000446267,-0.007963047363,1,-0.07031834126,0.01278668828,-0.1547427773,0,0.00661226362,0.1156359315,-38.51802063
0.1407664269,0.257012248,0.009878517129,-0.008382163011,1,0.01065961272,0.01295552962,-0.07510980964,0,-0.1290459633,0.002663940191,-40.31541824
0.1407664269,0.2618558407,0.009431049228,-0.00833975058,1,0.01046992838,0.0125895245,-0.02322029509,0,-0.1952981949,0.02305762656,-41.48590088
0.1407664269,0.2666994035,0.008983287029,-0.008606313728,1,0.02503618971,0.01244058274,-0.07709164172,0,-0.108524695,0.07443413883,-43.77224731
0.1407664269,0.2715429962,0.009026666172,-0.009073677473,1,-0.06331767142,0.01279891841,-0.1232999563,0,-0.02993249893,0.05767098442,-45.14881134
0.1407664269,0.276386559,0.008531622589,-0.009482860565,1,-0.2315869331,0.01275590993,-0.1290124953,7.187364578,-0.04884951562,-0.05619494617,-48.02264023
0.1407664269,0.2812301517,0.007668350358,-0.00942637492,1,-0.2129944414,0.01215154957,-0.08777139336,7.496997833,0.003906697035,-0.145935297,-50.87166595
0.1407664269,0.2860737145,0.007518889848,-0.009201139212,1,-0.07858528942,0.01188253611,-0.02288660221,0,0.09729024023,-0.07932188362,-50.74535751
0.1407664269,0.2909172773,0.007758948952,-0.009153027087,1,-0.1473394185,0.01199913304,-0.0756148845,0,0.2694618702,0.02024625428,-49.71231461
0.1407664269,0.29576087,0.008110399358,-0.009665450081,1,-0.1824528575,0.01261742786,-0.145407632,0,0.3525182605,0.07775183022,-49.99956894
0.1407664269,0.3006044328,0.008582673967,-0.01023391727,1,-0.1820352972,0.01335647237,-0.04786960781,0,0.4301023185,0.3138905764,-50.01512146
0.1407664269,0.3054480255,0.009311931208,-0.01141766366,1,-0.4278521538,0.01473346911,-0.0463937521,7.747672081,0.375097096,0.7746013403,-50.80026627
0.1407664269,0.3102915883,0.008327150717,-0.01421047095,1,-0.5207185149,0.01647054777,0.09353017807,19.54663086,0.08049149811,0.8815908432,-59.63025665
0.1407664269,0.315135181,0.007179657463,-0.01523469668,1,-0.4342700839,0.01684171706,0.1575537026,14.61673832,-0.1437345892,0.6923211813,-64.76690674
0.1407664269,0.3199787438,0.00552754011,-0.01680065878,1,-0.5762768984,0.01768659987,0.03842118382,0,-0.6885815263,0.823287487,-71.78842163
0.1407664269,0.3248223364,0.001053217449,-0.01903625764,1,-0.4771325588,0.01906537078,0.05656284094,0,-1.624612331,0.7982921004,-86.83322906
0.1407664269,0.3296658993,-0.00465242425,-0.02039328218,1,-0.4470834732,0.02091724239,0.1464233696,0,-1.947764277,0.2757788897,-102.8512497
0.1407664269,0.3345094621,-0.01054637786,-0.01966279931,1,-0.5092154741,0.02231259272,0.1652409136,0,-1.691309094,-0.4672257006,-118.2074051
0.1407664269,0.3393530548,-0.01531083602,-0.01732988097,1,-0.2172285765,0.02312458679,-0.06432551146,0,-0.684237361,-1.290786743,-131.4604034
0.1407664269,0.3441966176,-0.01491269842,-0.01372233871,1,0.01486679912,0.02026551589,-0.6324834824,0,0.2118684947,-2.066834927,-137.3804169
0.1407664269,0.3490402102,-0.01421262603,-0.01038248837,1,-0.8785363436,0.01760098897,-0.6661534309,0,1.167607784,-2.04523325,-143.8514404
0.1456100047,0.237637952,0.009130550548,-0.006105473731,1,0.166710794,0.01098379493,-0.1123411655,0,0.223854661,0.06609034538,-33.77010345
0.1456100047,0.2424815297,0.01007641759,-0.006537597161,1,0.08065247536,0.0120114265,-0.0309147127,0,0.1968054771,0.1094145179,-32.97557831
0.1456100047,0.2473251075,0.01047443971,-0.006785169244,1,-0.0348909162,0.01248008013,-0.0270787254,0,0.02352005988,0.193433702,-32.93450546
0.1456100047,0.2521686852,0.01002134196,-0.007605666295,1,-0.1044276804,0.01258067787,-0.121010296,0,-0.07008504868,0.2593254745,-37.19656754
0.1456100047,0.257012248,0.009629175067,-0.008627352305,1,-0.04032003507,0.0129287364,-0.1271660328,0,-0.08532506227,0.1314832866,-41.85905838
0.1456100047,0.2618558407,0.00941277016,-0.008858454414,1,-0.02899051458,0.01292565092,-0.0547401607,0,-0.1101749316,0.0172842294,-43.26228333
0.1456100047,0.2666994035,0.008955116384,-0.008976208046,1,0.0003698542714,0.01267937012,-0.01630562358,0,-0.1630944014,-0.02122010477,-45.06739044
0.1456100047,0.2715429962,0.008624601178,-0.00883465074,1,-0.1076282784,0.01234644931,-0.04432608932,0,-0.1130011603,-0.06978432834,-45.68928146
0.1456100047,0.276386559,0.00788648054,-0.008852899075,1,-0.2243927121,0.01185623836,-0.07776688039,7.471400738,-0.08314735442,-0.1073764414,-48.30420303
0.1456100047,0.2812301517,0.007135007065,-0.008691234514,1,-0.2241190374,0.01124481577,-0.03333268315,8.194347382,0.06435251981,-0.117277272,-50.61595535
0.1456100047,0.2860737145,0.007112639025,-0.008446306922,1,-0.1739363372,0.01104218047,0.02797013521,0,0.2899974287,-0.1269917786,-49.89925385
0.1456100047,0.2909172773,0.007697156165,-0.00794066675,1,-0.1687672734,0.01105895173,0.06781297922,0,0.3465079069,0.004453297704,-45.89213181
0.1456100047,0.29576087,0.007973539643,-0.008139419369,1,-0.1718668193,0.01139418595,0.06614928693,0,0.5134861469,0.2072832882,-45.58982849
0.1456100047,0.3006044328,0.009351816028,-0.008624260314,1,-0.04229253531,0.01272141188,0.0797996223,0,0.7054802775,0.2429350615,-42.68230438
0.1456100047,0.3054480255,0.01118574105,-0.008929578587,1,-0.2659904957,0.01431286708,0.02848598361,0,0.6439065933,0.5403990746,-38.60037231
0.1456100047,0.3102915883,0.01118228212,-0.01110375114,1,-0.8153939247,0.01575870253,-0.06117206812,26.37850952,0.4416368008,1.080153465,-44.79810333
0.1456100047,0.315135181,0.009375419468,-0.01445767749,1,-0.7000861168,0.01723145135,-0.1486324668,26.43241119,-0.00632956624,1.097708464,-57.03766251
0.1456100047,0.3199787438,0.007760702632,-0.01714050025,1,-0.7751138806,0.0188155584,-0.440756917,16.07126617,-0.4832478166,1.16072166,-65.64041901
0.1456100047,0.3248223364,0.003280446865,-0.02221456356,1,-0.9039220214,0.02245547064,-0.3471361995,0,-1.428893328,1.093131304,-81.59978485
0.1456100047,0.3296658993,-0.003538470017,-0.02411654778,1,-0.9980953932,0.02437475324,0.09208010137,0,-1.94308722,-0.06778265536,-98.34708405
0.1456100047,0.3345094621,-0.01096535567,-0.02144025825,1,-1.670424581,0.02408160456,0.3057206869,28.25460434,-1.470413685,-1.096822262,-117.0869141
0.1456100047,0.3393530548,-0.0187513642,-0.01732322201,1,-1.727266908,0.02552856505,0.1417489648,49.67392349,-1.144798398,-1.887519836,-137.2670746
0.1456100047,0.3441966176,-0.02487642691,-0.01161133777,1,-0.8443125486,0.02745286375,0.2009449005,30.54788017,0.2177642882,-2.810987949,-154.9786835
0.1456100047,0.3490402102,-0.0217860993,-0.002734690439,1,-0.3858834505,0.02195706405,0.7101095915,0,1.661931157,-2.955205917,-172.8453979
0.1504535824,0.237637952,0.009216250852,-0.005756977946,1,0.1903423369,0.01086655725,-0.03803248331,0,0.3062320054,0.1341839582,-31.99116898
0.1504535824,0.2424815297,0.01041884907,-0.006174049806,1,0.1035021394,0.01211079303,-0.01784218103,0,0.2632896304,0.195361495,-30.65032959
0.1504535824,0.2473251075,0.01099283528,-0.006789646577,1,-0.01646208949,0.01292059291,-0.05949879438,0,0.06922350079,0.2755131423,-31.70125771
0.1504535824,0.2521686852,0.01067440305,-0.007796706166,1,-0.1312326938,0.01321860496,0.001697212458,3.517311573,-0.09451136738,0.3754920959,-36.14482117
0.1504535824,0.257012248,0.009899428114,-0.008600148372,1,-0.1357086301,0.01311339904,0.03823143989,0,-0.1584488153,0.2315322459,-40.98254395
0.1504535824,0.2618558407,0.009249628522,-0.008732973598,1,-0.1363655627,0.01272086706,-0.1125396863,0,-0.09030569345,0.05219744891,-43.35429764
0.1504535824,0.2666994035,0.008801528253,-0.009398065507,1,-0.08039827645,0.01287596766,-0.01993240789,0,-0.07974471152,0.05578183755,-46.87733841
0.1504535824,0.2715429962,0.008473963477,-0.009099701419,1,-0.1473877728,0.0124343317,0.0329810977,4.214400291,-0.09347999096,-0.09075754881,-47.03924179
0.1504535824,0.276386559,0.007634866517,-0.008798727766,1,-0.2076336741,0.01164941117,0.05248947814,6.512557507,-0.1093023121,-0.1685374081,-49.05104065
0.1504535824,0.2812301517,0.006938859355,-0.008029140532,1,-0.1831454337,0.01061201468,0.1414797306,3.845282793,0.06017937511,-0.2393725812,-49.16611099
0.1504535824,0.2860737145,0.007039270829,-0.006954039913,1,-0.1075988263,0.009894948453,0.1107680798,0,0.3491806984,-0.1724715531,-44.65102386
0.1504535824,0.2909172773,0.008108976297,-0.006657251623,1,-0.04942779243,0.01049163938,0.08823031932,0,0.5440044403,-0.03732777387,-39.38507462
0.1504535824,0.29576087,0.009434791282,-0.006345889531,1,-0.1814669818,0.01137038227,0.1527390182,0,0.602000773,0.1434008479,-33.92498398
0.1504535824,0.3006044328,0.01014586445,-0.006612021476,1,-0.1626770496,0.01211021934,0.07832126319,0,0.7061965466,0.2155373842,-33.09213638
0.1504535824,0.3054480255,0.01206737012,-0.007010506466,1,-0.04562062025,0.0139559526,-0.0620302707,0,0.6891121864,0.2497069687,-30.15433311
0.1504535824,0.3102915883,0.01326266583,-0.008121944964,1,-0.5728536248,0.0155519871,-0.2441982627,2.877636433,0.5128174424,0.7600029111,-31.48295021
0.1504535824,0.315135181,0.01177658048,-0.01187443268,1,-1.306060553,0.01672393456,-0.2984675467,46.24736404,0.4290392697,1.201464653,-45.2370491
0.1504535824,0.3199787438,0.009014745243,-0.01538698282,1,-1.819341183,0.01783325151,-0.596770525,65.00423431,0.3514018655,1.406823874,-59.63531876
0.1504535824,0.3248223364,0.004666502587,-0.02157899737,1,-3.081852913,0.02207780257,-0.4859217405,117.0736237,0.2844409943,1.49266541,-77.79756927
0.1504535824,0.3296658993,-0.004534737673,-0.02497042343,1,-3.642517567,0.02537884749,0.4577320218,139.1767578,-0.289431572,-0.1378971487,-100.292984
0.1504535824,0.3345094621,-0.01437813975,-0.01869403012,1,-3.463774681,0.02358384244,0.1226504445,132.3094177,-0.5068178177,-2.037276506,-127.5649719
0.1504535824,0.3393530548,-0.02376661263,-0.01450864971,1,-2.699891329,0.02784515731,0.07811069489,104.2727737,-0.02051639557,-2.010416269,-148.5974579
0.1504535824,0.3441966176,-0.02755464613,-0.008578087203,1,-0.9478265643,0.02885900438,0.9662541151,0,0.6752364039,-1.933443427,-162.7080078
0.1504535824,0.3490402102,-0.02508692443,-0.0004637386592,1,0.4338650703,0.02509121038,0.8719487786,0,0.5850982666,-2.47860074,-178.9409943
0.1552971601,0.237637952,0.009596267715,-0.005544153042,1,0.1393439919,0.01108268928,0.1445480436,0,0.4139571786,0.2351839691,-30.01676941
0.1552971601,0.2424815297,0.01093624625,-0.005763654131,1,0.04987086356,0.01236208621,0.1429371536,0,0.3474499583,0.3134704828,-27.79026604
0.1552971601,0.2473251075,0.01152072195,-0.006370144431,1,-0.08153383434,0.01316456497,-0.007085993886,0,0.2698329687,0.3364925981,-28.93949127
0.1552971601,0.2521686852,0.01184828766,-0.007427803706,1,-0.1886338294,0.01398406923,-0.04562593997,6.567910671,0.06787052751,0.4431357384,-32.083992
0.1552971601,0.257012248,0.01093579642,-0.0087374961,1,-0.3989241421,0.01399769541,0.02125187963,14.02259159,-0.1642524898,0.2705626488,-38.62420273
0.1552971601,0.2618558407,0.009120497853,-0.008635359816,1,-0.4146477282,0.0125599727,-0.05251403898,15.81094551,0.04156804085,-0.003883380443,-43.43491364
0.1552971601,0.2666994035,0.00912875589,-0.008973042481,1,-0.3518559039,0.01280037779,-0.01956995763,11.37517071,0.1916971505,-0.03233234212,-44.50714874
0.1552971601,0.2715429962,0.008344756439,-0.008573544212,1,-0.3903741837,0.0119641386,-0.003025334328,15.06720352,0.01784737408,-0.1261613667,-45.77476883
0.1552971601,0.276386559,0.007324393373,-0.008376623504,1,-0.4230597019,0.01112719905,-0.08905865252,15.71221447,0.0754032284,-0.3080852628,-48.83403778
0.1552971601,0.2812301517,0.006660855375,-0.007512671873,1,-0.3336791098,0.01004028041,0.06764949858,9.033784866,0.2282570302,-0.3747432828,-48.43928528
0.1552971601,0.2860737145,0.00681377342,-0.006233859807,1,-0.1134564131,0.00923517812,0.1689011753,0,0.3783133626,-0.3361692727,-42.45511246
0.1552971601,0.2909172773,0.007943706587,-0.005066331476,1,-0.0908704102,0.009421793744,0.08224190027,0,0.6264543533,-0.307806015,-32.5288887
0.1552971601,0.29576087,0.009407916106,-0.004344632383,1,-0.1314579546,0.01036266051,-0.03687562793,0,0.7160334587,-0.1711829305,-24.78777695
0.1552971601,0.3006044328,0.01077514328,-0.004415803589,1,-0.274014473,0.01164487191,-0.03924110532,0,0.8287390471,0.1726293117,-22.28450012
0.1552971601,0.3054480255,0.01209476776,-0.005370843224,1,-0.2542011142,0.01323364489,-0.146036759,0,0.8540632129,0.1490788311,-23.94425392
0.1552971601,0.3102915883,0.01368062198,-0.005845218897,1,-0.5139431953,0.01487702969,-0.146640718,0,0.8555065393,-0.005682259798,-23.13521004
0.1552971601,0.315135181,0.01374915615,-0.00605358649,1,-1.480412126,0.01502282266,0.003601357341,39.60122299,1.068245411,0.1648702472,-23.76330948
0.1552971601,0.3199787438,0.0116842594,-0.006626337301,1,-2.437273502,0.01343243383,0.2375799716,79.54859161,1.282658219,0.2078644633,-29.55828857
0.1552971601,0.3248223364,0.008156687953,-0.005909657106,1,-4.266682625,0.01007251721,-0.06490859389,155.1139832,1.443648458,0.1930163205,-35.92396164
0.1552971601,0.3296658993,-0.001989325043,-0.007875616662,1,-6.651191235,0.008122976869,-0.2469316423,255,0.7886300087,0.002543911338,-104.1759796
0.1552971601,0.3345094621,-0.02023899555,-0.007118007634,1,-6.078611851,0.0214542076,-0.2757557631,233.1255493,0.6856331825,-1.004587889,-160.6233521
0.1552971601,0.3393530548,-0.0281106364,-0.004345461726,1,-3.349339008,0.02844452299,0.06800881028,117.0918274,1.424710274,-0.6273659468,-171.2125244
0.1552971601,0.3441966176,-0.02956108376,-0.003749905853,1,-1.443559527,0.0297979787,0.08053614199,33.94234085,1.142665029,-0.4032552242,-172.7704773
0.1552971601,0.3490402102,-0.02956804261,-0.002002180554,1,0.3770785034,0.02963575348,0.8440020084,0,-0.3799519241,0.1223371327,-176.1261597
0.1601407379,0.237637952,0.01105551235,-0.004426867701,1,0.005476057529,0.01190888323,0.1861211509,0,0.6444495916,0.3124057651,-21.82223892
0.1601407379,0.2424815297,0.012629495,-0.004732702393,1,-0.1115459651,0.01348712761,0.2355990857,0,0.4280123115,0.3720491529,-20.54268646
0.1601407379,0.2473251075,0.01258834172,-0.005087774247,1,-0.290026933,0.0135776205,0.127110973,0,0.2838905156,0.50319767,-22.00686264
0.1601407379,0.2521686852,0.01259977277,-0.006554307416,1,-0.3963091969,0.01420257799,0.01889765263,14.40657711,0.1329730153,0.5093878508,-27.48311424
0.1601407379,0.257012248,0.01131285448,-0.007463498041,1,-0.7764644623,0.01355302427,0.09416638315,29.75966644,0.02839979529,0.08775576949,-33.41427612
0.1601407379,0.2618558407,0.008976463228,-0.006523257121,1,-0.7403924465,0.01109638624,0.07097593695,27.70784378,0.1700043976,-0.07316831499,-36.00616455
0.1601407379,0.2666994035,0.008550135419,-0.006765324157,1,-0.5544221401,0.01090295427,-0.1341087818,16.66578102,0.3214898705,-0.01040032506,-38.35292816
0.1601407379,0.2715429962,0.007848237641,-0.007122448646,1,-0.71413064,0.01059830654,-0.07613942027,26.98597527,0.12802127,-0.1547879577,-42.2244339
0.1601407379,0.276386559,0.005711269099,-0.006384383887,1,-0.8399553299,0.008566151373,0.01227432489,29.58479118,0.345112294,-0.36246714,-48.18518448
0.1601407379,0.2812301517,0.005451426841,-0.005307359155,1,-0.4899756908,0.007608292624,0.02278608084,0,0.5968854427,-0.3513730764,-44.23281479
0.1601407379,0.2860737145,0.006229094695,-0.004572114907,1,-0.1968473494,0.007726956159,0.04769378901,0,0.5199590921,-0.3909350038,-36.27842712
0.1601407379,0.2909172773,0.007016438991,-0.003182833083,1,-0.17166695,0.007704598829,-0.02660140395,0,0.6254531145,-0.5078811646,-24.40023804
0.1601407379,0.29576087,0.008427043445,-0.002240999136,1,-0.14507851,0.008719927631,-0.1052999645,0,0.9245646,-0.5000668168,-14.89197636
0.1601407379,0.3006044328,0.01079194061,-0.001270749257,1,-0.4413229227,0.01086649857,-0.1333153844,0,1.195942998,-0.2568722367,-6.715645313
0.1601407379,0.3054480255,0.01208210457,-0.001642541843,1,-0.8593475223,0.01219324302,-0.2226247787,0,1.217127919,-0.1775838733,-7.741802692
0.1601407379,0.3102915883,0.01252487767,-0.001488908427,1,-1.126160383,0.01261306461,-0.06842343509,0,1.231553674,-0.5046154261,-6.779283524
0.1601407379,0.315135181,0.01259258576,0.0004701879807,1,-1.618702412,0.01260136068,-0.0004551708698,35.11791229,1.33944869,-0.8510050178,2.138343811
0.1601407379,0.3199787438,0.01117228996,0.002630795818,1,-2.633912563,0.0114778541,0.01393592358,92.00727844,1.125609279,-1.144143581,13.25034428
0.1601407379,0.3248223364,0.005287002306,0.006079435814,1,-3.945668697,0.008056794293,0.03646337986,151.4152374,0.4584243298,-1.704838991,48.98802948
0.1601407379,0.3296658993,-0.005718448665,0.01106492989,1,-5.427760124,0.01245525293,0.3000747561,209.3719635,0.08735537529,-1.349471331,117.3302994
0.1601407379,0.3345094621,-0.02057958394,0.01406911574,1,-4.609875679,0.02492908575,0.1940550208,177.5185547,0.3243136406,0.6999003291,145.6417694
0.1601407379,0.3393530548,-0.02647590265,0.00861482881,1,-2.902269363,0.02784221061,-0.4337748289,101.7634125,1.139486313,1.655718446,161.9759521
0.1601407379,0.3441966176,-0.02911776118,0.003948492929,1,-0.8117905855,0.02938425727,-0.9521061182,0,2.064896584,1.67927587,172.2775421
0.1601407379,0.3490402102,-0.02040638588,-0.004130474292,1,1.359405279,0.02082021534,-0.3925421238,0,2.237666607,2.94339776,-168.557312
0.1649843156,0.237637952,0.01201092172,-0.002449234948,1,-0.05951187015,0.01225809939,0.03156779706,0,0.8310556412,0.3210343122,-11.52558231
0.1649843156,0.2424815297,0.01387943793,-0.003150261706,1,-0.09060168266,0.01423246041,0.1274581701,0,0.6197041273,0.3630475998,-12.78795147
0.1649843156,0.2473251075,0.01457367092,-0.003590330714,1,-0.2860302031,0.01500940882,0.1307281852,0,0.3949665725,0.4845828414,-13.83964348
0.1649843156,0.2521686852,0.01440707967,-0.004864184186,1,-0.7727885246,0.01520605944,0.08789159358,28.60307503,0.2036379874,0.3457061052,-18.65594673
0.1649843156,0.257012248,0.01181695051,-0.004839073401,1,-1.0906111,0.01276937593,0.1654298753,41.65168762,-0.003043413162,0.03362596035,-22.2692318
0.1649843156,0.2618558407,0.009109878913,-0.004225781653,1,-0.7703659534,0.01004226692,0.139847517,29.14282036,0.07085499167,0.1174304783,-24.88507843
0.1649843156,0.2666994035,0.008428814821,-0.004730494693,1,-0.6173471808,0.009665531106,-0.02004248463,22.14640045,0.2284534127,0.03544006497,-29.30240059
0.1649843156,0.2715429962,0.007226241753,-0.004494515713,1,-0.846534133,0.008509949781,0.1183328182,30.68335152,0.2683236301,-0.3139589429,-31.88043022
0.1649843156,0.276386559,0.005628207233,-0.002636655932,1,-0.9315289855,0.006215197034,0.251170218,29.12670135,0.4862129092,-0.2125656009,-25.10176086
0.1649843156,0.2812301517,0.005069318693,-0.002248375211,1,-0.7806447148,0.005545555614,-0.07530737668,14.3729229,0.6821742654,-0.0494389087,-23.91853714
0.1649843156,0.2860737145,0.00515125785,-0.002761951881,1,-0.6139121056,0.005844983738,-0.1224108115,0,0.672872901,-0.3377392888,-28.19889069
0.1649843156,0.2909172773,0.005354898982,-0.001205418259,1,-0.3106507957,0.005488895811,0.07172450423,0,0.5841091871,-0.6711599827,-12.68614769
0.1649843156,0.29576087,0.006475775037,0.000836267136,1,-0.238766849,0.006529548671,0.13548401,0,0.9676372409,-0.8389691114,7.358325958
0.1649843156,0.3006044328,0.008885239251,0.003514421172,1,-0.4878726602,0.009555031545,-0.04319244623,0,1.247755289,-0.8381543159,21.58052063
0.1649843156,0.3054480255,0.010156326,0.004686726723,1,-0.9478145838,0.01118554268,-0.217454955,0,1.364825368,-0.6427875757,24.77137947
0.1649843156,0.3102915883,0.01090506371,0.005574552808,1,-1.48548305,0.01224728767,-0.07041427493,21.47439957,1.375794768,-0.8111314774,27.07563782
0.1649843156,0.315135181,0.009625042789,0.008274448104,1,-2.126145124,0.01269283053,-0.04976564646,68.9000473,1.156809568,-1.290304184,40.68495941
0.1649843156,0.3199787438,0.006210010964,0.01158319786,1,-2.850237608,0.0131428577,-0.3101460934,104.076767,0.8787068129,-1.785803318,61.80324554
0.1649843156,0.3248223364,7.578037184e-05,0.01542190835,1,-2.993140459,0.01542209461,-0.157125473,115.0830078,0.2509176731,-1.654794216,89.71846008
0.1649843156,0.3296658993,-0.007072158623,0.01883727312,1,-2.827784777,0.02012109011,-0.05487494171,107.7045212,-0.4724373817,-0.3354975581,110.5778656
0.1649843156,0.3345094621,-0.01590905339,0.01678112149,1,-2.142342091,0.02312366851,0.3976479471,72.00109863,-0.9792964458,1.142175436,133.4719086
0.1649843156,0.3393530548,-0.02219205722,0.01523109619,1,-1.731003761,0.02691604942,0.3372812271,64.10619354,-0.3604102135,1.699408531,145.5369873
0.1649843156,0.3441966176,-0.02603898011,0.01018355228,1,-0.1885108948,0.02795949392,-0.1987322569,0,1.216528416,2.48097086,158.6400909
0.1649843156,0.3490402102,-0.0172127746,0.0022517459,1,0.5048190355,0.0173594337,-1.160757542,0,3.139667988,2.114417315,172.5469818
0.1698278934,0.237637952,0.01276336797,-0.0001133346523,1,0.1304028928,0.01276387181,-0.2589356005,0,0.7953301668,0.2278723568,-0.508754909
0.1698278934,0.2424815297,0.01500529796,-0.001292280736,1,-0.02680525184,0.01506084204,-0.1506526619,0,0.6059805155,0.1953681856,-4.922260761
0.1698278934,0.2473251075,0.01556864846,-0.001789313508,1,-0.4294587672,0.015671134,-0.04753129929,8.457855225,0.3664141893,0.06243474782,-6.556270123
0.1698278934,0.2521686852,0.01469993684,-0.001824909821,1,-0.9384562969,0.01481277961,-0.100276567,34.63763046,0.2588642836,-0.01635789871,-7.076723576
0.1698278934,0.257012248,0.01227699686,-0.002195779467,1,-1.010266423,0.01247181185,-0.0154520683,38.88918304,0.08588197827,0.1133428663,-10.14031315
0.1698278934,0.2618558407,0.01022260915,-0.002448738087,1,-0.7623015046,0.0105118053,0.1321664155,29.00627518,0.008255213499,0.2297892869,-13.47088623
0.1698278934,0.2666994035,0.008624714799,-0.002668623347,1,-0.83700037,0.00902813673,0.03570529446,31.77861595,0.1511639953,-0.1142230928,-17.19289589
0.1698278934,0.2715429962,0.00690070726,-0.001722548273,1,-0.8973279595,0.007112449035,0.1018045694,31.93206978,0.3344256282,-0.5487853289,-14.01570129
0.1698278934,0.276386559,0.005898253527,0.0004825594078,1,-0.8110386729,0.005917960778,0.2291544825,26.07574654,0.3870754838,-0.4935482144,4.677176952
0.1698278934,0.2812301517,0.004847208504,0.001777918311,1,-0.9209435582,0.005162985995,-0.02513794601,29.10883331,0.5290985703,-0.2683402002,20.14264297
0.1698278934,0.2860737145,0.004000321962,0.001660528476,1,-0.9633434415,0.004331273492,-0.2632574439,17.26943588,0.8117645383,-0.1338255107,22.54327393
0.1698278934,0.2909172773,0.004113026429,0.001151006552,1,-0.54060781,0.004271042533,0.01360836625,0,0.7510590553,-0.3872904181,15.63396835
0.1698278934,0.29576087,0.005019658711,0.003602312878,1,-0.31695351,0.006178481504,0.3220665753,0,0.8145283461,-0.9135682583,35.66477203
0.1698278934,0.3006044328,0.006523068994,0.007135899737,1,-0.264833957,0.009668065235,0.1407542527,0,0.8626966476,-1.089038491,47.56893921
0.1698278934,0.3054480255,0.007915453054,0.009558909573,1,-0.5494482517,0.01241076738,0.04866954684,0,0.9070296288,-1.031939387,50.37283707
0.1698278934,0.3102915883,0.008255042136,0.01236991305,1,-1.153004527,0.01487146504,0.135841012,32.43771362,0.778570652,-1.270665765,56.28289795
0.1698278934,0.315135181,0.006101853214,0.01637143455,1,-1.878101945,0.01747159101,0.2506616712,70.36683655,0.3844445944,-1.467554569,69.55889893
0.1698278934,0.3199787438,0.001020396478,0.02069222741,1,-2.155272961,0.02071737126,-0.149587512,82.79944611,0.1751199961,-1.268770218,87.17685699
0.1698278934,0.3248223364,-0.003489171853,0.02179228328,1,-1.682867169,0.02206984162,-0.3185148835,63.73376846,-0.09880024195,-0.6862205863,99.09643555
0.1698278934,0.3296658993,-0.007609248161,0.02247323841,1,-1.34944427,0.02372650616,-0.3143343329,44.2845192,-0.6392070055,0.1171384305,108.7056656
0.1698278934,0.3345094621,-0.01312132925,0.01970241778,1,-1.239169002,0.02367180958,-0.2753035128,40.08305359,-0.6193311214,1.215295792,123.6626511
0.1698278934,0.3393530548,-0.01661103778,0.01525340509,1,-0.6133423448,0.02255200408,-0.03575909138,17.67426682,-0.4070258737,1.811740518,137.4397125
0.1698278934,0.3441966176,-0.01806356199,0.01075391006,1,-0.07165891677,0.02102234215,0.5164387822,0,0.2417351007,1.883565187,149.2330933
0.1698278934,0.3490402102,-0.01578726061,0.008631622419,1,-0.4490302801,0.01799284667,-0.009208679199,0,1.388952971,0.8671191931,151.3325348
0.1746714562,0.237637952,0.0118604647,0.0007713870145,1,0.2974768877,0.0118855238,-0.4853175879,0,0.6256242394,-0.1315682083,3.721191645
0.1746714562,0.2424815297,0.01409602072,-8.531924686e-05,1,-0.01650223136,0.0140962787,-0.3361641467,0,0.591571331,-0.2315202057,-0.3467909694
0.1746714562,0.2473251075,0.01464585681,0.0002645359491,1,-0.4721579254,0.01464824565,-0.239925772,0,0.4197444916,-0.4506050646,1.034773588
0.1746714562,0.2521686852,0.01384215243,0.0009351223125,1,-0.7657871246,0.01387370285,-0.2427603304,25.89947319,0.2796239257,-0.2852212489,3.864809275
0.1746714562,0.257012248,0.01229109149,0.0004701983999,1,-0.8045371771,0.01230008155,-0.2446743995,28.6944294,0.1894720495,0.05028490722,2.19079423
0.1746714562,0.2618558407,0.01086303685,-0.000493536063,1,-0.9222992659,0.01087424252,-0.07823851705,35.46245575,0.04638001323,0.007328279316,-2.601307631
0.1746714562,0.2666994035,0.008048508316,5.574897659e-05,1,-1.250753403,0.0080487011,0.03589850664,48.26388168,0.052924335,-0.369815141,0.3968598843
0.1746714562,0.2715429962,0.005061259028,0.001471569529,1,-1.058862686,0.005270849913,0.04634836316,39.25456619,0.2947766185,-0.595892787,16.21187782
0.1746714562,0.276386559,0.004347597715,0.003166494193,1,-0.6659874916,0.005378502421,0.1167922765,20.80356598,0.3741737604,-0.5652317405,36.06704712
0.1746714562,0.2812301517,0.003647836624,0.004775005858,1,-0.5691546202,0.006008943077,0.1154063493,17.12241745,0.3379951715,-0.4357181191,52.62220383
0.1746714562,0.2860737145,0.003227958689,0.005835908465,1,-0.5729845166,0.006669148803,-0.06382503361,5.439537048,0.551741302,-0.1207780316,61.05213165
0.1746714562,0.2909172773,0.00354494364,0.005050861277,1,-0.6631131768,0.006170723122,-0.1398769021,0,0.7421532273,-0.2391363084,54.9369278
0.1746714562,0.29576087,0.003610795131,0.006316679064,1,-0.4996837974,0.007275869139,0.009891152382,0,0.6539528966,-0.8004258871,60.24647522
0.1746714562,0.3006044328,0.004292157944,0.008975694887,1,-0.1904192865,0.009949157014,0.05955410004,0,0.5585343838,-1.060403228,64.44297791
0.1746714562,0.3054480255,0.00539378915,0.01174127962,1,-0.1889454126,0.01292093657,0.05421459675,0,0.4194160104,-1.175161362,65.32657623
0.1746714562,0.3102915883,0.005408460274,0.01493027247,1,-0.4747475386,0.01587968692,0.2208830714,15.42249012,0.1314367056,-1.325901508,70.08718872
0.1746714562,0.315135181,0.003730936442,0.01923325099,1,-0.738335371,0.01959178038,0.3634274602,14.88032913,-0.5145328641,-1.275928497,79.02190399
0.1746714562,0.3199787438,-0.0006599042099,0.02287062071,1,-0.7032970786,0.02288013883,0.1453656554,0,-1.056076646,-0.651812911,91.65273285
0.1746714562,0.3248223364,-0.004790726583,0.02309444733,1,-0.5516263843,0.02358610928,-0.1832302511,0,-0.9694365859,-0.06074565649,101.7192612
0.1746714562,0.3296658993,-0.008027290925,0.02227735706,1,-0.3242397904,0.02367948554,-0.3151116371,0,-1.031251669,0.3684962392,109.8158188
0.1746714562,0.3345094621,-0.0113561349,0.01978334971,1,-0.2997976542,0.02281102166,-0.2794013619,0,-0.8486664295,0.9690461755,119.8568954
0.1746714562,0.3393530548,-0.01358996611,0.01623040438,1,-0.3177408874,0.02116868459,-0.3287463784,0,-0.3136637509,1.3398242,129.9399567
0.1746714562,0.3441966176,-0.01441439241,0.01170149818,1,-0.01985243708,0.01856609248,0.1875932813,0,0.1298003793,1.235632181,140.9305573
0.1746714562,0.3490402102,-0.01305742469,0.01115414687,1,0.2338334173,0.01717298292,0.5569832325,0,0.3264811337,0.7829936743,139.4947968
0.179515034,0.237637952,0.009775438346,0.001476070145,1,0.2628038526,0.009886251763,-0.3403324187,0,0.7613318563,-0.4133760631,8.586671829
0.179515034,0.2424815297,0.01225567888,0.00165296637,1,-0.1088687181,0.0123666469,-0.2979440987,0,0.6143990755,-0.5156774521,7.681329727
0.179515034,0.2473251075,0.01222401392,0.002530678641,1,-0.4054077566,0.01248322241,-0.2452186644,0,0.382065922,-0.5725893974,11.69643593
0.179515034,0.2521686852,0.01214262098,0.003238612087,1,-0.5384234786,0.01256709453,-0.3077703118,10.16208649,0.3549727798,-0.3259584308,14.93397141
0.179515034,0.257012248,0.01133545768,0.002618774073,1,-0.7762518525,0.01163402665,-0.2136034966,26.24845695,0.308938086,-0.008076958358,13.00852966
0.179515034,0.2618558407,0.009879150428,0.002243128372,1,-1.135289907,0.01013060939,-0.0611999929,42.79471207,0.2417166829,-0.2732450962,12.7925024
0.179515034,0.2666994035,0.007007366046,0.003645831021,1,-1.404038906,0.007899067365,0.07384194434,53.37804794,0.2395690084,-0.4610458612,27.48730659
0.179515034,0.2715429962,0.004238950089,0.004833898973,1,-0.9839826822,0.006429251749,0.09620480984,35.93554688,0.3065577447,-0.2908690572,48.75177765
0.179515034,0.276386559,0.003726205556,0.005520653445,1,-0.5813625455,0.006660497282,0.01051527262,16.77047539,0.3866316974,-0.2656985223,55.98233032
0.179515034,0.2812301517,0.003295755945,0.006171762012,1,-0.4521842003,0.006996617187,0.07050274312,11.87213421,0.324175179,-0.2572640181,61.8975296
0.179515034,0.2860737145,0.003106184071,0.007108217105,1,-0.4799330533,0.007757262792,0.08312924206,15.00009537,0.2696525753,-0.2855562568,66.395401
0.179515034,0.2909172773,0.002277249238,0.007957513444,1,-0.7218673229,0.008276948705,-0.03977373242,24.83043289,0.326387763,-0.4695833027,74.03015137
0.179515034,0.29576087,0.001190648181,0.00919003319,1,-0.5842625499,0.009266841225,-0.122513473,13.08871651,0.4600024819,-0.7018364668,82.61795807
0.179515034,0.3006044328,0.001675385865,0.0107635092,1,-0.1984223127,0.0108931195,-0.06596717238,0,0.4658735394,-0.7504855394,81.15266418
0.179515034,0.3054480255,0.002486068988,0.01250555087,1,-0.01052060723,0.01275026798,-0.0009593963623,0,0.2639327943,-0.9387991428,78.75634003
0.179515034,0.3102915883,0.002902807435,0.01530600898,1,-0.06790411472,0.01557883807,-0.01640385389,0,-0.09808455408,-1.038352489,79.26130676
0.179515034,0.315135181,0.001682089991,0.01745543815,1,-0.1535954773,0.01753629744,-0.07315698266,0,-0.7414916158,-0.8324110508,84.49569702
0.179515034,0.3199787438,-0.00143261638,0.01898351498,1,-0.03970390558,0.0190374963,0.08409717679,0,-1.271924973,-0.3934737444,94.3157196
0.179515034,0.3248223364,-0.004670886323,0.01976859011,1,0.003960549831,0.0203129109,0.04847861454,0,-1.225796938,0.03500479087,103.2939377
0.179515034,0.3296658993,-0.007350676227,0.01904877648,1,0.02196079493,0.02041784301,-0.1157374978,0,-1.076989889,0.4467940331,111.1009598
0.179515034,0.3345094621,-0.009780986235,0.01704393327,1,0.0001694560051,0.01965104043,-0.05583012104,0,-0.9009777308,0.7236812115,119.850174
0.179515034,0.3393530548,-0.0117138112,0.01527315285,1,0.149930343,0.01924792305,-0.1664906442,0,-0.4367190599,0.9824883938,127.486557
0.179515034,0.3441966176,-0.01117006969,0.01147876401,1,0.3837611377,0.01601663232,-0.1191330552,13.37389183,0.1152136326,1.159422874,134.2191315
0.179515034,0.3490402102,-0.009296988137,0.009080368094,1,1.026443958,0.01299565658,0.135029614,0,-0.2530173659,1.125367165,135.675354
0.1843586117,0.237637952,0.008209818974,0.003186046146,1,-0.00796893239,0.008806361817,-0.1370011568,0,0.8112438917,-0.2327313423,21.21011353
0.1843586117,0.2424815297,0.0101551814,0.003417884465,1,-0.0571231544,0.01071492583,-0.1759883463,0,0.5680927634,-0.3602900803,18.60146141
0.1843586117,0.2473251075,0.0106847398,0.004078725819,1,-0.2755656242,0.01143676881,-0.01252347231,0,0.4030450583,-0.3933312893,20.89354324
0.1843586117,0.2521686852,0.01077263802,0.005262356717,1,-0.3992238641,0.01198925078,-0.0271640718,0,0.5091893077,-0.3673417568,26.03517914
0.1843586117,0.257012248,0.01121736504,0.005726400297,1,-0.832934916,0.012594481,0.0002384260297,25.2286129,0.5171534419,-0.1884125471,27.04405022
0.1843586117,0.2618558407,0.009243126027,0.006176102441,1,-1.341962934,0.01111663692,0.1326695085,50.27373505,0.3005201221,-0.3401816189,33.75018692
0.1843586117,0.2666994035,0.006173056085,0.008016691543,1,-1.261968851,0.01011800207,0.1151093617,47.91365433,0.2039207816,-0.2041381299,52.40281677
0.1843586117,0.2715429962,0.004118387587,0.007722402457,1,-0.9118831158,0.008751949295,-0.03861167282,33.50066376,0.2798176706,-0.005239194259,61.92882538
0.1843586117,0.276386559,0.003111597849,0.007855049334,1,-0.7047021389,0.008448895998,-0.07599305362,21.64317894,0.4207913876,-0.2438359857,68.39013672
0.1843586117,0.2812301517,0.002743243938,0.00853536278,1,-0.6388301253,0.00896536652,-0.02354997396,17.08657837,0.460426867,-0.3562659025,72.182724
0.1843586117,0.2860737145,0.00224748766,0.009466584772,1,-0.6759971976,0.009729718789,-0.06606441736,22.6052494,0.3321571946,-0.394914031,76.64451599
0.1843586117,0.2909172773,0.00107783312,0.01012816653,1,-0.7650761008,0.01018535625,-0.08508999646,28.09548378,0.2221932411,-0.479028821,83.9254837
0.1843586117,0.29576087,-0.0003820076818,0.01137465797,1,-0.5346976519,0.01138107013,-0.05337493122,14.31327343,0.3818711638,-0.4797326922,91.92350006
0.1843586117,0.3006044328,0.000337606034,0.01219326351,1,-0.1152422279,0.01219793595,-0.01520098746,0,0.3679486513,-0.3653466702,88.41400146
0.1843586117,0.3054480255,0.000841995643,0.01307061594,1,-0.1452781856,0.01309770811,-0.02895590663,1.433340788,0.1374451518,-0.5638555288,86.31415558
0.1843586117,0.3102915883,0.0002996661642,0.01478409115,1,-0.1200104356,0.01478712726,-0.1290873587,0,-0.1891098619,-0.8135224581,88.83879852
0.1843586117,0.315135181,-0.0006552525447,0.01638573036,1,-0.04292297363,0.01639882661,-0.158357352,0,-0.4645654559,-0.5956727266,92.28999329
0.1843586117,0.3199787438,-0.002158393618,0.01690226234,1,0.01571965218,0.01703951694,0.002940528095,0,-0.7860419154,-0.152376622,97.27719879
0.1843586117,0.3248223364,-0.004386368208,0.01713802107,1,0.0554946363,0.01769044809,0.1120523065,0,-0.936124444,0.1012665629,104.3563156
0.1843586117,0.3296658993,-0.006423792802,0.01695450395,1,0.03968268633,0.01813064516,-0.02156800032,0,-0.8108047247,0.3334284723,110.7509079
0.1843586117,0.3345094621,-0.008121346124,0.01541857328,1,0.004646718502,0.01742666587,-0.07704663277,0,-0.6681696177,0.6590995789,117.776886
0.1843586117,0.3393530548,-0.009637617506,0.01338892244,1,0.1862694174,0.01649687625,-0.1296562254,0,-0.4452354312,0.9063147306,125.7471008
0.1843586117,0.3441966176,-0.009375668131,0.01040076744,1,0.3911992311,0.01400282513,-0.6328107715,0,0.1631478071,1.108039975,132.0327606
0.1843586117,0.3490402102,-0.0069525945,0.004956976511,1,0.7977051735,0.008538746275,-1.07844007,0,0.2028221786,1.169391751,144.5123596
0.1892021894,0.237637952,0.007984610274,0.005443991162,1,-0.5315346718,0.009663904086,0.07438644767,0,1.222578526,0.3893366754,34.28657913
0.1892021894,0.2424815297,0.009658172727,0.004681248218,1,-0.1932560056,0.01073286496,0.3198758066,0,0.6626640558,0.2427445501,25.8591423
0.1892021894,0.2473251075,0.01025822479,0.005817582365,1,-0.3452261984,0.01179302577,0.3930106759,0,0.4636569321,-0.2175573856,29.55817604
0.1892021894,0.2521686852,0.01023180131,0.007638582028,1,-0.4648834765,0.01276862156,0.2457157075,0,0.4991137683,-0.4439511001,36.74328995
0.1892021894,0.257012248,0.01042402163,0.009158032015,1,-0.8300827742,0.01387551054,-0.01346382499,24.024786,0.5497627258,-0.5420072079,41.3009491
0.1892021894,0.2618558407,0.00887404941,0.01019862294,1,-1.234699965,0.01351889968,0.02764369547,44.55796051,0.440272063,-0.3002027273,48.97274017
0.1892021894,0.2666994035,0.006576148327,0.01074598171,1,-1.315598011,0.01259848569,0.09360852838,49.22329712,0.314789474,0.009502999485,58.53489304
0.1892021894,0.2715429962,0.004026554991,0.01060599461,1,-1.318013549,0.01134461444,0.1348097324,48.12084579,0.4097884297,0.08813206851,69.21078491
0.1892021894,0.276386559,0.002177088754,0.01097206865,1,-1.054420948,0.01118597388,0.0614964664,35.28033447,0.5237249732,-0.1222734898,78.77708435
0.1892021894,0.2812301517,0.001456088154,0.01149609871,1,-0.8044369221,0.01158794574,-0.1690043807,22.26433754,0.5352785587,-0.3794319928,82.78139496
0.1892021894,0.2860737145,0.0008733991417,0.01199129131,1,-0.7833650708,0.01202305686,-0.1438094527,25.68302155,0.3887811303,-0.4005069137,85.83415222
0.1892021894,0.2909172773,-0.0004551040183,0.01273942925,1,-0.53027457,0.01274755597,-0.1208256036,19.80251503,0.06266583502,-0.4590495825,92.04595947
0.1892021894,0.29576087,-0.001391500002,0.01362950541,1,-0.3112313449,0.01370035391,-0.1775112152,0,0.3705423772,-0.2527557015,95.82939148
0.1892021894,0.3006044328,-0.0001678264234,0.01310388185,1,-0.2630102336,0.0131049566,-0.1746888161,0,0.4707576632,-0.225361675,90.73376465
0.1892021894,0.3054480255,-0.0003852591326,0.01387494337,1,-0.5630407333,0.01388029102,-0.08579006791,19.12269592,0.254390806,-0.471339494,91.59049225
0.1892021894,0.3102915883,-0.00166279648,0.01497132052,1,-0.4007616043,0.0150633771,-0.163669914,13.84590912,0.07355423272,-0.4812526405,96.33760071
0.1892021894,0.315135181,-0.001970113488,0.01541317999,1,-0.0333000049,0.01553857978,-0.2663081288,0,-0.06861335784,-0.2929000258,97.28404999
0.1892021894,0.3199787438,-0.002156421775,0.01510012057,1,-0.09247434884,0.01525332034,-0.2530533671,0,-0.2518055439,-0.1606476754,98.12734985
0.1892021894,0.3248223364,-0.003637659829,0.01496560592,1,-0.1968401223,0.01540136151,-0.07764252275,0,-0.5636997819,-0.04239050299,103.6618271
0.1892021894,0.3296658993,-0.005840155762,0.01492937468,1,0.007724702358,0.01603102125,-0.02683442831,0,-0.6940186024,0.2168933898,111.3647232
0.1892021894,0.3345094621,-0.006961767562,0.01378509495,1,0.1696058214,0.015443285,-0.07689422369,0,-0.6056160927,0.4836345315,116.7947617
0.1892021894,0.3393530548,-0.007952005602,0.01221441012,1,0.1051378846,0.01457484812,-0.128400743,0,-0.4987503886,0.5758133531,123.0655289
0.1892021894,0.3441966176,-0.008868260309,0.01037417911,1,-0.3528199494,0.01364806388,-0.5789747238,0,0.1660878956,0.6629593372,130.5251465
0.1892021894,0.3490402102,-0.008856456727,0.006199005991,1,-1.282632828,0.01081038825,-1.288472176,0,1.287506819,0.435526222,145.0102234
0.1940457672,0.237637952,0.01045589801,0.01168223005,1,-0.7874055505,0.01567802019,-0.340108633,0,1.788475037,1.360547543,48.17063522
0.1940457672,0.2424815297,0.01288027689,0.007563599851,1,-0.4837374389,0.0149368532,0.2847680449,0,0.7064371705,1.045696497,30.42245483
0.1940457672,0.2473251075,0.0115345614,0.007996614091,1,-0.7665687799,0.01403538231,0.5079536438,0,0.1331924498,0.01906862855,34.73257065
0.1940457672,0.2521686852,0.009812469594,0.009931552224,1,-0.7838842273,0.01396138594,0.3689956963,0,0.1629242301,-0.5421452522,45.34556198
0.1940457672,0.257012248,0.008526897989,0.01240978949,1,-0.8664070368,0.01505692117,0.05813476443,0,0.4763019085,-0.8414911032,55.50662994
0.1940457672,0.2618558407,0.007922965102,0.01428896002,1,-1.035916805,0.01633853652,0.1653366685,0,0.6530566216,-0.5580564141,60.99244308
0.1940457672,0.2666994035,0.0066724848,0.0159136001,1,-1.34817481,0.01725586131,0.2059282064,0,0.7856274247,-0.1661491394,67.25196075
0.1940457672,0.2715429962,0.005198223516,0.01609114558,1,-1.530435562,0.01690995321,0.1990943849,0,0.7344815731,0.2847085297,72.09702301
0.1940457672,0.276386559,0.002817219589,0.01549892128,1,-1.462253809,0.01575288177,0.02203897387,0,0.4069648385,0.2422825098,79.69789886
0.1940457672,0.2812301517,8.684967906e-05,0.0150243789,1,-1.059416413,0.01502462942,-0.3193333447,0,0.3974737227,-0.2460497171,89.66880035
0.1940457672,0.2860737145,-0.0003889510699,0.0151439663,1,-0.8385374546,0.01514896005,-0.4695873857,0,0.4632585347,-0.05165962875,91.47122955
0.1940457672,0.2909172773,-0.001730837277,0.01300011948,1,-0.2682385445,0.01311483514,-0.3116034269,0,-0.1605948806,-0.2151696682,97.58376312
0.1940457672,0.29576087,-0.002466039034,0.01467688195,1,-0.2027411908,0.01488261484,0.06174443662,0,0.2297393531,-0.5054408312,99.53785706
0.1940457672,0.3006044328,-0.001600069576,0.01574732549,1,-0.4828407168,0.0158284083,-0.05279761553,0,0.6086844802,-0.5386012197,95.80184937
0.1940457672,0.3054480255,-0.001856504823,0.01702990942,1,-0.7777235508,0.01713080332,-0.1660281122,0,0.5250184536,-0.4414756,96.22148895
0.1940457672,0.3102915883,-0.00282406644,0.01708147675,1,-0.5912600756,0.01731335372,-0.3239095211,0,0.280061245,-0.1555996388,99.38774109
0.1940457672,0.315135181,-0.003363820724,0.01621468738,1,-0.3036118448,0.01655993238,-0.3859091401,0,0.02734491229,-0.1895775199,101.7200546
0.1940457672,0.3199787438,-0.004162186757,0.01613052934,1,-0.3783106804,0.01665886492,-0.5022227168,0,0.04716356099,-0.3259935975,104.4685287
0.1940457672,0.3248223364,-0.004967757501,0.01536110789,1,-0.2200898528,0.01614441909,-0.5404237509,0,-0.05678001046,-0.008797377348,107.9211273
0.1940457672,0.3296658993,-0.005503227469,0.0135555556,1,0.1614637375,0.01463005785,-0.3121181428,0,-0.4058107734,0.4512418807,112.0959625
0.1940457672,0.3345094621,-0.006151267793,0.0116637256,1,0.2348910868,0.0131863784,-0.151810661,0,-0.6410603523,0.4864805341,117.8064728
0.1940457672,0.3393530548,-0.007470539771,0.01046394277,1,0.07053878903,0.01285702363,0.2284823507,0,-0.6522605419,-0.02967648208,125.5242462
0.1940457672,0.3441966176,-0.008968882263,0.01291413791,1,-0.8974030018,0.01572309807,0.6958142519,0,0.1513914764,-0.7373628616,124.780014
0.1940457672,0.3490402102,-0.01108390465,0.01740564778,1,-2.750375509,0.02063515224,0.4674330056,0,1.877047658,-1.38718617,122.4889526
