PIVlab, ASCII chart output - 13-Mar-2024
FRAME: 71, filenames: A:[71]2 vortices tapados mismo sentido clase 4.mp4 & B:[72]2 vortices tapados mismo sentido clase 4.mp4, conversion factor xy (px -> m): 0.00030272, conversion factor uv (px/frame -> m/s): 0.0090842
x [m],y [m],u [m/s],v [m/s],Vector type [-],vorticity [1/s],magnitude [m/s],divergence [1/s],dcev [1],simple shear [1/s],simple strain [1/s],vector direction [degrees]
0.1262357086,0.237637952,0.004799431656,-0.006454240996,1,0.3818519711,0.008043119684,1.806356192,0,0.7216413617,1.491291761,-53.36517715
0.1262357086,0.2424815297,0.007471859455,-0.00569122145,1,0.4075103998,0.009392480366,0.8217914701,0,0.5754992962,0.8691384196,-37.2960701
0.1262357086,0.2473251075,0.009560715407,-0.006683569402,1,0.2178452611,0.01166522037,0.154567942,0,0.5090671182,0.4356396794,-34.95608139
0.1262357086,0.2521686852,0.01099271607,-0.007052614354,1,0.02697309852,0.01306059677,-0.110673368,0,0.366749227,-0.04252687097,-32.68307877
0.1262357086,0.257012248,0.01146773715,-0.007013641763,1,-0.1415935606,0.01344247535,-0.1469605267,0,0.115662314,-0.1935139894,-31.44985771
0.1262357086,0.2618558407,0.01086711604,-0.006827129051,1,-0.2347463965,0.01283370145,-0.1916493326,0,-0.07612846047,-0.2376725823,-32.13857651
0.1262357086,0.2666994035,0.00996199064,-0.006790724583,1,-0.2404075265,0.01205633394,-0.05461227521,0,-0.1257377863,-0.08812905848,-34.28082275
0.1262357086,0.2715429962,0.009093662724,-0.006664787885,1,-0.1268010139,0.01127448864,0.106421724,0,-0.04798082635,0.05307300016,-36.23786163
0.1262357086,0.276386559,0.009115421213,-0.006532325875,1,0.04795817286,0.01121437456,0.1083069593,0,0.03953648359,0.06865145266,-35.62627792
0.1262357086,0.2812301517,0.009517449886,-0.006472713314,1,0.0274528265,0.01150990278,-0.07864776254,0,0.04898516089,0.01688035019,-34.2191925
0.1262357086,0.2860737145,0.009485654533,-0.006995023694,1,-0.1222829819,0.0117859235,-0.2791708708,0,0.0310803093,0.04099074006,-36.40624619
0.1262357086,0.2909172773,0.009075704031,-0.008023436181,1,-0.2597794235,0.01211379096,-0.2502727211,0,-0.03368526697,0.1190712824,-41.47850418
0.1262357086,0.29576087,0.008064235561,-0.008783970028,1,-0.3295113444,0.01192434598,0.06125111133,0,-0.04697594047,0.2327499688,-47.4461174
0.1262357086,0.3006044328,0.007252158597,-0.008854104206,1,-0.1630447507,0.01144504081,0.3073359728,0,-0.03020393848,0.345453918,-50.68001556
0.1262357086,0.3054480255,0.007128220517,-0.008968597278,1,-0.09247709811,0.01145632006,0.06857446581,0,-0.1940823346,0.2784470022,-51.52240753
0.1262357086,0.3102915883,0.005864185747,-0.00987063814,1,-0.05117605627,0.01148120966,-0.1001319513,0,-0.3083338737,0.297858566,-59.28528595
0.1262357086,0.315135181,0.00538690621,-0.01089629531,1,-0.001205220819,0.01215516403,-0.1777641177,0,-0.2765731812,0.1090949848,-63.69314575
0.1262357086,0.3199787438,0.004518744536,-0.01126006246,1,-0.2225303203,0.01213293336,-0.3221569657,0,-0.5867903233,-0.2032230049,-68.13404846
0.1262357086,0.3248223364,0.001466898946,-0.01147236116,1,-0.6509585381,0.01156576257,-0.2358193398,0,-0.8560991287,-0.2907235324,-82.71347809
0.1262357086,0.3296658993,-0.002780806273,-0.01099412981,1,-0.7964081764,0.01134036016,-0.1361338496,0,-0.8009805679,-0.2407563627,-104.1944351
0.1262357086,0.3345094621,-0.006270153914,-0.01096561551,1,-0.7535289526,0.01263168827,0.08500902355,0,-0.6319645643,0.02015955374,-119.7609711
0.1262357086,0.3393530548,-0.009491551667,-0.01068002637,1,-0.5310379267,0.01428819541,0.3197038174,0,-0.3467474878,0.1455891728,-131.6281281
0.1262357086,0.3441966176,-0.01052177604,-0.01012227777,1,0.2182164639,0.01460028347,-0.09238617122,0,0.7023983002,-0.1677681655,-136.1086426
0.1262357086,0.3490402102,-0.005032482557,-0.01031490788,1,0.6682984829,0.01147707365,-1.48598218,0,1.598322153,-1.406441927,-116.007019
0.1310792714,0.237637952,0.01278561447,-0.005631345324,1,-0.3160948157,0.01397082675,0.7848789692,0,-0.1871250868,0.6416145563,-23.77079582
0.1310792714,0.2424815297,0.01156692207,-0.005284389015,1,-0.1932498068,0.01271685679,0.3710097671,0,-0.1774565727,0.4426403642,-24.55345726
0.1310792714,0.2473251075,0.01099006925,-0.005978293717,1,-0.1843616068,0.01251086034,-0.002508863807,7.751079559,-0.01078825444,0.1926695406,-28.54496765
0.1310792714,0.2521686852,0.01062169857,-0.006229750812,1,-0.1620815694,0.01231382415,-0.1180356592,2.714745998,0.0904635489,-0.03290620446,-30.39212227
0.1310792714,0.257012248,0.01064318232,-0.006390624214,1,-0.1652603149,0.01241440326,-0.1443716139,3.386892557,0.001268640161,-0.1003462523,-30.98241806
0.1310792714,0.2618558407,0.009827392176,-0.006442991085,1,-0.156630978,0.01175116096,-0.1486617029,0,-0.05537758395,-0.1233920828,-33.24947357
0.1310792714,0.2666994035,0.009616302326,-0.006513019558,1,-0.06502684206,0.01161433198,-0.06197679788,0.779288888,-0.006711050868,-0.05559483916,-34.10936737
0.1310792714,0.2715429962,0.009479924105,-0.006473902613,1,-0.03175159916,0.01147956308,0.02115606517,0.7018849254,0.01681914553,0.02935286239,-34.32942581
0.1310792714,0.276386559,0.009543975815,-0.006552721374,1,-0.0258545056,0.01157694403,0.05211493745,0,0.002718427218,0.04110326245,-34.47278976
0.1310792714,0.2812301517,0.009367862716,-0.0064205667,1,-0.07440531254,0.01135695912,-0.02225608379,1.798359513,-0.0567253381,-0.007620219141,-34.42604828
0.1310792714,0.2860737145,0.008908834308,-0.00662361132,1,-0.104539901,0.01110133156,-0.1882597655,0,-0.02137978375,0.02962093055,-36.63035965
0.1310792714,0.2909172773,0.008757962845,-0.007475885563,1,-0.1493572146,0.01151480712,-0.1753795296,0,0.1219823211,0.1293786019,-40.48440552
0.1310792714,0.29576087,0.008776241913,-0.008099731058,1,-0.1742524356,0.01194269955,0.04031671584,0,0.189759627,0.2584421039,-42.70439911
0.1310792714,0.3006044328,0.00883307308,-0.008532392792,1,-0.1851439625,0.01228107885,0.1697923243,3.010866165,0.01840537786,0.3999799788,-44.00802994
0.1310792714,0.3054480255,0.007968630642,-0.009214662947,1,-0.2836856842,0.01218232606,0.01260653138,6.950553417,-0.2304046601,0.4174777865,-49.14749527
0.1310792714,0.3102915883,0.006343036424,-0.0104934182,1,-0.2884720862,0.01226156298,-0.05511389673,2.064751625,-0.2788824737,0.4297577143,-58.84797287
0.1310792714,0.315135181,0.005220604595,-0.01156317629,1,-0.2396487594,0.0126870703,-0.113919735,0,-0.3996818066,0.2264902592,-65.70152283
0.1310792714,0.3199787438,0.003246389097,-0.01214222051,1,-0.3274753094,0.01256871317,-0.1332862228,0,-0.710781455,-0.04946584627,-75.03130341
0.1310792714,0.3248223364,0.0001917272166,-0.01196916681,1,-0.4757651091,0.01197070256,-0.01755543798,0,-0.9570478201,-0.2523028255,-89.08229065
0.1310792714,0.3296658993,-0.003693551989,-0.01100520324,1,-0.3157489598,0.01160848048,-0.09446945786,0,-0.9657840729,-0.3624444008,-108.5527191
0.1310792714,0.3345094621,-0.00601545861,-0.01067121327,1,-0.1571919322,0.01224991959,-0.08058758825,0,-0.8072112799,-0.2398681939,-119.4103394
0.1310792714,0.3393530548,-0.008364713751,-0.01023371518,1,-0.4770758748,0.01321731322,0.127863735,0,-0.5833705068,-0.2275590897,-129.2614899
0.1310792714,0.3441966176,-0.01115181297,-0.008949695155,1,-0.6293216944,0.01429895032,0.1034388989,25.57579803,-0.1289168894,-0.3448085785,-141.2518311
0.1310792714,0.3490402102,-0.01203730144,-0.008062593639,1,-0.6490359902,0.0144879967,-0.4597062171,0,0.2834030986,-0.8260052204,-146.1858063
0.1359228492,0.237637952,0.01170875318,-0.00582956709,1,-0.1217897981,0.01307970751,-0.1058468148,0,-0.0004017688334,-0.1945585907,-26.46784782
0.1359228492,0.2424815297,0.01141283102,-0.005614725873,1,-0.1578857303,0.01271919254,0.002932027914,5.296165943,-0.09543552995,0.00567538105,-26.1956234
0.1359228492,0.2473251075,0.01048177201,-0.005842854735,1,-0.2064544708,0.01200027019,-0.01387496479,8.575722694,-0.03122365475,0.03044526093,-29.13660622
0.1359228492,0.2521686852,0.01026161853,-0.005829394329,1,-0.08289655298,0.01180180721,-0.06032186374,1.626278281,0.04174032807,0.01486901566,-29.59992981
0.1359228492,0.257012248,0.01028242894,-0.00620704703,1,-0.08653628081,0.01201065257,-0.0991127342,0,-0.06050667912,0.005625292659,-31.11751938
0.1359228492,0.2618558407,0.009549404494,-0.006336701103,1,-0.100138694,0.01146057993,-0.032274995,1.883036137,-0.08359012008,0.02991476096,-33.56707001
0.1359228492,0.2666994035,0.009392524138,-0.00650826795,1,-0.0462648496,0.01142703183,-0.02348271012,1.675149679,0.00268172659,-0.00431692414,-34.71886444
0.1359228492,0.2715429962,0.009338306263,-0.006429532077,1,-0.02532369457,0.01133767422,-0.01821837574,0,0.06133136898,-0.04182428867,-34.54786301
0.1359228492,0.276386559,0.009566930123,-0.006393930875,1,-0.0738113448,0.01150688902,-0.02864946425,0,0.08092089742,-0.03741425276,-33.75626373
0.1359228492,0.2812301517,0.009372741915,-0.006387079135,1,-0.1490129679,0.01134209242,-0.03518722206,5.996502399,-0.02640570328,0.005753783509,-34.27257538
0.1359228492,0.2860737145,0.008717276156,-0.006592231803,1,-0.1155564338,0.01092924643,-0.004563817754,4.850944996,0.008229125291,0.06193783134,-37.09752274
0.1359228492,0.2909172773,0.008852895349,-0.006709184032,1,-0.06608525664,0.0111079663,0.04827460274,0,0.230017513,0.1367670894,-37.1567421
0.1359228492,0.29576087,0.009511294775,-0.007020852063,1,-0.07255288213,0.01182189025,0.01637095213,0,0.3118378818,0.2556599081,-36.43323898
0.1359228492,0.3006044328,0.0100118909,-0.007868198678,1,-0.1926950663,0.01273367647,0.04759845138,5.613759518,0.1307717115,0.3964469433,-38.16328812
0.1359228492,0.3054480255,0.009211364202,-0.008710526861,1,-0.3902986646,0.01267763786,0.1283950955,15.03920174,-0.09138898551,0.5322270989,-43.39925385
0.1359228492,0.3102915883,0.007678799331,-0.009824190289,1,-0.4402410388,0.01246910915,0.09249359369,15.13887215,-0.2367821932,0.7037978768,-51.98804855
0.1359228492,0.315135181,0.005932149477,-0.01167142671,1,-0.4227690399,0.01309246384,0.01219597459,3.884892464,-0.4124043882,0.691950202,-63.05747223
0.1359228492,0.3199787438,0.003633572021,-0.01311663259,1,-0.4564787149,0.01361061726,0.02472029626,0,-0.7352701426,0.4649033546,-74.5161972
0.1359228492,0.3248223364,0.0001598215022,-0.01380348764,1,-0.456078589,0.01380441245,0.03530263156,0,-1.325140476,0.2471269965,-89.3366394
0.1359228492,0.3296658993,-0.004993900657,-0.01414262038,1,-0.2794057131,0.01499842573,-0.1888271868,0,-1.368580699,-0.124712795,-109.4486313
0.1359228492,0.3345094621,-0.007822304033,-0.01411402971,1,-0.01953774691,0.01613673754,-0.123802036,0,-1.008737803,-0.732391119,-118.9961853
0.1359228492,0.3393530548,-0.009974433109,-0.01119487174,1,-0.1631313115,0.01499381382,0.2366669774,0,-0.6355682015,-1.087870121,-131.7004852
0.1359228492,0.3441966176,-0.01169086713,-0.007698531728,1,-0.2944346368,0.01399799157,0.4978331923,0,0.0290351212,-0.6162808537,-146.6347656
0.1359228492,0.3490402102,-0.01125991624,-0.005798573606,1,-0.5506702662,0.01266527362,0.4771585464,0,0.7286171317,-0.3073657751,-152.7526703
0.1407664269,0.237637952,0.01133057754,-0.005043393001,1,-0.0958057642,0.01240233053,-0.1637714058,0,0.2106114626,-0.1891602427,-23.99449158
0.1407664269,0.2424815297,0.01160861272,-0.004981906619,1,-0.1245371401,0.01263246965,-0.01834253967,4.245345116,0.07080644369,-0.0005547273904,-23.22688484
0.1407664269,0.2473251075,0.01107032876,-0.005129549652,1,-0.2162406147,0.0122010028,0.05340573937,8.715744972,-0.03296951205,0.1863974631,-24.86112785
0.1407664269,0.2521686852,0.01040154416,-0.005626062397,1,-0.1119075567,0.01182559505,-0.001846835017,3.684443951,-0.0697683692,0.2324840575,-28.40839005
0.1407664269,0.257012248,0.01019036863,-0.006264547817,1,-0.04016548768,0.01196194626,-0.0527965501,0,-0.08073356748,0.09931712598,-31.58119583
0.1407664269,0.2618558407,0.009815960191,-0.006362836808,1,-0.09003818035,0.01169781014,0.06969794631,0.3798676431,-0.0562825799,0.07205058634,-32.95185089
0.1407664269,0.2666994035,0.00948165264,-0.006275943015,1,-0.1594388187,0.0113705406,0.07880182564,5.699278355,0.03001849353,0.01507729292,-33.50073242
0.1407664269,0.2715429962,0.009189102799,-0.006054182071,1,-0.1564022005,0.01100421418,0.06044428796,4.244766235,0.1032056585,-0.03714457899,-33.37863541
0.1407664269,0.276386559,0.009223991074,-0.005803263746,1,-0.14269346,0.01089770067,-0.008371336386,0,0.1501666009,-0.05533521622,-32.17600632
0.1407664269,0.2812301517,0.009225299582,-0.005826708861,1,-0.1517000794,0.01091131009,-0.07454532385,0,0.1440071464,-0.02896278165,-32.27655411
0.1407664269,0.2860737145,0.009186729789,-0.006024046335,1,-0.1108667701,0.01098567806,0.02643927932,0,0.199422881,0.07082396001,-33.25419617
0.1407664269,0.2909172773,0.009654226713,-0.006041688845,1,-0.07572168857,0.01138885878,0.0861113444,0,0.2630036473,0.1302642822,-32.03865051
0.1407664269,0.29576087,0.0100938445,-0.006237904541,1,-0.06147345901,0.01186579745,0.0242709592,0,0.3359843493,0.2150323093,-31.71568871
0.1407664269,0.3006044328,0.01098384149,-0.006965656299,1,-0.1447203755,0.01300635003,-0.003609374166,0,0.3665730953,0.3120594025,-32.38177109
0.1407664269,0.3054480255,0.01116840541,-0.007766870782,1,-0.3496431112,0.0136035867,0.08451041579,11.90109444,0.187798813,0.6093896627,-34.81600189
0.1407664269,0.3102915883,0.01019993611,-0.009507949464,1,-0.5197364092,0.01394416764,0.1401872039,21.07867241,-0.004094213247,0.9136038423,-42.989048
0.1407664269,0.315135181,0.008631191216,-0.01151297428,1,-0.5787411928,0.0143890949,0.1991269886,16.86923218,-0.3672571778,1.021787286,-53.14138031
0.1407664269,0.3199787438,0.005617919378,-0.0134925684,1,-0.6196587682,0.01461541746,0.1354351938,0,-0.8403145671,1.098682046,-67.39455414
0.1407664269,0.3248223364,0.001559697092,-0.0161785353,1,-0.6993865967,0.01625354216,0.07001888752,0,-1.536590099,0.645655036,-84.49340057
0.1407664269,0.3296658993,-0.005212207325,-0.01628070697,1,-0.8630341887,0.01709469408,0.1533482075,0,-1.557125092,0.005511812866,-107.7522736
0.1407664269,0.3345094621,-0.01016249694,-0.01546248049,1,-0.6130690575,0.01850309782,0.02939766645,0,-0.8889971972,-0.7466210723,-123.3143539
0.1407664269,0.3393530548,-0.01248758193,-0.01252199989,1,-0.08841653913,0.01768446155,0.08566319942,0,-0.2342842817,-1.582429409,-134.9211578
0.1407664269,0.3441966176,-0.01172552351,-0.007382944226,1,-0.08859561384,0.01385625359,0.6724979877,0,0.3513528109,-1.527473688,-147.8035431
0.1407664269,0.3490402102,-0.01121489704,-0.001866265782,1,-0.6681807041,0.01136911847,0.979387641,0,0.8790268898,-1.298540711,-170.552002
0.1456100047,0.237637952,0.009999301285,-0.004345411435,1,0.1505762935,0.01090268884,-0.2451894432,0,0.3953009248,-0.1117539257,-23.48839188
0.1456100047,0.2424815297,0.01132130064,-0.00466856407,1,0.1547345966,0.01224611513,-0.1098337322,0,0.1846790165,0.01605575159,-22.40977859
0.1456100047,0.2473251075,0.01164327748,-0.004955166951,1,0.01552910078,0.01265383698,0.01666090637,0,-0.00367273856,0.2141855061,-23.05372047
0.1456100047,0.2521686852,0.01137872785,-0.005625289865,1,-0.08870393783,0.01269327849,0.06793758273,0,-0.1457352042,0.3669679761,-26.30636406
0.1456100047,0.257012248,0.01050775498,-0.006403541658,1,-0.08154070377,0.01230521314,0.09188589454,0,-0.154390946,0.2050075233,-31.35859108
0.1456100047,0.2618558407,0.01023597457,-0.006173203234,1,-0.1355307847,0.011953393,0.1401942074,0,-0.0008394867182,-0.02764143795,-31.09371567
0.1456100047,0.2666994035,0.009847234935,-0.005590616725,1,-0.1562522054,0.01132356096,0.140057236,2.907521248,-0.005779735744,-0.06662920862,-29.5850811
0.1456100047,0.2715429962,0.009451160207,-0.005172101315,1,-0.08666818589,0.01077381335,0.0679153204,1.726457953,-0.03490980715,-0.05909332633,-28.68946838
0.1456100047,0.276386559,0.009258362465,-0.004975440446,1,-0.02519284561,0.01051057968,-0.007841030136,0,-0.09450541437,-0.05270521343,-28.25356674
0.1456100047,0.2812301517,0.008871392347,-0.004954798147,1,-0.08037510514,0.01016128063,-0.06960560381,0,0.06592623889,-0.04609419778,-29.18397713
0.1456100047,0.2860737145,0.00918837823,-0.005089319777,1,-0.05947939306,0.01050368883,-0.09283613414,0,0.2720368207,-0.06935272366,-28.98147964
0.1456100047,0.2909172773,0.009900927544,-0.005068541504,1,-0.06164358556,0.0111228805,0.01204542164,0,0.3676158786,0.0133697493,-27.10908508
0.1456100047,0.29576087,0.0106703788,-0.005095734261,1,-0.08271878958,0.01182469819,0.0663427636,0,0.414078176,0.1330635846,-25.52722359
0.1456100047,0.3006044328,0.0115058925,-0.005391709041,1,-0.09710972011,0.01270653773,-0.09249767661,0,0.4897831082,0.1163667291,-25.10798264
0.1456100047,0.3054480255,0.01257232297,-0.00610738527,1,-0.1814891994,0.01397724822,-0.04855591059,0,0.445142597,0.3509273827,-25.90956306
0.1456100047,0.3102915883,0.01278291829,-0.007326637395,1,-0.4890996218,0.0147337243,-0.03737220168,14.7620163,0.3390905261,0.899889946,-29.81954384
0.1456100047,0.315135181,0.01184574235,-0.01064708736,1,-0.6460137367,0.01592740044,-0.02620381117,27.18444443,-0.008833438158,1.389848232,-41.94956207
0.1456100047,0.3199787438,0.00961111486,-0.01418539602,1,-0.887619555,0.01713472977,-0.05259543657,15.18753338,-0.8093695045,1.436275244,-55.88095093
0.1456100047,0.3248223364,0.00362624391,-0.01785854809,1,-1.475127935,0.01822299138,0.1399086416,20.98790932,-1.381348252,0.825168252,-78.52193451
0.1456100047,0.3296658993,-0.004224449862,-0.01750450395,1,-1.508928537,0.01800704375,0.156889379,0,-1.571959615,-0.3402733207,-103.5680389
0.1456100047,0.3345094621,-0.0112962313,-0.01545050927,1,-1.039406776,0.01913956739,-0.197117269,0,-1.64449501,-1.35392952,-126.1714172
0.1456100047,0.3393530548,-0.01722413674,-0.01190139353,1,-0.7233533859,0.0209359508,-0.1791584492,28.11988258,-0.213098526,-2.219572067,-145.3566132
0.1456100047,0.3441966176,-0.01583200879,-0.00556760747,1,0.1169047952,0.01678245328,0.4627203345,0,0.795308888,-2.34446907,-160.6248779
0.1456100047,0.3490402102,-0.01280575898,0.001695446437,1,0.1916816533,0.01291750744,1.14789784,0,1.057907343,-1.851137996,172.4580688
0.1504535824,0.237637952,0.009601694532,-0.003858050331,1,0.2368526459,0.01034780592,-0.09460333735,0,0.4042838812,0.3095682263,-21.89072037
0.1504535824,0.2424815297,0.0111543918,-0.004836868495,1,0.2095970511,0.01215795055,-0.04941564053,0,0.3244620562,0.2322986126,-23.44295502
0.1504535824,0.2473251075,0.01218845136,-0.00522255525,1,0.08942446858,0.01326022018,0.03866267204,0,0.1900489628,0.2586300969,-23.1943531
0.1504535824,0.2521686852,0.01250804309,-0.005902297795,1,-0.09753911197,0.01383069996,0.05550666153,3.291113377,-0.01808973029,0.343486011,-25.26169586
0.1504535824,0.257012248,0.01162839495,-0.006617403589,1,-0.2148851156,0.01337944716,0.192241922,0,-0.2283667326,0.1526330262,-29.64302826
0.1504535824,0.2618558407,0.01036111824,-0.00571044907,1,-0.2518692613,0.01183055434,0.1038186848,8.291689873,-0.1179168895,-0.1171513796,-28.86101151
0.1504535824,0.2666994035,0.009837307036,-0.005547117908,1,-0.1595502943,0.01129349973,-0.04055029154,5.712491035,-0.07360079885,-0.02134191431,-29.41803551
0.1504535824,0.2715429962,0.00923183281,-0.005803486332,1,-0.08306092024,0.01090445742,-0.12701644,0,-0.1041098982,-0.004820261151,-32.15505219
0.1504535824,0.276386559,0.008930730633,-0.00613898458,1,-0.02969868667,0.01083720848,-0.05012928694,0,-0.08734996617,-0.1916361451,-34.50463486
0.1504535824,0.2812301517,0.008664898574,-0.005118086934,1,-0.1089952961,0.01006356254,0.04922200739,4.095951557,-0.0003402382135,-0.3060241938,-30.56902695
0.1504535824,0.2860737145,0.008401155472,-0.004418321885,1,-0.03477489948,0.009492154233,-0.06686332077,0,0.2644464374,-0.3054376245,-27.74070549
0.1504535824,0.2909172773,0.009777327068,-0.003962537274,1,0.03768464923,0.01054977812,-0.115330264,0,0.5111925602,-0.236458078,-22.06163788
0.1504535824,0.29576087,0.01105968468,-0.003831629874,1,-0.1313522011,0.01170461439,-0.1507336348,0,0.4043169618,-0.1176056415,-19.10865402
0.1504535824,0.3006044328,0.01109945308,-0.004122995306,1,-0.1452761889,0.01184047945,-0.153870374,0,0.4700940251,0.03196357563,-20.37798309
0.1504535824,0.3054480255,0.01263296511,-0.004731731024,1,0.05242583156,0.01349003706,-0.1446135193,0,0.624378562,0.1389683634,-20.53365135
0.1504535824,0.3102915883,0.01437760796,-0.00549654616,1,-0.1140429676,0.01539245341,-0.1681964993,0,0.6514854431,0.5946715474,-20.92180824
0.1504535824,0.315135181,0.0152361095,-0.008426741697,1,-0.9001972675,0.01741117425,-0.2829415202,29.91127205,0.4753608406,1.289658785,-28.94597244
0.1504535824,0.3199787438,0.01231987961,-0.01311355829,1,-1.853534818,0.01799291,-0.2018444538,77.60427094,-0.005006015301,1.304803252,-46.78739548
0.1504535824,0.3248223364,0.006234121975,-0.01572430693,1,-3.287625551,0.01691502519,0.1202954054,136.6649933,-0.5154147148,0.8372124434,-68.37345886
0.1504535824,0.3296658993,-0.006100441795,-0.01658600196,1,-3.740933418,0.01767231897,-0.03001222014,149.2982635,-1.195357442,0.5210213065,-110.1938553
0.1504535824,0.3345094621,-0.01767511293,-0.01839327253,1,-2.904459953,0.02550925501,-0.03719443083,117.4325104,-0.8129527569,-1.386498928,-133.8593292
0.1504535824,0.3393530548,-0.02410602011,-0.01005054079,1,-1.266199589,0.02611730434,0.7432863712,34.61103821,0.6127967834,-2.208298683,-157.3672485
0.1504535824,0.3441966176,-0.02083992027,-0.004097041208,1,0.4544668794,0.02123883367,0.3625274897,0,1.503780603,-2.193415165,-168.8777313
0.1504535824,0.3490402102,-0.01462109573,0.002329365583,1,1.397185564,0.01480548456,0.5207003355,0,1.170670509,-2.132870197,170.9479675
0.1552971601,0.237637952,0.01104050037,-0.003534445306,1,0.1634210348,0.01159245241,0.1556329429,0,0.3182923794,0.3942008317,-17.75166321
0.1552971601,0.2424815297,0.01220710855,-0.004112206399,1,0.02004799247,0.01288113929,0.1704882085,0,0.4016935229,0.3631844223,-18.61711693
0.1552971601,0.2473251075,0.01308323815,-0.004467784427,1,-0.1163444072,0.01382505801,0.04337820411,0,0.3443104625,0.2763184607,-18.85448074
0.1552971601,0.2521686852,0.01331127994,-0.005240470637,1,-0.2584466934,0.01430568751,-0.05493304133,10.20042324,0.07158978283,0.3582036197,-21.48888588
0.1552971601,0.257012248,0.01217818353,-0.006468840875,1,-0.5042546988,0.01378963608,0.02133912407,20.33434105,-0.1440023482,0.07995776087,-27.97647095
0.1552971601,0.2618558407,0.01017139666,-0.005524394568,1,-0.4947608113,0.01157481037,0.05087532848,20.62792206,-0.04837663472,-0.2163913846,-28.50773048
0.1552971601,0.2666994035,0.009547455236,-0.005174313672,1,-0.3219717145,0.01085943915,-0.08443812281,12.96954441,0.04143573344,-0.13612324,-28.45580482
0.1552971601,0.2715429962,0.008812598884,-0.005274053663,1,-0.3619152308,0.01027022582,-0.1395180374,13.83279896,0.06046402454,-0.1229259223,-30.89914703
0.1552971601,0.276386559,0.00808735285,-0.005254678894,1,-0.4297485948,0.00964452792,-0.2170448601,13.53838825,0.1850848645,-0.391613096,-33.01340485
0.1552971601,0.2812301517,0.007627550978,-0.004428518936,1,-0.3591333926,0.008819938637,-0.1987814903,8.794978142,0.2141489685,-0.5321426988,-30.13924026
0.1552971601,0.2860737145,0.007385109551,-0.003640017938,1,-0.2386097163,0.008233441971,-0.1199030876,0,0.3561806679,-0.4612736106,-26.23805046
0.1552971601,0.2909172773,0.008197013289,-0.002775069326,1,-0.09316211939,0.008654018864,-0.2435041368,0,0.5030961037,-0.4786275923,-18.70334435
0.1552971601,0.29576087,0.009370656684,-0.002501179231,1,-0.06646668911,0.009698715992,-0.3284047842,0,0.6277076602,-0.4035462737,-14.94475937
0.1552971601,0.3006044328,0.01091542747,-0.002411115682,1,-0.187104851,0.01117855217,-0.2319331765,0,0.842472434,-0.05935240537,-12.45608234
0.1552971601,0.3054480255,0.01254498027,-0.003337087575,1,-0.1331902444,0.01298124343,-0.2321522832,0,0.9452254772,0.01717280596,-14.89627361
0.1552971601,0.3102915883,0.01484858338,-0.003618741175,1,-0.2237187326,0.01528318413,-0.07122778147,0,1.086072087,0.06242905185,-13.69652843
0.1552971601,0.315135181,0.01672185585,-0.003984464798,1,-1.141940236,0.01719000936,-0.195064947,0,1.163576722,0.1379868537,-13.40245438
0.1552971601,0.3199787438,0.01495338138,-0.0052319034,1,-2.79324913,0.01584223472,-0.07076331973,109.0295181,1.047050834,0.02145449445,-19.28396988
0.1552971601,0.3248223364,0.008264007978,-0.004431128968,1,-4.45725441,0.009377032518,0.1570114791,182.9370575,0.9888286591,0.145223856,-28.200037
0.1552971601,0.3296658993,-0.001846209052,-0.005174809135,1,-6.088496208,0.005494282115,0.1515476555,255,0.6263992786,0.3350906968,-109.6348038
0.1552971601,0.3345094621,-0.01819200069,-0.005320131313,1,-5.433816433,0.01895396225,0.4367451668,225.6619263,0.7938933372,-0.05348752439,-163.6987915
0.1552971601,0.3393530548,-0.02432003804,-0.00280032889,1,-2.582972288,0.02448072843,0.297331363,94.62615967,1.239326358,-0.7008887529,-173.4315948
0.1552971601,0.3441966176,-0.0247000549,-0.0004851744743,1,-0.6153978109,0.02470481955,-0.3032096326,0,1.380454183,-1.0048877,-178.8746948
0.1552971601,0.3490402102,-0.02061442845,0.0005983035662,1,0.937284708,0.02062311023,-1.024645448,0,0.7497384548,-1.472031593,178.3375397
0.1601407379,0.237637952,0.01226485707,-0.003107918892,1,0.1637308747,0.01265250426,0.2044096291,0,0.4450833797,0.1550328135,-14.21946049
0.1601407379,0.2424815297,0.01373927668,-0.002988338703,1,-0.1183644533,0.01406050846,0.252813369,0,0.4222864211,0.2287441194,-12.27090359
0.1601407379,0.2473251075,0.01373692695,-0.002991337562,1,-0.3128590286,0.01405885071,0.09698273242,0,0.3619304001,0.3685591817,-12.28488159
0.1601407379,0.2521686852,0.01397695765,-0.004303740337,1,-0.4262693524,0.01462455187,0.1293883324,16.65991974,0.09224040806,0.5177704096,-17.11448097
0.1601407379,0.257012248,0.01211903431,-0.004872493446,1,-0.9097400308,0.01306185964,0.09325221181,38.11528397,-0.002298474312,-0.06270432472,-21.90273857
0.1601407379,0.2618558407,0.009559428319,-0.003548352746,1,-0.7988430858,0.01019673888,0.01185468584,33.33832169,0.1071986556,-0.2122704983,-20.36436081
0.1601407379,0.2666994035,0.00876900088,-0.003786925692,1,-0.5156825185,0.009551763535,-0.1362562031,19.43475342,0.1856034845,-0.0930429399,-23.35727882
0.1601407379,0.2715429962,0.00796066504,-0.003757659579,1,-0.7019261122,0.008802965283,-0.07891574502,28.88846397,0.1266587079,-0.2081456184,-25.2686367
0.1601407379,0.276386559,0.005982648581,-0.003160990775,1,-0.8623367548,0.006766383536,-0.1365735382,33.91419983,0.2768078744,-0.4289835095,-27.85017204
0.1601407379,0.2812301517,0.005124610383,-0.002341349144,1,-0.5589413643,0.005634141155,-0.1829311401,9.543399811,0.4770870209,-0.5181342959,-24.55487061
0.1601407379,0.2860737145,0.005586180836,-0.00153740833,1,-0.3074207604,0.00579387974,-0.2100072205,0,0.545884788,-0.4715574086,-15.38777447
0.1601407379,0.2909172773,0.00627962593,-0.001074514352,1,-0.2040682733,0.006370893214,-0.2812615633,0,0.6021710634,-0.5017733574,-9.7099123
0.1601407379,0.29576087,0.007514422759,-0.0004693423398,1,-0.194036603,0.007529065944,-0.1949167699,0,0.8978475332,-0.5951077938,-3.573987007
0.1601407379,0.3006044328,0.009688588791,0.0008638420841,1,-0.4013686478,0.009727022611,-0.2329876423,0,1.243158102,-0.4313951135,5.09506321
0.1601407379,0.3054480255,0.01159169525,0.0004916597391,1,-0.6221035719,0.01160211768,-0.310934335,0,1.581394792,-0.3075660169,2.428734779
0.1601407379,0.3102915883,0.01433499064,0.000847527408,1,-0.9501009583,0.01436002273,-0.1179458052,0,1.64544487,-0.5821789503,3.38355875
0.1601407379,0.315135181,0.01495964732,0.002740208991,1,-1.906766772,0.01520854328,-0.2332640886,51.64770126,1.441420197,-1.191172838,10.37999058
0.1601407379,0.3199787438,0.01208104845,0.005487232935,1,-3.006064892,0.01326881535,-0.04384750128,109.5410614,1.506837368,-1.677765846,24.42762947
0.1601407379,0.3248223364,0.007698022295,0.01065421943,1,-4.358059883,0.01314427424,0.4355624318,176.7626953,1.090966344,-1.722115636,54.15065765
0.1601407379,0.3296658993,-0.003743370995,0.01593811437,1,-5.255110741,0.01637181453,-0.3097017705,220.3119812,0.3998425007,-0.540297389,103.2174454
0.1601407379,0.3345094621,-0.0158187747,0.01177112386,1,-5.219788074,0.01971783489,-0.6361663938,216.6840515,0.6121792793,0.9071256518,143.3461914
0.1601407379,0.3393530548,-0.02606068179,0.008463059552,1,-3.269366741,0.0274004098,-0.8788588047,126.7874069,0.9246090651,0.4014140368,162.009079
0.1601407379,0.3441966176,-0.02717579156,0.005570022855,1,-1.20319593,0.02774074301,-0.6980768442,0,1.06832397,0.7558254004,168.4169159
0.1601407379,0.3490402102,-0.02671394497,0.001420970773,1,-0.4387629628,0.0267517101,-1.102174282,0,0.6294670701,0.6110384464,176.9551849
0.1649843156,0.237637952,0.01278148778,-0.002171692671,1,0.1282081008,0.01296467055,0.119287625,0,0.597735405,-0.1607412547,-9.642990112
0.1649843156,0.2424815297,0.01453956962,-0.00149352185,1,-0.06063610315,0.0146160759,0.1194222122,0,0.5884770751,-0.08131849766,-5.864919662
0.1649843156,0.2473251075,0.01533812657,-0.001199389459,1,-0.1578970253,0.01538494881,0.0618300736,0,0.5514643192,0.3169114888,-4.471237183
0.1649843156,0.2521686852,0.0164458435,-0.002729028463,1,-0.8301081657,0.01667073369,0.03341811895,33.81577682,0.2082565129,0.2139022648,-9.421825409
0.1649843156,0.257012248,0.01232614461,-0.00207357714,1,-1.356447816,0.01249934267,0.1768857688,56.33917618,-0.1393837929,-0.1520276219,-9.549224854
0.1649843156,0.2618558407,0.009200667031,-0.001135910861,1,-0.8633875847,0.009270521812,0.06407670677,36.17529297,0.0604031682,0.002965519205,-7.038100719
0.1649843156,0.2666994035,0.008436826989,-0.001777580357,1,-0.6357257962,0.008622055873,-0.06055451185,24.13542366,0.2685442567,-0.03478266299,-11.89780235
0.1649843156,0.2715429962,0.007422194816,-0.00126073882,1,-0.8696370721,0.007528508082,0.08645097911,35.11322021,0.2319279313,-0.3348155618,-9.640285492
0.1649843156,0.276386559,0.005348033272,0.0002628567454,1,-1.025331616,0.0053544892,0.140296638,39.89482498,0.3666638136,-0.2417151332,2.81383276
0.1649843156,0.2812301517,0.004231886007,0.0005895649665,1,-0.7844285369,0.004272756167,-0.05539887771,24.49687767,0.5234366059,-0.1029210091,7.931110382
0.1649843156,0.2860737145,0.004083898384,0.0004930339055,1,-0.5254335999,0.004113551695,-0.2336840928,0,0.5610348582,-0.3452648818,6.883792877
0.1649843156,0.2909172773,0.00440432271,0.00113001361,1,-0.3035445809,0.004546975717,-0.1330105662,0,0.6050186157,-0.6067125797,14.38994026
0.1649843156,0.29576087,0.005544111133,0.00278744637,1,-0.2838124037,0.00620540278,0.07179817557,0,0.9637055397,-0.8416306973,26.69215584
0.1649843156,0.3006044328,0.00769743789,0.00555427745,1,-0.4548839927,0.00949213095,0.05075412989,0,1.281775713,-0.8882793188,35.81327057
0.1649843156,0.3054480255,0.009549225681,0.007335727569,1,-0.8240998983,0.01204161998,-0.06794533134,0,1.600393176,-0.7696392536,37.53151703
0.1649843156,0.3102915883,0.0114574749,0.008952986449,1,-1.525159359,0.01454062201,-0.1700853109,0,1.58157599,-1.181117058,38.00442886
0.1649843156,0.315135181,0.009822485037,0.01223273855,1,-2.286221981,0.01568824798,-0.1814754009,79.23648071,1.286369801,-1.765780091,51.23668671
0.1649843156,0.3199787438,0.006614613347,0.01662668958,1,-2.780366421,0.0178941302,-0.08862257004,106.1268768,1.17205143,-2.097243786,68.30580139
0.1649843156,0.3248223364,0.002032486955,0.02196165174,1,-2.993847132,0.02205550112,-0.5540046692,122.786232,0.3970354795,-1.707842827,84.71250153
0.1649843156,0.3296658993,-0.005963246338,0.0222153943,1,-3.044876099,0.02300182544,-0.3375190496,122.2047424,-0.8597033024,-0.5369185209,105.0256195
0.1649843156,0.3345094621,-0.01687958837,0.0229274556,1,-3.357963324,0.02847084031,-0.2503931224,135.739212,-0.9094054699,0.7203511,126.3611526
0.1649843156,0.3393530548,-0.02663257904,0.01751351915,1,-2.232279778,0.03187503293,-0.9375690818,80.4442215,0.6754229665,1.624658108,146.6711884
0.1649843156,0.3441966176,-0.0244203452,0.01051710919,1,-0.4469270706,0.02658877335,-0.3768602014,0,1.198292255,2.047207594,156.6999054
0.1649843156,0.3490402102,-0.02299328335,0.005772358738,1,-0.5662080646,0.02370677516,-0.0416098237,0,1.155465603,1.917576551,165.9073944
0.1698278934,0.237637952,0.01206407323,-0.0008337268955,1,-0.02444660664,0.01209284831,0.1632106602,0,0.7923755646,-0.2453379631,-3.953325033
0.1698278934,0.2424815297,0.01392383501,0.0001556915377,1,-0.01187416911,0.0139247058,-0.04301078618,0,0.7359914184,-0.3069141209,0.6406350136
0.1698278934,0.2473251075,0.01557139121,0.0004445094382,1,-0.2284632027,0.01557773445,-0.04831321537,0,0.4867511988,-0.1659882367,1.635152578
0.1698278934,0.2521686852,0.01517487317,0.0007256596582,1,-0.9707092047,0.01519221347,-0.2517865002,37.64651489,0.2827962637,-0.3711078465,2.737787962
0.1698278934,0.257012248,0.01223943662,0.001022450859,1,-1.085781097,0.01228206884,-0.008874448016,45.72953415,-0.006535589695,-0.0502570942,4.775253773
0.1698278934,0.2618558407,0.009884152561,0.0009260997176,1,-0.8355183601,0.009927443229,0.08035506308,35.01377869,0.0236786902,0.1690238714,5.352724552
0.1698278934,0.2666994035,0.008307227865,0.0005929765757,1,-0.9259400964,0.008328364231,-0.009203776717,37.16561127,0.2804543376,-0.1437647194,4.082893848
0.1698278934,0.2715429962,0.006757691968,0.001577856136,1,-0.9483902454,0.00693945447,0.01243284345,36.82862854,0.367041558,-0.6045224667,13.14255619
0.1698278934,0.276386559,0.005491420161,0.003581247525,1,-0.8218442202,0.006555992179,0.09108652174,31.53634071,0.3263599873,-0.4076236486,33.11051178
0.1698278934,0.2812301517,0.004357775673,0.003993397579,1,-0.9333615303,0.005910789594,-0.09362953901,35.80200958,0.3739767373,-0.1233056784,42.50165939
0.1698278934,0.2860737145,0.002781996503,0.003724986222,1,-0.9104005098,0.004649196286,-0.2432172894,28.18078232,0.5674594641,-0.1054642424,53.24588013
0.1698278934,0.2909172773,0.002696719486,0.003326182021,1,-0.5948174596,0.004282030277,-0.108023867,0,0.8020367026,-0.4895851016,50.96640778
0.1698278934,0.29576087,0.003785678884,0.005573107861,1,-0.3182201385,0.006737276446,0.2399989069,0,0.9242290258,-0.988288641,55.81267166
0.1698278934,0.3006044328,0.005631970707,0.009275488555,1,-0.2048280537,0.01085144095,0.2546647191,0,0.9788655043,-1.120718002,58.73435593
0.1698278934,0.3054480255,0.007534789387,0.01223488059,1,-0.4968425632,0.01436890196,0.169275105,0,0.9424565434,-1.19743228,58.37337112
0.1698278934,0.3102915883,0.007790336851,0.01589524187,1,-1.167856693,0.01770163886,0.0863275528,37.40361404,0.7535295486,-1.526004434,63.89030075
0.1698278934,0.315135181,0.005527963862,0.0200443361,1,-1.702842236,0.02079263702,0.1634656787,69.34510803,0.4028317332,-1.640125394,74.58184814
0.1698278934,0.3199787438,0.001493634772,0.02463107556,1,-1.912207365,0.02467632107,-0.07557731867,80.37036133,0.09838783741,-1.527786255,86.52981567
0.1698278934,0.3248223364,-0.003257412231,0.02707822248,1,-1.601613522,0.02727344632,-0.5805522203,61.07635117,-0.3540508151,-0.9709849358,96.85951233
0.1698278934,0.3296658993,-0.007978777401,0.02652216703,1,-1.580626369,0.02769632079,-0.6458462477,56.29769135,-0.5428279638,0.06588575244,106.7430954
0.1698278934,0.3345094621,-0.0135424966,0.02363090403,1,-1.61550045,0.02723634988,0.05291825533,31.53233528,-1.43058157,0.8736799359,119.81633
0.1698278934,0.3393530548,-0.02273271233,0.02254674397,1,-0.7805035114,0.03201768175,0.1359388828,28.51385117,-0.3638650179,2.219550371,135.235321
0.1698278934,0.3441966176,-0.01908533461,0.01353877038,1,0.03745293617,0.02339974977,-0.4390258789,0,1.016552687,2.200905323,144.6488495
0.1698278934,0.3490402102,-0.01762755401,0.009760031477,1,-0.2816947401,0.02014916576,0.0728661418,0,0.8836365938,1.633170366,151.0275574
0.1746714562,0.237637952,0.01238369849,0.001784642925,1,-0.3864801526,0.01251163147,0.1243510842,0,0.5768291354,-0.01776480302,8.200565338
0.1746714562,0.2424815297,0.0128446836,0.002128817607,1,-0.1856877804,0.01301989891,-0.120784156,0,0.5813548565,-0.2199172676,9.410393715
0.1746714562,0.2473251075,0.01430014241,0.002264801878,1,-0.3260996938,0.01447837707,-0.2177657187,0,0.44669801,-0.4683234394,8.999537468
0.1746714562,0.2521686852,0.01342881098,0.003342413343,1,-0.6829364896,0.01383852214,-0.2802929282,24.5980072,0.2162548155,-0.463839829,13.97683907
0.1746714562,0.257012248,0.01203973684,0.003153824015,1,-0.7703635097,0.01244595833,-0.1468595117,31.24588394,0.1468038857,-0.08146512508,14.67888641
0.1746714562,0.2618558407,0.01040855143,0.003025670536,1,-1.002386093,0.01083940174,0.07219791412,41.87434006,0.1055648327,-0.1160620302,16.20866394
0.1746714562,0.2666994035,0.007695913315,0.004065675661,1,-1.31444931,0.008703838103,0.0797008723,55.08131409,0.1058005095,-0.3507612944,27.84705544
0.1746714562,0.2715429962,0.004554367159,0.005110647529,1,-1.079679012,0.006845507771,-0.1807408929,43.27256393,0.278401643,-0.5438173413,48.29408264
0.1746714562,0.276386559,0.003814863507,0.005824264605,1,-0.6207099557,0.006962416228,-0.1944429576,20.36445808,0.3371959925,-0.5683611631,56.77540588
0.1746714562,0.2812301517,0.003181145061,0.006921749562,1,-0.6144820452,0.007617762312,-0.03653803468,22.00646782,0.3213456571,-0.4137154222,65.31711578
0.1746714562,0.2860737145,0.002395034768,0.007651152555,1,-0.7333130836,0.008017252199,-0.01383890957,26.19599533,0.3882399797,-0.2149358392,72.6183548
0.1746714562,0.2909172773,0.001509761671,0.007895775139,1,-0.768040657,0.00803882163,-0.1033635587,15.21110058,0.669907093,-0.341655165,79.17506409
0.1746714562,0.29576087,0.001919716946,0.008805336431,1,-0.4410832524,0.00901217293,-0.04646924138,0,0.8525325656,-0.7467378378,77.70097351
0.1746714562,0.3006044328,0.003502648324,0.01128758024,1,-0.1607822776,0.01181854494,0.04365408421,0,0.7078071237,-1.092229009,72.76036835
0.1746714562,0.3054480255,0.004569274373,0.01430707425,1,-0.2057383955,0.01501900982,0.158046782,0,0.40840891,-1.281338692,72.28799438
0.1746714562,0.3102915883,0.004484298639,0.0182593558,1,-0.4346182048,0.01880194247,0.2180681825,15.73297977,0.04253312945,-1.459337234,76.20186615
0.1746714562,0.315135181,0.00267017982,0.02243171819,1,-0.6919435263,0.022590084,0.2757159472,17.88762283,-0.4715950489,-1.397797823,83.21168518
0.1746714562,0.3199787438,-0.001151390723,0.02636514977,1,-0.6759145856,0.02639027871,0.1776322424,0,-1.007277489,-0.9728790522,92.50056458
0.1746714562,0.3248223364,-0.005482492037,0.02800430916,1,-0.4765393138,0.02853592485,-0.09793576598,0,-1.096870899,-0.2789784372,101.0768738
0.1746714562,0.3296658993,-0.008772325702,0.02724204399,1,-0.3973860741,0.02861961909,-0.4424634278,0,-1.029054165,0.4207824767,107.8492966
0.1746714562,0.3345094621,-0.01239154488,0.02382312343,1,-0.4492367208,0.02685314976,-0.5689926147,0,-0.8826869726,1.022910595,117.4810867
0.1746714562,0.3393530548,-0.01522360183,0.01953153685,1,0.05357000232,0.02476366237,0.06150996685,0,-0.775146842,1.829557538,127.934166
0.1746714562,0.3441966176,-0.01588655822,0.01525944751,1,-0.1030984968,0.02202801593,-0.2737848759,0,0.2050120384,1.401591063,136.1534729
0.1746714562,0.3490402102,-0.01472997572,0.01141672302,1,0.1103037,0.01863635518,-0.2779359818,0,0.3672684729,1.308788896,142.2219238
0.179515034,0.237637952,0.01258033141,0.003832129529,1,-0.5228402615,0.01315104403,-0.1124279648,0,0.3961951137,-0.1284437329,16.94140625
0.179515034,0.2424815297,0.01227362361,0.00387091632,1,-0.3475219607,0.01286956947,-0.1528494507,5.894705772,0.2789649367,-0.2262414843,17.50449181
0.179515034,0.2473251075,0.01224827021,0.004187609535,1,-0.4176182747,0.01294435002,-0.2389410883,8.740984917,0.2724756002,-0.4887646437,18.87524605
0.179515034,0.2521686852,0.01157061383,0.005080956034,1,-0.5445397496,0.01263705734,-0.1687816083,17.32486534,0.314391315,-0.4324726164,23.70752144
0.179515034,0.257012248,0.01113353018,0.005464815535,1,-0.8532634377,0.01240240782,-0.03647319973,30.19690704,0.4612143636,-0.2866150737,26.1437912
0.179515034,0.2618558407,0.009671693668,0.006292537786,1,-1.230555177,0.0115385307,0.06761758029,49.2688942,0.3759796917,-0.3467952609,33.04858398
0.179515034,0.2666994035,0.00699432753,0.00747205643,1,-1.363750696,0.01023485418,0.04495166242,57.38663864,0.03757184744,-0.339738667,46.89141083
0.179515034,0.2715429962,0.00324824336,0.008155815303,1,-1.091167688,0.008778861724,-0.00392126292,45.95216751,0.01807612181,-0.1585334241,68.28392792
0.179515034,0.276386559,0.001796724624,0.008220932446,1,-0.6261430979,0.008414983749,-0.1559231281,19.01181412,0.4049632251,-0.2323809266,77.67158508
0.179515034,0.2812301517,0.002176941372,0.008526144549,1,-0.4852919579,0.008799671195,-0.1285054088,3.636334419,0.4599357843,-0.3218283951,75.67694855
0.179515034,0.2860737145,0.001673909952,0.009157307446,1,-0.6474159956,0.009309041314,-0.05362865329,23.83911514,0.3097097576,-0.417996496,79.64099121
0.179515034,0.2909172773,0.0005412400933,0.01029098313,1,-0.6932989359,0.01030520629,0.07078316808,25.36588478,0.3360866606,-0.4828406572,86.98937988
0.179515034,0.29576087,-5.627527571e-05,0.01183882728,1,-0.5687044263,0.01183896139,-0.01978096366,0,0.5711579919,-0.6787110567,90.2723465
0.179515034,0.3006044328,0.0005531241186,0.01348256227,1,-0.1858380735,0.01349390298,-0.06107610464,0,0.629791081,-0.7569912672,87.65074921
0.179515034,0.3054480255,0.002094045747,0.01520954631,1,-0.02668277919,0.01535302307,0.02626511455,0,0.2796029449,-0.9490048289,82.16082001
0.179515034,0.3102915883,0.00177816255,0.01820635796,1,-0.1465131342,0.01829298586,0.08294790983,0,-0.2666038275,-1.135585785,84.42177582
0.179515034,0.315135181,9.308166773e-05,0.02111160941,1,-0.06759870052,0.02111181431,0.05012086034,0,-0.7863901258,-0.9449571371,89.74738312
0.179515034,0.3199787438,-0.002358198864,0.0230260957,1,0.1363441348,0.0231465362,0.1236848533,0,-1.204997301,-0.4878451526,95.84751129
0.179515034,0.3248223364,-0.005083022639,0.02407360263,1,0.1664034724,0.02460437827,0.1124407053,0,-1.348503113,0.02231259272,101.9226074
0.179515034,0.3296658993,-0.008083790541,0.02346263826,1,0.09510290623,0.02481618524,-0.1104336679,0,-1.387723804,0.414416641,109.0108185
0.179515034,0.3345094621,-0.01134391315,0.02153145708,1,-0.03377014399,0.02433696762,-0.2289167941,0,-1.09956646,0.788893342,117.7826385
0.179515034,0.3393530548,-0.01357319392,0.01853279583,1,0.008832082152,0.02297163755,-0.2966021299,0,-0.4793134928,1.045449615,126.2185898
0.179515034,0.3441966176,-0.01362272631,0.0150311254,1,0.1372003555,0.02028579265,-0.3865101933,0,0.05659200624,1.167741299,132.1860504
0.179515034,0.3490402102,-0.01263454556,0.01100465842,1,0.3045343757,0.01675512642,-0.4873575568,0,0.103501901,1.175237656,138.9442139
0.1843586117,0.237637952,0.01121701766,0.006236062385,1,-0.428922385,0.012833938,-0.6556921005,0,0.3428328931,-0.2127109766,29.07172394
0.1843586117,0.2424815297,0.01100852713,0.005163255613,1,-0.2665424347,0.01215923019,-0.3480022252,0,0.1753754318,-0.2181937993,25.12767029
0.1843586117,0.2473251075,0.01077544317,0.005607325118,1,-0.3933672011,0.01214710996,-0.03526353836,11.01114368,0.2918022573,-0.5182654262,27.49156761
0.1843586117,0.2521686852,0.01051658951,0.007502712775,1,-0.5677871704,0.01291856635,0.1968764216,7.030907154,0.5057235956,-0.6110553741,35.50470352
0.1843586117,0.257012248,0.01047483366,0.009520599619,1,-0.8531932831,0.01415499765,0.1949526221,26.15268135,0.5517101288,-0.4872567058,42.26776886
0.1843586117,0.2618558407,0.009056332521,0.01080704667,1,-1.207284331,0.01409997884,0.079607144,48.69127274,0.3387643993,-0.1954974979,50.0369072
0.1843586117,0.2666994035,0.006268089637,0.01085309032,1,-1.236103535,0.01253309753,0.08515970409,51.58338928,0.1441777349,0.1519885063,59.99186707
0.1843586117,0.2715429962,0.003767505288,0.01048335619,1,-1.081279039,0.0111397868,0.1376486719,44.48362732,0.1864845455,0.1447884142,70.23259735
0.1843586117,0.276386559,0.001934082597,0.01081850845,1,-0.8825749755,0.01099003199,0.1115565673,34.4670372,0.3111818433,-0.09834557027,79.86400604
0.1843586117,0.2812301517,0.0009999180911,0.01150003355,1,-0.8157327175,0.01154342294,-0.1323448122,28.40893173,0.4392752647,-0.4355415702,85.0306778
0.1843586117,0.2860737145,0.0001106817072,0.01228706539,1,-0.8088899851,0.01228756364,-0.2712347806,24.14543915,0.5020933151,-0.5564898252,89.48389435
0.1843586117,0.2909172773,-0.0004860706686,0.01288168412,1,-0.7404783368,0.01289085113,-0.08724395931,25.55318069,0.4154778123,-0.5082722902,92.16094208
0.1843586117,0.29576087,-0.00146348367,0.0143263489,1,-0.5782881975,0.014400905,0.1150294095,0,0.5837275982,-0.3714827299,95.8327179
0.1843586117,0.3006044328,-0.000459724426,0.0152381435,1,-0.04953320324,0.01524507627,-0.04299488664,0,0.3723104,-0.3453011811,91.7280426
0.1843586117,0.3054480255,9.991291154e-05,0.01579059288,1,-0.194260627,0.01579090953,-0.1448210478,0,0.1623604894,-0.6484866738,89.63747406
0.1843586117,0.3102915883,-0.0006142351776,0.01767768711,1,-0.1651223302,0.01768835448,-0.1047486067,0,-0.1990593374,-0.7570769787,91.99002075
0.1843586117,0.315135181,-0.001664029318,0.01895019598,1,0.06156417727,0.01902311482,-0.0671595037,0,-0.5366250277,-0.5194225311,95.01830292
0.1843586117,0.3199787438,-0.002915229416,0.01986825839,1,0.149009347,0.02008099109,0.03903356194,0,-0.8026118279,-0.3153624833,98.34732056
0.1843586117,0.3248223364,-0.004829803947,0.02066674083,1,0.1552935839,0.02122359909,-0.001288130879,0,-1.060560584,-0.04084548727,103.1539154
0.1843586117,0.3296658993,-0.007299960591,0.02005985752,1,0.1029388905,0.02134683356,-0.08766940236,0,-1.104154587,0.3264646828,109.9969025
0.1843586117,0.3345094621,-0.009679255076,0.01866085641,1,-0.04954734445,0.02102178708,-0.02849242091,0,-0.8375118971,0.5687296391,117.4154587
0.1843586117,0.3393530548,-0.01159650087,0.01716716588,1,-0.05744439363,0.02071691118,-0.03506562114,0,-0.4428778887,0.7477940321,124.0392151
0.1843586117,0.3441966176,-0.01210260484,0.01486901473,1,0.02632705867,0.01917187124,-0.4051926434,0,0.0146191353,0.9830702543,129.1437988
0.1843586117,0.3490402102,-0.0113981748,0.01044300664,1,0.1699816883,0.01545880921,-0.7132635117,0,0.1208891794,1.114308834,137.5040894
0.1892021894,0.237637952,0.008374153636,0.007570186164,1,0.2410015464,0.01128867455,-1.297461867,0,0.236767441,-0.6538028717,42.11339951
0.1892021894,0.2424815297,0.009531209245,0.006011379883,1,0.06833820045,0.01126856823,-0.09274183214,0,0.1779788733,-0.07954806089,32.23983002
0.1892021894,0.2473251075,0.009567209519,0.007506281137,1,-0.3262299001,0.01216041762,0.5437706709,0,0.3331042826,-0.3376456797,38.11716843
0.1892021894,0.2521686852,0.00956450589,0.01028058864,1,-0.5241562128,0.014041733,0.528482914,0,0.5552331209,-0.4549431503,47.06654358
0.1892021894,0.257012248,0.009717732668,0.01226957422,1,-0.5557755232,0.01565173455,0.1929800659,10.15993118,0.4620150328,-0.529699862,51.620121
0.1892021894,0.2618558407,0.00911036972,0.01378094498,1,-0.8026878834,0.01652008668,-0.137767002,26.54693222,0.4775646925,-0.5275577307,56.5319252
0.1892021894,0.2666994035,0.008142973296,0.014157556,1,-1.407638192,0.01633231156,-0.1567809731,55.34540176,0.4797867835,-0.2631861567,60.09386063
0.1892021894,0.2715429962,0.004616249353,0.01429632679,1,-1.639977932,0.01502313931,-0.03392973542,67.53173065,0.3429490924,-0.002017425373,72.1048584
0.1892021894,0.276386559,0.001860713121,0.01400298625,1,-1.299855471,0.01412607078,-0.02799876407,53.88412857,0.2283521891,-0.09170089662,82.43089294
0.1892021894,0.2812301517,-0.0005736604217,0.01460487302,1,-0.9279207587,0.01461613551,-0.01962813735,38.98793411,0.06162896752,-0.3301776648,92.24934387
0.1892021894,0.2860737145,-0.002335238503,0.01550715696,1,-0.6135519743,0.01568200439,-0.1823790073,22.34972954,0.2482157648,-0.4476947188,98.56387329
0.1892021894,0.2909172773,-0.002343189204,0.01588994637,1,-0.164927572,0.0160617847,-0.1086242795,0,0.3789866269,-0.5132805705,98.38858795
0.1892021894,0.29576087,-0.001298426883,0.01746714115,1,-0.2555086911,0.01751533523,-0.2014431059,0,0.4651824534,-0.1262607276,94.25128174
0.1892021894,0.3006044328,-0.001327618025,0.01552579459,1,-0.4465468526,0.01558245346,-0.3031909168,0,0.3536455035,-0.1937113702,94.88748932
0.1892021894,0.3054480255,-0.001748401904,0.01693686843,1,-0.7000427246,0.01702687331,-0.01269245148,21.47825241,0.4794332981,-0.5321817398,95.8937912
0.1892021894,0.3102915883,-0.002396156779,0.01804198138,1,-0.4923089743,0.01820040308,-0.08785450459,16.46955109,0.2859176993,-0.3515779078,97.56517792
0.1892021894,0.315135181,-0.002748074243,0.01821423322,1,-0.400599122,0.01842037402,-0.1575222611,14.48143578,0.1321069151,-0.2349160612,98.57978821
0.1892021894,0.3199787438,-0.003696619533,0.01841684431,1,-0.4088206887,0.01878417283,-0.3048695326,10.3919754,-0.1153839082,-0.2987346649,101.3495636
0.1892021894,0.3248223364,-0.005287100095,0.01818451844,1,-0.3050799072,0.01893753186,-0.3344984949,0,-0.3618955314,-0.1691543162,106.211647
0.1892021894,0.3296658993,-0.006927167065,0.01761598699,1,-0.3503290415,0.01892904192,-0.08240510523,0,-0.3599191904,0.01455424726,111.4663315
0.1892021894,0.3345094621,-0.008727231994,0.01771488972,1,-0.31731534,0.01974795945,0.06660152972,0,-0.3420879245,0.2627516389,116.2271423
0.1892021894,0.3393530548,-0.01012103818,0.01666591875,1,-0.04616256058,0.01949841715,0.03152668476,0,-0.3866785169,0.5973218083,121.2698746
0.1892021894,0.3441966176,-0.01082373131,0.01497441716,1,-0.04760330915,0.01847664267,-0.2900246978,0,-0.07028752565,0.9278857112,125.8599625
0.1892021894,0.3490402102,-0.01069205161,0.010766875,1,-0.09767355025,0.01517384499,-0.6073957682,0,0.152046293,1.129968405,134.8002167
0.1940457672,0.237637952,0.001765915076,0.006215554196,1,2.015605927,0.006461545825,-1.471945882,0,1.456254244,-1.256714225,74.13950348
0.1940457672,0.2424815297,0.01017402764,0.005694308784,1,1.098573446,0.01165915933,0.3995955288,0,0.9676491618,-0.1341643035,29.2353344
0.1940457672,0.2473251075,0.01177382562,0.008800861426,1,-0.1951453388,0.01469959598,1.181950927,0,0.3394100368,-0.2707996368,36.77788925
0.1940457672,0.2521686852,0.010872785,0.01273081917,1,-0.808326602,0.01674189977,0.853300333,0,0.2034173906,-0.3130884469,49.50094223
0.1940457672,0.257012248,0.008843905292,0.01445034705,1,-0.9704138637,0.01694187708,0.2611267567,0,-0.06993371248,-0.6219457388,58.53252411
0.1940457672,0.2618558407,0.005833780393,0.01700804941,1,-1.142148256,0.01798073202,-0.1041116714,0,0.1903809011,-1.248850703,71.06797791
0.1940457672,0.2666994035,0.004233946092,0.01999497972,1,-1.436462522,0.02043833397,-0.4891308248,0,0.9739143252,-1.124976516,78.04420471
0.1940457672,0.2715429962,0.003593392437,0.02008781768,1,-1.492968678,0.02040668763,-0.3943564892,0,0.8984416127,-0.0279994607,79.85796356
0.1940457672,0.276386559,0.001354307984,0.01822050102,1,-1.313369632,0.0182707645,-0.4962894619,0,0.4281178117,0.2871856987,85.7490921
0.1940457672,0.2812301517,-0.0006943935296,0.01629299484,1,-0.7919436693,0.01630778611,-0.2065480649,0,-0.09488791227,0.1566951871,92.44041443
0.1940457672,0.2860737145,-0.002941129496,0.01646110415,1,-0.4863992035,0.01672178879,-0.2052825838,0,-0.09249731898,-0.04490067065,100.1302185
0.1940457672,0.2909172773,-0.003498315113,0.01551617496,1,0.0658531487,0.01590565592,-0.09851017594,0,-0.08848376572,-0.3784619868,102.7056046
0.1940457672,0.29576087,-0.003050742671,0.01781707257,1,-0.00702547282,0.01807636954,0.009613841772,0,0.1374674737,-0.7331764698,99.71628571
0.1940457672,0.3006044328,-0.002866509138,0.01911393739,1,-0.6880007982,0.0193276871,0.06282770634,0,0.7936075926,-0.6982634068,98.52905273
0.1940457672,0.3054480255,-0.002539227717,0.02150347643,1,-0.9300322533,0.02165287919,0.07757690549,0,0.9556019306,-0.4041230381,96.73455048
0.1940457672,0.3102915883,-0.002742660232,0.02144708857,1,-0.8088877201,0.02162174322,-0.06875952333,0,0.5971419811,-0.07431795448,97.28744507
0.1940457672,0.315135181,-0.003564834828,0.0215303991,1,-1.004268408,0.02182352357,-0.1848909557,0,0.3650358319,-0.152364105,99.40129089
0.1940457672,0.3199787438,-0.005838833284,0.02128954232,1,-0.9755027294,0.0220757015,-0.5598420501,0,0.2106857002,-0.324716419,105.3367386
0.1940457672,0.3248223364,-0.007269285619,0.02039154992,1,-0.6404182911,0.0216485057,-0.5409747362,0,0.2709045708,-0.2775051594,109.6203995
0.1940457672,0.3296658993,-0.00762860151,0.02001340687,1,-0.5790723562,0.02141802944,-0.335862875,0,0.4108652174,0.04622803628,110.8655777
0.1940457672,0.3345094621,-0.008084007539,0.01854086854,1,-0.2657106519,0.02022659034,-0.3312745094,0,0.07535078377,0.5968734026,113.5576859
0.1940457672,0.3393530548,-0.008550624363,0.01551785041,1,0.1411218047,0.01771769859,-0.06615966558,0,-0.3329361677,0.7146116495,118.8555756
0.1940457672,0.3441966176,-0.009013075382,0.01475914195,1,0.01178070158,0.01729357801,-0.02518740296,0,-0.07711029053,0.7728396654,121.4114761
0.1940457672,0.3490402102,-0.008867053315,0.01165254414,1,-0.1527068615,0.01464262325,-0.264595747,0,0.2130017877,1.018170238,127.2694855
