PIVlab, ASCII chart output - 13-Mar-2024
FRAME: 35, filenames: A:[35]2 vortices tapados mismo sentido clase 4.mp4 & B:[36]2 vortices tapados mismo sentido clase 4.mp4, conversion factor xy (px -> m): 0.00030272, conversion factor uv (px/frame -> m/s): 0.0090842
x [m],y [m],u [m/s],v [m/s],Vector type [-],vorticity [1/s],magnitude [m/s],divergence [1/s],dcev [1],simple shear [1/s],simple strain [1/s],vector direction [degrees]
0.1262357086,0.237637952,0.007364235353,-0.00185343402,1,0.7689083219,0.007593890652,-0.875795126,0,-0.511092782,0.7518375516,-14.12682629
0.1262357086,0.2424815297,0.007988610305,-0.005795216653,1,-0.1381965578,0.009869267233,-0.6524689794,0,0.2766483724,0.611277163,-35.95844269
0.1262357086,0.2473251075,0.008034837432,-0.007974486798,1,-0.5690241456,0.01132038236,-0.2750286758,0,0.5834682584,0.433960408,-44.78400803
0.1262357086,0.2521686852,0.008058571257,-0.009229260497,1,-0.5573423505,0.01225234009,-0.03374961764,0,0.5049609542,0.244027555,-48.87401581
0.1262357086,0.257012248,0.007781124208,-0.009319920093,1,-0.4127263427,0.01214112062,0.1711984575,0,0.2613584399,0.04833642393,-50.14177322
0.1262357086,0.2618558407,0.00732540898,-0.008634168655,1,-0.3880059123,0.01132300682,0.2861288488,0,0.1288967282,0.1709083915,-49.68803024
0.1262357086,0.2666994035,0.006526108831,-0.008761840872,1,-0.3469875455,0.01092519797,0.1518464088,0,-0.005851998925,0.2934238315,-53.32004166
0.1262357086,0.2715429962,0.005616403185,-0.009319909848,1,-0.2706699371,0.01088139229,0.2069613487,0,-0.03707145154,0.3778679967,-58.9258194
0.1262357086,0.276386559,0.005035539623,-0.009589640424,1,-0.2633011043,0.01083133742,0.263166517,0,0.04184148461,0.3287383616,-62.2959404
0.1262357086,0.2812301517,0.004543746356,-0.009637512267,1,-0.1628283858,0.01065491792,0.1517944336,0,0.1893156171,0.2553267777,-64.75778198
0.1262357086,0.2860737145,0.005163832568,-0.01009110734,1,-0.1078012735,0.01133558992,-0.04353797436,0,0.3694900274,0.1384843439,-62.90021515
0.1262357086,0.2909172773,0.005811252166,-0.01051914878,1,-0.2219476551,0.01201761793,-0.1068373099,0,0.2067259103,-0.001324109733,-61.08176041
0.1262357086,0.29576087,0.005090104882,-0.01060216874,1,-0.3375441134,0.01176074613,0.03280126303,0,-0.1181382313,0.1241309419,-64.35432434
0.1262357086,0.3006044328,0.003604119411,-0.01096151117,1,-0.1210181788,0.0115388222,0.3908273876,0,-0.3018372059,0.2922600806,-71.79925537
0.1262357086,0.3054480255,0.003041971941,-0.01012475044,1,0.5437435508,0.01057185698,0.509521842,0,-0.7172560096,0.3487131894,-73.27715302
0.1262357086,0.3102915883,0.002763698343,-0.01018262189,1,0.9412956238,0.01055101026,-0.2544286847,0,-1.041908622,0.8760195374,-74.81498718
0.1262357086,0.315135181,0.002554644831,-0.01560016442,1,-0.07792145014,0.01580795087,-0.9970834255,0,-0.05639257655,0.9823862314,-80.69992828
0.1262357086,0.3199787438,0.00211313786,-0.01977033727,1,-0.9962484837,0.01988294721,-1.112360001,0,0.3375127017,0.359462738,-83.89914703
0.1262357086,0.3248223364,-0.0006359932595,-0.02272905223,1,-2.140579224,0.02273794822,-0.1645797342,0,0.8872574568,-0.2172032744,-91.60279846
0.1262357086,0.3296658993,-0.003957424313,-0.01951545104,1,-1.878549933,0.01991266012,0.9195301533,0,0.08376199007,-0.7959420681,-101.4632339
0.1262357086,0.3345094621,-0.009329161607,-0.01442005485,1,-0.6245177984,0.01717472635,1.686567068,0,-1.164750576,-0.1852885485,-122.9011536
0.1262357086,0.3393530548,-0.01262388472,-0.01044897269,1,0.5419678688,0.01638729684,1.101570129,0,-1.083541274,0.4431197047,-140.3849487
0.1262357086,0.3441966176,-0.01195231453,-0.01123079937,1,1.225555658,0.01640087366,-2.098981857,0,1.504827976,2.17164731,-136.7826233
0.1262357086,0.3490402102,0.0006009410135,-0.03113409691,1,-2.108039618,0.03113989532,-6.497452259,0,7.291487694,1.720950603,-88.89422607
0.1310792714,0.237637952,0.007064037025,-0.004953316879,1,0.4665419459,0.008627627976,0.1483176202,0,-0.1259608567,0.08110946417,-35.03821564
0.1310792714,0.2424815297,0.007888852619,-0.004790552892,1,-0.0398439467,0.009229484946,0.1165973917,0,0.3197399974,0.1641005278,-31.26846886
0.1310792714,0.2473251075,0.008419735357,-0.005183401983,1,-0.2456567883,0.009887346067,0.003748461604,0,0.3858353496,0.3890093565,-31.61750221
0.1310792714,0.2521686852,0.00856781844,-0.006656594109,1,-0.271176219,0.01084978133,-0.1293402463,0,0.2490962893,0.3876404166,-37.84470367
0.1310792714,0.257012248,0.008312789723,-0.007687434088,1,-0.1562756002,0.01132250484,0.05254635215,1.791917205,0.1282869577,0.2023838162,-42.76177979
0.1310792714,0.2618558407,0.008432253264,-0.007382343523,1,-0.08834239095,0.0112072248,0.1153715551,0,-0.05789943784,0.1666252017,-41.20178604
0.1310792714,0.2666994035,0.007604456041,-0.007935685106,1,-0.1453129798,0.01099103503,-0.0313571319,0,-0.1436307281,0.2518719137,-46.22104263
0.1310792714,0.2715429962,0.007032732014,-0.008754185401,1,-0.1133899912,0.01122920681,-0.01068519801,0,-0.1210342869,0.1782178581,-51.22312164
0.1310792714,0.276386559,0.006469003856,-0.008850651793,1,-0.2271191925,0.01096275728,0.08864332736,4.765660286,-0.08319421113,0.09494261444,-53.83666992
0.1310792714,0.2812301517,0.005529704969,-0.00878469646,1,-0.2427169681,0.01038019918,0.1653738022,4.383168221,0.02072571963,0.1828320622,-57.81080246
0.1310792714,0.2860737145,0.00539377192,-0.008935212158,1,-0.1594360918,0.01043699123,-0.001347467303,0,0.1634834856,0.1424100697,-58.88257599
0.1310792714,0.2909172773,0.005549308844,-0.009480995126,1,-0.1502123177,0.0109856315,-0.09142452478,0,0.1659834087,0.1430309862,-59.65918732
0.1310792714,0.29576087,0.005470160395,-0.01007081568,1,-0.1161255985,0.01146054082,-0.06120911241,2.017374754,0.05606649816,0.3348659277,-61.49053955
0.1310792714,0.3006044328,0.005258407909,-0.01139941532,1,0.009036120027,0.012553785,0.007341891527,0,-0.08124116063,0.6489750147,-65.23671722
0.1310792714,0.3054480255,0.005120429676,-0.01317861583,1,0.2922729552,0.01413841266,0.02329954505,0,-0.4965336025,0.7636806965,-68.76682281
0.1310792714,0.3102915883,0.004269055557,-0.01498550922,1,0.2839078009,0.01558173075,0.08658125997,0,-0.8209856749,0.5757672787,-74.09886932
0.1310792714,0.315135181,0.002519051312,-0.01554802619,1,-0.2399709821,0.01575076953,0.003830417991,0,-0.58158499,0.3248224854,-80.79705048
0.1310792714,0.3199787438,0.0002897853556,-0.01654025912,1,-0.6578886509,0.01654279791,-0.08190843463,15.55527592,-0.184389472,-0.1132350564,-88.99627686
0.1310792714,0.3248223364,-0.001560588251,-0.01539629325,1,-1.016177654,0.01547518279,0.01909779012,24.73939323,0.2010970414,-0.3478001356,-95.78779602
0.1310792714,0.3296658993,-0.003658120986,-0.01476316061,1,-0.7629472017,0.01520962734,-0.2273626626,17.95183563,-0.09031000733,-0.1588000655,-103.9168472
0.1310792714,0.3345094621,-0.005693393294,-0.01572838053,1,-0.4163814485,0.01672712341,0.2052470744,0,-0.6623381972,0.127296418,-109.899353
0.1310792714,0.3393530548,-0.008882983588,-0.01438560057,1,-0.26373595,0.01690718532,0.848400712,0,-0.9921419024,-0.2198009789,-121.6949692
0.1310792714,0.3441966176,-0.01177633554,-0.01055446267,1,-0.3470617533,0.01581387967,0.7237128019,0,-0.08314046264,-0.5181593895,-138.1319275
0.1310792714,0.3490402102,-0.01096670143,-0.008370496333,1,-2.601568937,0.01379614975,-0.73582232,0,2.935880423,-1.637618423,-142.6467896
0.1359228492,0.237637952,0.008475481533,-0.004723262973,1,0.07996992022,0.009702731855,0.3499900699,0,0.280387193,0.07345215976,-29.13028908
0.1359228492,0.2424815297,0.00934819039,-0.004053546581,1,0.1353821456,0.01018920448,0.2724406123,0,0.1664001644,0.3121936917,-23.44243813
0.1359228492,0.2473251075,0.009937187657,-0.00491581019,1,0.05712116137,0.01108660828,0.05030220747,0,-0.06507481635,0.5986030102,-26.321064
0.1359228492,0.2521686852,0.009309666231,-0.006709284149,1,-0.0651551038,0.01147538144,-0.03339517117,0,-0.1250540316,0.591311574,-35.77951431
0.1359228492,0.257012248,0.009015896358,-0.007941621356,1,0.02170940489,0.01201481279,0.03015843034,0,-0.1493807435,0.3971251547,-41.37509918
0.1359228492,0.2618558407,0.008691280149,-0.008486716077,1,0.0536518544,0.0121475393,-0.01862470806,0,-0.3471763134,0.1490346938,-44.31772614
0.1359228492,0.2666994035,0.007594187744,-0.008753692731,1,-0.06968969107,0.01158873737,-0.09847061336,0,-0.3976137936,0.08119398355,-49.05701828
0.1359228492,0.2715429962,0.006427859422,-0.009356935509,1,-0.09222752601,0.01135207526,-0.1303994507,0,-0.2524426281,-0.1017353311,-55.51241302
0.1359228492,0.276386559,0.005924751051,-0.008892529644,1,-0.03114352562,0.01068549324,-0.005808345973,0.7213357091,-0.009643172845,-0.2113230526,-56.32600403
0.1359228492,0.2812301517,0.00623030588,-0.00836150907,1,-0.1023710147,0.01042744238,0.1105871275,0,0.08633496612,0.03512515873,-53.30956268
0.1359228492,0.2860737145,0.005847079214,-0.008527023718,1,-0.1649320722,0.01033917163,0.0456302762,2.251533985,0.1300209463,0.1748994738,-55.56111526
0.1359228492,0.2909172773,0.006061211694,-0.00898763258,1,-0.1061056182,0.01084047183,-0.01713036746,0,0.2234778702,0.2391100824,-56.00448608
0.1359228492,0.29576087,0.006415580865,-0.009768144228,1,-0.0747076124,0.01168658677,-0.04975582659,0,0.2237348109,0.4480462074,-56.70365143
0.1359228492,0.3006044328,0.006783036515,-0.0113987755,1,0.04937805235,0.01326430123,-0.02521786094,0.265145272,0.04108925164,0.8372120857,-59.24451447
0.1359228492,0.3054480255,0.006853766274,-0.01394539047,1,0.03111834079,0.01553859748,0.08862730861,0,-0.1985992193,0.942433238,-63.82718277
0.1359228492,0.3102915883,0.005971829873,-0.015534251,1,-0.2561948895,0.01664258726,0.1311025321,0,-0.3027448654,0.8143589497,-68.97174835
0.1359228492,0.315135181,0.004146498162,-0.01725479588,1,-0.2120157182,0.0177460257,0.1884217709,0,-0.7797889709,0.5895012617,-76.48748016
0.1359228492,0.3199787438,0.001167946612,-0.01747691073,1,-0.1782009304,0.01751589216,0.3221035302,0,-1.137889147,0.2350399494,-86.17671967
0.1359228492,0.3248223364,-0.002228086116,-0.01683309674,1,-0.07671451569,0.01697991416,0.08426487446,0,-1.367626309,-0.167496413,-97.54003143
0.1359228492,0.3296658993,-0.005827830639,-0.01625748537,1,-0.1342839599,0.01727047935,-0.3204794526,0,-0.9992571473,-0.5727180243,-109.7212677
0.1359228492,0.3345094621,-0.007718463894,-0.01561136357,1,-0.3942390978,0.01741520502,-0.3913067579,0,-0.3802684247,-0.8621213436,-116.3083954
0.1359228492,0.3393530548,-0.009579217993,-0.01397705823,1,-0.4908158183,0.01694460213,0.127938807,10.91145897,-0.1777474284,-1.040388823,-124.4248962
0.1359228492,0.3441966176,-0.01095670182,-0.009952478111,1,-0.2758924365,0.01480206568,0.9281326532,0,0.004240348935,-1.067083836,-137.7496948
0.1359228492,0.3490402102,-0.01089498587,-0.004313072655,1,-0.4915318787,0.01171765011,1.509104371,0,0.5170153379,-0.8195000887,-158.4025421
0.1407664269,0.237637952,0.009115012363,-0.003982580267,1,0.06536069512,0.009947079234,-0.06903175265,0,0.5976046324,0.2025586069,-23.60173607
0.1407664269,0.2424815297,0.0107205743,-0.004640314728,1,0.2490671128,0.01168174762,0.09547375143,0,0.2562919259,0.4655901194,-23.40498734
0.1407664269,0.2473251075,0.01156275813,-0.005775267724,1,0.09998910129,0.01292482484,0.09700492024,0.500772953,0.01347160712,0.5731828213,-26.54081917
0.1407664269,0.2521686852,0.01127013005,-0.006946719252,1,-0.09086531401,0.01323906053,0.07284939289,0,-0.1528365463,0.6387242675,-31.64898491
0.1407664269,0.257012248,0.01038237102,-0.008516122587,1,-0.1121825278,0.01342825219,0.007769361138,0,-0.3433125615,0.4985361099,-39.36026001
0.1407664269,0.2618558407,0.009063904174,-0.009323786013,1,-0.1185761243,0.01300335862,-0.000218808651,0,-0.4722259641,0.2078687847,-45.80973434
0.1407664269,0.2666994035,0.007520775311,-0.009524011053,1,-0.1087355316,0.01213543769,-0.03316058964,0,-0.5427529812,0.009455364197,-51.7030983
0.1407664269,0.2715429962,0.005908369087,-0.009530199692,1,-0.1502956152,0.01121309679,0.02440185472,0,-0.2839834094,-0.1361195445,-58.20262527
0.1407664269,0.276386559,0.005417311098,-0.008746513166,1,-0.06078178808,0.0102882823,0.1281532943,0,0.1283154786,-0.214468509,-58.22724533
0.1407664269,0.2812301517,0.006235473789,-0.007870684378,1,-0.04848116636,0.01004135516,0.1168857813,0,0.2641510367,-0.139108628,-51.61231613
0.1407664269,0.2860737145,0.006461924873,-0.007506584283,1,-0.15588516,0.009904811159,0.08980955929,0,0.2362002432,0.09268914908,-49.27700043
0.1407664269,0.2909172773,0.0066244849,-0.007884631865,1,-0.1130314916,0.01029811706,-0.0318101123,0,0.3065631986,0.1991560161,-49.96379852
0.1407664269,0.29576087,0.007399310824,-0.008625286631,1,-0.007059156895,0.01136421412,-0.191321522,0,0.537014544,0.5426257849,-49.37493896
0.1407664269,0.3006044328,0.009191364981,-0.01143956278,1,0.0674456805,0.01467463095,-0.1671766937,0,0.4931194782,1.002616405,-51.21910858
0.1407664269,0.3054480255,0.01011445187,-0.01429127064,1,-0.1882267296,0.0175083559,0.1957881451,0,0.1174333096,0.9744305611,-54.71157074
0.1407664269,0.3102915883,0.008848471567,-0.01521097776,1,-0.5520044565,0.01759742387,0.2531014979,10.65295315,-0.2382109761,1.080343246,-59.81274414
0.1407664269,0.315135181,0.006286981981,-0.01829808019,1,-0.3750990629,0.01934801973,-0.01131242514,0,-0.8347748518,1.222817659,-71.03794098
0.1407664269,0.3199787438,0.002988353139,-0.02118858323,1,-0.05158704519,0.02139827795,0.09845528007,0,-1.651845694,0.7902671099,-81.97218323
0.1407664269,0.3248223364,-0.001963726711,-0.0216489248,1,0.1678445339,0.02173780464,0.3179336488,0,-2.433266163,-0.1436792016,-95.1829834
0.1407664269,0.3296658993,-0.007984392345,-0.01895272546,1,-0.09087568521,0.02056590095,-0.0688149333,0,-1.932581663,-1.305138826,-112.8446884
0.1407664269,0.3345094621,-0.01176446956,-0.0156607125,1,-0.1816463172,0.01958725788,-0.5438764095,0,-0.9163258076,-1.799868584,-126.9141998
0.1407664269,0.3393530548,-0.01330250595,-0.01286922954,1,-0.1489492357,0.01850874722,-0.5776783824,0,0.007548324764,-1.912042141,-135.9484558
0.1407664269,0.3441966176,-0.0124493558,-0.009197617881,1,0.2631666362,0.01547845732,-0.8495378494,0,0.9086854458,-2.786888599,-143.542923
0.1407664269,0.3490402102,-0.007626549341,-0.003485519206,1,1.486768842,0.008385290392,0.7144539952,0,0.5046482086,-1.64416647,-155.438446
0.1456100047,0.237637952,0.009122229181,-0.002145298291,1,0.3690429926,0.009371092543,0.06275254488,0,0.8463881016,0.8362528086,-13.23392296
0.1456100047,0.2424815297,0.01206574682,-0.004018552601,1,0.2295007706,0.01271735132,0.2488604188,0,0.6089423895,0.9073749185,-18.42057419
0.1456100047,0.2473251075,0.01318329386,-0.005334864371,1,-0.04851701856,0.01422181539,0.03478458524,0,0.1910731345,0.6522814035,-22.03162956
0.1456100047,0.2521686852,0.01275622845,-0.007009446621,1,-0.2129259706,0.01455519535,-0.0163333118,3.938967228,-0.1411656737,0.7529861927,-28.78844452
0.1456100047,0.257012248,0.01146822609,-0.009061117657,1,-0.3371327817,0.01461588405,-0.01555034518,4.059762955,-0.2944622338,0.6430950165,-38.31248474
0.1456100047,0.2618558407,0.009697048925,-0.01019964647,1,-0.3124426007,0.01407357678,-0.02400459349,0,-0.5110925436,0.3465421796,-46.44700241
0.1456100047,0.2666994035,0.00747936964,-0.01085588988,1,-0.1974094957,0.01318299305,-0.0937769264,0,-0.589261651,-0.1340743601,-55.43436813
0.1456100047,0.2715429962,0.005886746105,-0.01000446267,1,-0.1473373473,0.01160788722,0.0990986675,0,-0.2599427998,-0.4953519106,-59.52692795
0.1456100047,0.276386559,0.005506676622,-0.007976622321,1,-0.1866779625,0.009692779742,0.2363149077,0,0.2353861034,-0.415519774,-55.38066864
0.1456100047,0.2812301517,0.006122667808,-0.006847250741,1,-0.1248565912,0.009185417555,0.08889631927,0,0.3776344657,-0.1895537823,-48.19758224
0.1456100047,0.2860737145,0.006731025875,-0.006627927534,1,-0.1843856573,0.009446487762,-0.005305949599,0,0.3390438557,0.01700041257,-44.55782318
0.1456100047,0.2909172773,0.006871764548,-0.006955293007,1,-0.1499269754,0.00977738481,-0.008121326566,0,0.4361048341,0.09613081068,-45.34611511
0.1456100047,0.29576087,0.008117150515,-0.007132880855,1,0.08551028371,0.01080583781,-0.08552384377,0,0.731610775,0.4061990976,-41.30712891
0.1456100047,0.3006044328,0.01082955394,-0.009336991236,1,-0.07454150915,0.01429890376,-0.2679662704,0,0.9839232564,0.8328772783,-40.76715088
0.1456100047,0.3054480255,0.01252181176,-0.01246490236,1,-0.4789260626,0.01766831987,2.846121788e-05,0,0.8094501495,0.9657148123,-44.86950302
0.1456100047,0.3102915883,0.01243047323,-0.01401436795,1,-0.733043611,0.01873283647,0.0008502006531,17.40592003,0.2153903842,1.449442387,-48.42759323
0.1456100047,0.315135181,0.01001451816,-0.01948127151,1,-0.8982567191,0.02190457843,-0.262224257,16.63381767,-0.5382702947,2.052907228,-62.79417038
0.1456100047,0.3199787438,0.005472542718,-0.02522788756,1,-0.07192063332,0.02581462823,-0.2335770726,0,-2.281420231,1.820794344,-77.76077271
0.1456100047,0.3248223364,-0.001384071074,-0.02943177894,1,-0.4309841394,0.02946430445,-0.03555094078,0,-3.276032925,-0.04586483166,-92.69242859
0.1456100047,0.3296658993,-0.01248268224,-0.02517793141,1,-0.4370325804,0.02810241282,-0.201824069,0,-3.214515924,-2.32049942,-116.3712311
0.1456100047,0.3345094621,-0.01907057501,-0.01916984096,1,-0.3782708645,0.02704014815,-0.3623360395,0,-1.512003422,-2.831354141,-134.8512726
0.1456100047,0.3393530548,-0.02163837291,-0.01321905013,1,-1.445149302,0.02535670437,-0.1591720581,33.29814911,-0.5160955191,-2.707698107,-148.5789185
0.1456100047,0.3441966176,-0.02857001685,-0.00682585733,1,0.2587210536,0.02937410772,-0.9748476148,0,1.029634714,-1.831445932,-166.5629578
0.1456100047,0.3490402102,-0.01539812144,-0.009070049971,1,3.547544003,0.01787086949,-0.5546967387,0,1.891350865,0.3719677627,-149.5003815
0.1504535824,0.237637952,0.01346941479,-0.001670522033,1,0.2902546525,0.01357261185,0.1578819007,0,0.8871704936,0.6252792478,-7.06991291
0.1504535824,0.2424815297,0.01632088982,-0.002802459756,1,-0.01519337296,0.01655974798,0.2279057801,0,0.3086130619,0.8357771039,-9.74324131
0.1504535824,0.2473251075,0.01489061583,-0.004614794161,1,-0.3814373612,0.01558931544,-0.1025035679,8.933031082,0.07531569898,0.6813555956,-17.21888542
0.1504535824,0.2521686852,0.0148381656,-0.006599142682,1,-0.3517299891,0.01623945311,-0.04731917381,8.573740005,0.04850664735,0.7154756188,-23.97668076
0.1504535824,0.257012248,0.01342193224,-0.008309444413,1,-0.6054036617,0.01578591578,-0.02395552397,13.51819706,-0.2642067373,0.7372214198,-31.7614212
0.1504535824,0.2618558407,0.01062614005,-0.01028596237,1,-0.7677518725,0.01478904579,-0.2870244384,5.37231493,-0.6784461141,0.3555858731,-44.06805038
0.1504535824,0.2666994035,0.006417159922,-0.01142197754,1,-0.9641233683,0.01310120244,-0.2905121148,20.48727798,-0.4061559737,-0.333940655,-60.67160797
0.1504535824,0.2715429962,0.003989085555,-0.01007561292,1,-0.4618086219,0.01083654817,0.1084931195,10.98911476,0.07617600262,-0.8659445047,-68.40065002
0.1504535824,0.276386559,0.004549318459,-0.006702213082,1,-0.1208322942,0.008100367151,0.1710743606,0,0.4839617908,-0.7866439819,-55.83218002
0.1504535824,0.2812301517,0.005747931544,-0.005436829757,1,-0.1872993708,0.007911879569,-0.09331719577,0,0.5938685536,-0.4506770372,-43.40673828
0.1504535824,0.2860737145,0.006518567912,-0.004971312825,1,-0.3406542242,0.008197907358,-0.1186370924,0,0.6096367836,-0.1992984712,-37.33055115
0.1504535824,0.2909172773,0.007050765678,-0.005046141334,1,-0.2689794004,0.008670457639,0.03848261014,0,0.7714918852,0.1467777193,-35.59080505
0.1504535824,0.29576087,0.008952526376,-0.0054958486,1,0.01615619659,0.0105048595,0.09368053079,0,0.9907007217,0.3551949263,-31.5452652
0.1504535824,0.3006044328,0.01192755532,-0.006312806625,1,-0.07038611174,0.01349511463,-0.06696246564,0,1.276019335,0.4605549574,-27.89058876
0.1504535824,0.3054480255,0.01479210425,-0.008050920442,1,-0.601357758,0.01684113033,-0.01127833128,0,1.415946007,0.8773947954,-28.55819321
0.1504535824,0.3102915883,0.01587307639,-0.01061716396,1,-1.004144073,0.01909656264,-0.06185901165,0,1.038868189,1.693772435,-33.77772522
0.1504535824,0.315135181,0.01496029366,-0.01655445807,1,-1.392872214,0.02231278829,-0.4325333834,31.91558266,0.319922924,3.95953083,-47.89582062
0.1504535824,0.3199787438,0.01067616325,-0.03189046681,1,-2.429785728,0.03363008052,0.1036307812,53.16495132,-1.145745516,4.000477791,-71.49069214
0.1504535824,0.3248223364,-0.002358070342,-0.03542913869,1,-4.147004604,0.03550752625,-0.2212707251,86.71318054,-2.227957964,-0.1148999482,-93.80783844
0.1504535824,0.3296658993,-0.02020146325,-0.03240568191,1,-3.332877398,0.03818674386,0.2480777502,69.36112976,-1.802864075,-2.699567318,-121.9391098
0.1504535824,0.3345094621,-0.02723335661,-0.0211520344,1,-1.392302752,0.03448281065,1.02028954,23.50089836,-0.05021601915,-3.942239761,-142.1636658
0.1504535824,0.3393530548,-0.02718841471,-0.008369285613,1,-0.8479089737,0.0284474045,0.7529524565,0,1.093904972,-2.486057758,-162.8903046
0.1504535824,0.3441966176,-0.02604185604,-0.005463637412,1,1.654171228,0.02660882659,-0.2490783185,0,2.201821804,0.39881742,-168.1510773
0.1504535824,0.3490402102,-0.00851161126,-0.01150741894,1,3.446628809,0.01431321818,-1.570655465,0,3.791900635,0.9249225855,-126.4889526
0.1552971601,0.237637952,0.01291553117,0.0007459100452,1,0.4364266992,0.01293705218,-0.6291800141,0,1.340047956,0.690539062,3.305328846
0.1552971601,0.2424815297,0.01721777767,-0.002450170927,1,-0.09771320224,0.01739124022,-0.1373203695,0,0.7318472266,0.661356926,-8.099081993
0.1552971601,0.2473251075,0.01598700881,-0.003122545313,1,-0.6869581342,0.01628909819,0.02656728029,13.21174812,0.4339877963,0.5676339269,-11.0517416
0.1552971601,0.2521686852,0.01599249616,-0.005070869345,1,-0.6721272469,0.01677717641,0.01198548079,12.34341908,0.4524496496,0.8968613744,-17.59267998
0.1552971601,0.257012248,0.01492298488,-0.007408503909,1,-1.241095304,0.01666077413,-0.1650851369,30.55546761,0.009905278683,0.8044911027,-26.40206528
0.1552971601,0.2618558407,0.01002913155,-0.009767087176,1,-1.924014568,0.01399926655,-0.1646477729,47.25361252,-0.237239182,-0.01087145507,-44.2416153
0.1552971601,0.2666994035,0.004454784095,-0.008153331466,1,-1.737251759,0.009290958755,-0.02107611299,43.04132462,0.1245678067,-0.5100524426,-61.34886932
0.1552971601,0.2715429962,0.002217971254,-0.007398692425,1,-1.049336433,0.007723991293,0.0479850173,20.41045189,0.6509395242,-0.5932922363,-73.31238556
0.1552971601,0.276386559,0.002525117481,-0.005047255196,1,-0.5139056444,0.00564366905,-0.01092660427,0,0.7760709524,-0.9059445858,-63.42142105
0.1552971601,0.2812301517,0.003487789305,-0.003063603304,1,-0.3082499206,0.004642234184,-0.2193295062,0,0.85866189,-0.8432766199,-41.29541397
0.1552971601,0.2860737145,0.005191080272,-0.002025119029,1,-0.1421944201,0.00557211088,-0.175504297,0,1.026109457,-0.4125020802,-21.31151009
0.1552971601,0.2909172773,0.00776908733,-0.001915689558,1,-0.1483655572,0.008001786657,-0.09795415401,0,1.201354504,-0.01795553043,-13.8515873
0.1552971601,0.29576087,0.01029131375,-0.00241259858,1,-0.2194878459,0.01057032496,-0.07501602918,0,1.244941115,0.1107727811,-13.19362926
0.1552971601,0.3006044328,0.01273594983,-0.002815572079,1,-0.1142742634,0.01304346044,0.005936667323,0,1.440896988,0.06402110308,-12.46603394
0.1552971601,0.3054480255,0.01671691425,-0.002693935065,1,-0.2609659433,0.01693258621,0.07422253489,0,1.829811096,0.3433018923,-9.154525757
0.1552971601,0.3102915883,0.02033477277,-0.00411887886,1,-0.4645295143,0.02074772678,0.006870508194,0,2.60775733,1.759971261,-11.45053959
0.1552971601,0.315135181,0.02709780447,-0.01118521485,1,-1.756980181,0.02931552567,-0.009838223457,0,2.792648077,3.064265251,-22.42946434
0.1552971601,0.3199787438,0.02535111085,-0.01900853775,1,-6.798475266,0.0316860117,0.5390076041,167.7294769,0.5819666386,2.387127399,-36.86296082
0.1552971601,0.3248223364,-0.003012339817,-0.02013672702,1,-10.10900307,0.02036079578,0.3169680834,250.968277,-0.1536121368,0.06068094075,-98.50802612
0.1552971601,0.3296658993,-0.02435666323,-0.01776719093,1,-6.631527901,0.03014830314,0.4188825786,164.1149292,0.3941922188,-1.122831106,-143.8907776
0.1552971601,0.3345094621,-0.03322326764,-0.01266933978,1,-3.054195404,0.03555696458,0.6267366409,57.68444824,1.882305384,-2.254081726,-159.1261749
0.1552971601,0.3393530548,-0.03003280237,-0.003813723102,1,-0.6690638661,0.03027397767,0.8711740971,0,1.779508352,-0.8829158545,-172.7630005
0.1552971601,0.3441966176,-0.0278447438,-0.004173268564,1,0.6514796615,0.02815574408,-0.3055562377,0,1.724248171,0.434387207,-171.4761658
0.1552971601,0.3490402102,-0.01852577925,-0.007397696842,1,0.7757022381,0.0199481938,-2.11784935,0,3.072253227,-0.7864293456,-158.2322388
0.1601407379,0.237637952,0.01376661193,0.002706237603,1,0.7151455283,0.01403008588,-0.3271619081,0,1.387634516,0.2883569598,11.12138176
0.1601407379,0.2424815297,0.01885910146,0.001215580851,1,-0.1590431333,0.0188982375,-0.03849332035,0,0.9853050113,0.3520533442,3.68795085
0.1601407379,0.2473251075,0.01776867546,0.0008145944448,1,-0.6955974102,0.0177873373,0.1772726774,0,0.7742860317,0.6661153436,2.624853134
0.1601407379,0.2521686852,0.01924023591,-0.001152166631,1,-1.045401216,0.0192747023,0.4658406079,12.56598377,0.7873828411,1.09858048,-3.426961422
0.1601407379,0.257012248,0.01651894487,-0.002250125399,1,-2.154249907,0.01667149179,0.2187391967,53.00482178,0.2002734542,0.4177178144,-7.756795883
0.1601407379,0.2618558407,0.009775999002,-0.002115935087,1,-2.72298789,0.01000236627,0.07350540161,67.5663681,0.1062552929,0.1052968204,-12.21281624
0.1601407379,0.2666994035,0.00384459761,-0.002404109575,1,-1.954941988,0.004534387961,0.1442568898,48.13585663,0.2148745656,0.08732771128,-32.01863098
0.1601407379,0.2715429962,0.001347847632,-0.001840194222,1,-1.394818664,0.002281010384,0.1036754176,30.88812447,0.6234434247,-0.2989192009,-53.77914047
0.1601407379,0.276386559,0.0001083815951,-0.0004541111412,1,-0.8853991628,0.0004668656038,-0.2128026634,11.21852493,0.7312297821,-0.6371568441,-76.57647705
0.1601407379,0.2812301517,0.0006011165679,0.0002151981607,1,-0.2343211472,0.0006384758162,-0.3925045729,0,0.9697551727,-0.6281917095,19.69723511
0.1601407379,0.2860737145,0.003670513397,0.0006874576793,1,0.08275729418,0.003734336235,-0.1527376175,0,1.132924557,-0.4162077904,10.60813999
0.1601407379,0.2909172773,0.006489348132,0.001491332543,1,-0.09795433283,0.00665850658,-0.1035427079,0,1.224229932,-0.2913726866,12.94255447
0.1601407379,0.29576087,0.009125716984,0.00159722683,1,-0.1975209117,0.009264439344,-0.180876568,0,1.390245199,-0.1248134524,9.927624702
0.1601407379,0.3006044328,0.0122664012,0.001219786471,1,-0.09081995487,0.01232689992,-0.1794712991,0,1.678220749,-0.2783018947,5.678895473
0.1601407379,0.3054480255,0.01681441627,0.00207592058,1,0.2370120287,0.01694207825,0.04276448488,0,2.274460077,-0.5856779218,7.038164616
0.1601407379,0.3102915883,0.02443091199,0.004263696261,1,-0.1917505264,0.02480017208,0.4549657702,0,2.863377333,-0.2482541203,9.899589539
0.1601407379,0.315135181,0.02975464799,0.005482020788,1,-2.723898411,0.03025544062,-0.08146882057,0,2.810242653,0.002440247685,10.43915367
0.1601407379,0.3199787438,0.02484912612,0.00385727617,1,-7.900027275,0.02514672279,0.119355619,191.90802,1.647718191,-1.389559984,8.82348156
0.1601407379,0.3248223364,-0.0005288977991,0.01279057097,1,-10.27981949,0.01280150097,0.4749662876,255,0.2747731209,0.9360582829,92.36786652
0.1601407379,0.3296658993,-0.02361109294,0.00162394112,1,-7.941943169,0.02366687171,-0.7790896297,195.3252258,0.801201582,1.292170763,176.0654602
0.1601407379,0.3345094621,-0.03511552885,0.002758291317,1,-3.519635201,0.03522369266,0.1049850509,53.89850998,2.769323349,-0.2803958356,175.5086823
0.1601407379,0.3393530548,-0.02724528685,0.003490563482,1,-0.3801887035,0.02746797539,0.07285141945,0,2.382360697,0.6975737214,172.6992493
0.1601407379,0.3441966176,-0.02541785315,-0.0002675996511,1,-0.5318593979,0.02541926131,-0.2497316003,0,1.49531579,0.5501850843,-179.3968201
0.1601407379,0.3490402102,-0.02257871069,-0.0003838951816,1,-0.709623456,0.02258197404,0.217523545,0,1.881952643,0.2655439079,-179.0259247
0.1649843156,0.237637952,0.01272757631,0.004003162961,1,1.066707253,0.01334228273,-0.2151188403,0,1.414497495,0.1608820707,17.45975685
0.1649843156,0.2424815297,0.0187365301,0.003092568135,1,0.3569380641,0.01899003796,-0.09002005309,0,1.159389019,-0.08873716742,9.372483253
0.1649843156,0.2473251075,0.02007202432,0.003996949177,1,-0.06380230188,0.0204661116,0.2278202474,0,1.061692953,0.0804509446,11.26201248
0.1649843156,0.2521686852,0.02356989123,0.00380636286,1,-1.073450923,0.02387526259,0.09082311392,21.16098976,0.6468419433,0.09105750918,9.173642159
0.1649843156,0.257012248,0.01800571382,0.003995813895,1,-2.387639523,0.01844375953,0.1417727172,58.93309784,-0.2291691303,0.1148897707,12.51226139
0.1649843156,0.2618558407,0.010895174,0.003936572466,1,-2.339793682,0.01158453338,0.1518092752,57.72789764,-0.2263325453,0.4902926683,19.86546707
0.1649843156,0.2666994035,0.005576482043,0.002356343204,1,-2.167084455,0.006053883582,0.2217565626,53.36286163,0.1803545356,0.543761313,22.90649605
0.1649843156,0.2715429962,0.001272292808,0.002376917284,1,-1.736265779,0.00269600912,0.05747391284,42.63460159,0.2563247681,-0.03061589599,61.84118652
0.1649843156,0.276386559,-0.001591727487,0.002783013042,1,-0.9303175211,0.003206050256,-0.1746462435,20.78785133,0.3670302927,-0.2554782927,119.7671356
0.1649843156,0.2812301517,-0.001456032507,0.002768433653,1,-0.1127364337,0.003127979347,-0.2940470576,0,0.9441624284,-0.3515324593,117.7417221
0.1649843156,0.2860737145,0.002435348928,0.003061447991,1,0.2272010446,0.003911954816,-0.01169964671,0,1.282496929,-0.3668058217,51.4981308
0.1649843156,0.2909172773,0.00585628394,0.004488412756,1,0.01636439562,0.007378476206,0.09606693685,0,1.299879789,-0.3615332842,37.46752167
0.1649843156,0.29576087,0.00881068036,0.005277870223,1,-0.3100869358,0.0102705406,-0.01784482598,0,1.272682428,-0.2789124548,30.92291641
0.1649843156,0.3006044328,0.01051868964,0.00575291412,1,-0.3994384408,0.01198911387,-0.1318157911,0,1.488837719,-0.5234133005,28.67526817
0.1649843156,0.3054480255,0.01408727095,0.007174603175,1,0.1423009038,0.01580905356,-0.06427198648,0,2.091029167,-1.081279755,26.98960495
0.1649843156,0.3102915883,0.02133599669,0.0106788706,1,-0.2364788055,0.02385923266,0.03128123283,0,2.843591452,-1.712311268,26.5884037
0.1649843156,0.315135181,0.02671502344,0.01561982837,1,-2.247923136,0.03094626777,0.3138933182,32.29898834,1.806675076,-3.104620457,30.31411362
0.1649843156,0.3199787438,0.01919877715,0.02723670751,1,-5.553864479,0.03332313523,0.3322972059,136.1756134,0.8274085522,-2.840033531,54.82052231
0.1649843156,0.3248223364,0.00382206752,0.03098525852,1,-6.897266388,0.03122009709,-0.2362536192,166.6655579,-1.582063198,0.3120594025,82.96802521
0.1649843156,0.3296658993,-0.02187151462,0.0245809108,1,-7.305802822,0.03290265054,-0.2819961309,180.8933563,-0.5179729462,2.441936493,131.6619415
0.1649843156,0.3345094621,-0.03407288343,0.01779172011,1,-2.047325134,0.03843834996,0.1005673409,42.29035568,1.13277936,3.200344563,152.4279327
0.1649843156,0.3393530548,-0.02630118839,0.009566899389,1,-0.1884744763,0.02798710577,-0.634483695,0,1.774783134,1.873209596,160.0114441
0.1649843156,0.3441966176,-0.02638947405,0.005645512603,1,0.3253477812,0.02698659152,0.1208532751,0,1.763022542,1.031769991,167.9247131
0.1649843156,0.3490402102,-0.0161860045,0.005154803395,1,1.051104546,0.01698701642,1.030469894,0,3.162077904,1.233091831,162.3347321
0.1698278934,0.237637952,0.0135039119,0.004390786402,1,0.7648327947,0.01419981103,0.2228668332,0,1.088906407,-0.07093567401,18.01189423
0.1698278934,0.2424815297,0.01799327694,0.005102314055,1,0.1930172741,0.0187027175,0.02802732587,0,0.995752573,-0.3591310978,15.8316288
0.1698278934,0.2473251075,0.01926181093,0.006266018376,1,-0.2831691802,0.02025537752,0.01971055567,0,0.7224956751,-0.4092886448,18.0201149
0.1698278934,0.2521686852,0.02012118883,0.007180205081,1,-0.8220760822,0.02136393264,-0.2970972955,14.1603775,0.5124487877,-0.6973342896,19.63883591
0.1698278934,0.257012248,0.01776210964,0.008204594254,1,-1.539923906,0.01956547797,0.08183828741,38.18243027,0.04616874456,-0.1123512313,24.79294777
0.1698278934,0.2618558407,0.01288606972,0.008120777085,1,-1.976267099,0.0152314743,0.3166310191,48.34843826,-0.1316099167,0.1594539285,32.21905518
0.1698278934,0.2666994035,0.007552443072,0.008965893649,1,-2.359974861,0.01172291115,0.1703552902,58.47179031,0.004663467407,0.2342964411,49.89080429
0.1698278934,0.2715429962,0.001477936516,0.007811073214,1,-2.153754711,0.007949664257,-0.2061154246,53.05409622,0.1867371798,0.4413811564,79.28570557
0.1698278934,0.276386559,-0.001974960091,0.00582969375,1,-1.329995871,0.006155143958,-0.1647206396,30.30593109,0.5033888817,0.3466169238,108.7151489
0.1698278934,0.2812301517,-0.002525798045,0.005334369838,1,-0.4685139656,0.005902131554,0.1077787727,0,1.255567074,0.1141436175,115.3373337
0.1698278934,0.2860737145,0.001837192685,0.00579886511,1,0.1556127667,0.00608293619,0.2500832975,0,1.440183401,-0.2400041521,72.42079163
0.1698278934,0.2909172773,0.005203541368,0.007708139252,1,-0.119168222,0.009300121106,0.3349712789,0,1.327192068,-0.3803322017,55.97785568
0.1698278934,0.29576087,0.007688350044,0.009263493121,1,-0.4094759822,0.01203839853,0.1114165187,0,1.21243763,-0.4372811317,50.30860519
0.1698278934,0.3006044328,0.009092748165,0.01036579907,1,-0.4498824179,0.01378868613,-0.05930095911,0,1.188488603,-0.5240904689,48.74316788
0.1698278934,0.3054480255,0.0112658469,0.01151473727,1,0.001178145409,0.01610926725,0.3536937237,0,1.484493136,-1.466542602,45.62596512
0.1698278934,0.3102915883,0.01628871262,0.01918225549,1,-0.1512854099,0.0251650773,0.1455130577,0,1.177736759,-2.66357708,49.66357422
0.1698278934,0.315135181,0.0162375439,0.0251207836,1,-0.9944172502,0.02991173044,-0.3184443712,22.53469849,0.2540550828,-3.535737991,57.12222672
0.1698278934,0.3199787438,0.01270271093,0.03476546705,1,-1.772169471,0.03701346368,-0.0410078764,18.1728363,-1.613606691,-2.81052804,69.92855835
0.1698278934,0.3248223364,-0.0001617266244,0.03853517026,1,-2.54974246,0.03853550926,-0.5342038274,0,-2.787626982,-0.4796686471,90.24045563
0.1698278934,0.3296658993,-0.01314925402,0.03450132161,1,-2.101839781,0.03692213446,-0.8559479713,15.6177578,-1.813785791,3.350417614,110.8630066
0.1698278934,0.3345094621,-0.0191273056,0.01816137508,1,-1.110346913,0.02637592331,-0.2181513309,23.17518806,-0.5611793995,4.221039772,136.4838715
0.1698278934,0.3393530548,-0.02124542184,0.0129997544,1,-0.6210355759,0.02490705997,-0.2659718394,7.427344322,0.4749189913,2.101180315,148.5381775
0.1698278934,0.3441966176,-0.01983503252,0.006695889868,1,0.5579696894,0.02093474381,0.568718791,0,1.430322528,1.220919728,161.346405
0.1698278934,0.3490402102,-0.01161497366,0.009840768762,1,1.504905105,0.01522328332,0.984110713,0,1.889294028,-0.3144620955,139.7271271
0.1746714562,0.237637952,0.0134634655,0.00557283638,1,0.5829797983,0.01457125321,0.1841100454,0,0.9321564436,-0.397210896,22.48578072
0.1746714562,0.2424815297,0.01713280566,0.006980672944,1,0.1715116501,0.01850034669,0.08951026201,0,0.8033069968,-0.5907970071,22.16818428
0.1746714562,0.2473251075,0.01818507537,0.008867957629,1,-0.2642767727,0.02023209445,0.04225423932,0,0.5988407135,-0.6369037628,25.99619293
0.1746714562,0.2521686852,0.01875329204,0.01027022768,1,-0.651370883,0.02138138376,-0.06691110134,6.980045795,0.5838271379,-0.6471044421,28.70728874
0.1746714562,0.257012248,0.01785792224,0.01167816482,1,-1.336485267,0.02133740671,0.09000614285,32.78599167,0.1901906729,-0.4470085204,33.18262863
0.1746714562,0.2618558407,0.01320112497,0.01287129987,1,-2.0671978,0.01843746379,0.106944561,51.25865173,-0.06376421452,-0.3331166208,44.27523041
0.1746714562,0.2666994035,0.007536441088,0.0138096353,1,-2.044824839,0.01573225856,0.03305951133,50.58622742,-0.1827240586,-0.140769586,61.37702942
0.1746714562,0.2715429962,0.00241181883,0.01371325459,1,-1.926285148,0.01392372884,-0.03711764514,47.51903915,0.2235890627,0.4060453773,80.02511597
0.1746714562,0.276386559,-0.0007106999401,0.01166314073,1,-1.423654318,0.01168477442,0.0288965106,28.41596413,0.8470238447,0.5644744635,93.48703766
0.1746714562,0.2812301517,-0.0003811357892,0.01111914124,1,-0.6752735376,0.01112567168,0.115404591,0,1.334882617,0.6067323685,91.96318054
0.1746714562,0.2860737145,0.002484167926,0.009283356369,1,-0.08764976263,0.009609984234,0.1302747279,0,1.33006382,0.05288971961,75.01900482
0.1746714562,0.2909172773,0.005636575166,0.0114939604,1,-0.1421999335,0.01280164439,0.4596532881,0,1.122500896,-0.3352892697,63.87691879
0.1746714562,0.29576087,0.007232332136,0.01313372236,1,-0.3738148212,0.01499337517,0.1541982591,0,0.7983804941,-0.2988798618,61.15979385
0.1746714562,0.3006044328,0.007692992222,0.01368847955,1,-0.3348643184,0.01570212096,-0.09174457192,0,0.637280643,-0.3447437584,60.66379929
0.1746714562,0.3054480255,0.008697109297,0.01435914356,1,-0.3691509366,0.01678763703,-0.03790706396,0,0.6678113341,-0.7455664277,58.79736328
0.1746714562,0.3102915883,0.009139576927,0.01711608283,1,-0.04756318778,0.01940340549,-0.1705545187,0,-0.08665335923,-1.6793046,61.89885712
0.1746714562,0.315135181,0.008047020994,0.02166689187,1,-0.02038499713,0.02311295643,0.01329743862,0,-0.754334569,-2.234758377,69.62514496
0.1746714562,0.3199787438,0.005387162324,0.02800471708,1,0.2131647468,0.02851816453,-0.1322434545,0,-2.099315166,-1.818219662,79.11123657
0.1746714562,0.3248223364,-0.001088695251,0.02983304858,1,0.0006465911865,0.0298529081,-0.3474465609,0,-3.133978844,0.07137517631,92.08995819
0.1746714562,0.3296658993,-0.009789375588,0.02597612143,1,-0.07608294487,0.02775951661,-0.3432125449,0,-2.730924606,1.593666792,110.6494522
0.1746714562,0.3345094621,-0.01468461286,0.02045165189,1,-0.9172528982,0.02517752722,-0.2251406312,14.89655685,-0.6565529108,2.066737413,125.6789474
0.1746714562,0.3393530548,-0.01741222665,0.01487523224,1,-0.5682224631,0.02290105261,-0.1634563804,13.43983936,-0.05871516466,2.021052122,139.4928131
0.1746714562,0.3441966176,-0.01772123389,0.009870815091,1,0.04116934538,0.02028484829,-0.1479991674,0,0.8816427588,1.474482059,150.8819885
0.1746714562,0.3490402102,-0.01294251438,0.00701661827,1,1.790625572,0.01472214703,-0.7337434292,0,0.1825872064,0.4448019266,151.5362244
0.179515034,0.237637952,0.01247174293,0.006082047708,1,0.3149254322,0.01387572289,0.2379275262,0,0.9624428749,-0.6211117506,25.99692917
0.179515034,0.2424815297,0.01556525938,0.008162459359,1,0.1874613911,0.01757563837,0.08236184716,0,0.6197603345,-0.8187366724,27.67262459
0.179515034,0.2473251075,0.01638158411,0.01044658851,1,-0.06563387811,0.01942903735,0.07208147645,0,0.2922318578,-0.9603193998,32.52578735
0.179515034,0.2521686852,0.01666280441,0.01316297334,1,-0.4628424644,0.02123470977,0.02995014191,6.11281395,0.3908623457,-1.033845305,38.30737686
0.179515034,0.257012248,0.0160329435,0.01559915673,1,-1.129291058,0.02236937545,-0.03494939208,27.87161255,0.1233785748,-0.9973734617,44.21432495
0.179515034,0.2618558407,0.01179058943,0.01782454923,1,-1.696525335,0.02137130126,-0.08484598994,41.89819336,-0.1620597839,-0.5774472952,56.51614761
0.179515034,0.2666994035,0.007030741777,0.01798510924,1,-1.588636875,0.01931050234,0.01429360546,39.2313652,-0.1715754867,-0.06820561737,68.64846802
0.179515034,0.2715429962,0.003264863975,0.01822414063,1,-1.386941671,0.01851428114,0.125133127,34.18100357,0.1210039258,0.3640528023,79.8431778
0.179515034,0.276386559,0.0008990740753,0.0168278832,1,-1.112303853,0.01685188338,0.07883492112,22.53318787,0.6389056444,0.7298905849,86.94172668
0.179515034,0.2812301517,0.000971923233,0.01507070195,1,-0.3232035041,0.01510200929,-0.1887037009,0,0.700050652,0.6706243157,86.31005096
0.179515034,0.2860737145,0.002724362537,0.01266566105,1,-0.07763722539,0.0129553508,-0.01759176701,0,1.075659633,0.2377770841,77.86073303
0.179515034,0.2909172773,0.005805907305,0.01383380685,1,0.08533465862,0.01500275824,0.2484994382,0,0.7948436141,-0.2212860733,67.23271179
0.179515034,0.29576087,0.00698757451,0.01494110376,1,-0.1060550883,0.01649432629,0.03228726238,0,0.3481651843,-0.2238549292,64.93570709
0.179515034,0.3006044328,0.006978586316,0.01507445145,1,-0.1394445449,0.01661143452,0.001811757684,0,0.2392599136,-0.3277448416,65.158638
0.179515034,0.3054480255,0.007471038029,0.01653733663,1,-0.2619835138,0.01814662293,0.1333853304,0,0.3342862129,-0.6756174564,65.68807983
0.179515034,0.3102915883,0.007328790147,0.01899291947,1,-0.4329183698,0.0203578528,0.1653404832,9.924822807,0.02138440311,-0.8728405833,68.8999176
0.179515034,0.315135181,0.005477741361,0.0215658471,1,-0.2269553691,0.02225065045,0.05318307877,0,-0.6140105128,-0.8907242417,75.74822235
0.179515034,0.3199787438,0.003255506279,0.02356480807,1,0.2189912796,0.02378862165,-0.2150119841,0,-1.659380913,-0.5838601589,82.13430786
0.179515034,0.3248223364,-0.001498897793,0.02335239202,1,0.161218524,0.0234004464,-0.2887379825,0,-2.297676086,0.1081584617,93.67254639
0.179515034,0.3296658993,-0.007092591375,0.02164240927,1,-0.04599457979,0.02277495712,0.07508289814,0,-1.751959801,0.8861176968,108.1448669
0.179515034,0.3345094621,-0.01020740252,0.01942409389,1,-0.2389727235,0.02194279991,0.1358495355,0,-0.8254129291,1.410696507,117.722023
0.179515034,0.3393530548,-0.01224802621,0.01546758879,1,-0.3873577118,0.01972968504,0.01564627886,6.793785095,-0.273871839,1.803025961,128.3739929
0.179515034,0.3441966176,-0.01341011934,0.01076678187,1,-0.1261495501,0.01719752513,-0.672755003,0,-0.03209218755,2.096988201,141.2395477
0.179515034,0.3490402102,-0.01301448233,0.00205212133,1,0.8749929667,0.0131752789,-1.893387079,0,-0.7116277814,1.70504117,171.0393829
0.1843586117,0.237637952,0.01160748303,0.008709137328,1,-0.2799203098,0.01451146975,0.03134469315,0,1.088675261,-0.119539246,36.88103485
0.1843586117,0.2424815297,0.0135661168,0.009074546397,1,0.05712962151,0.01632136479,-0.1432709247,0,0.4126353264,-0.5339265466,33.77906418
0.1843586117,0.2473251075,0.01388282608,0.0106013082,1,0.010251306,0.01746770181,0.089735955,0,0.05679226667,-1.010827899,37.36635208
0.1843586117,0.2521686852,0.01389084756,0.0144052133,1,-0.1439246386,0.02001164109,0.248098135,0,-0.06770431995,-1.226900458,46.04140854
0.1843586117,0.257012248,0.01285778638,0.01774556749,1,-0.3691968918,0.02191410027,0.0796122551,0,-0.4354957938,-1.138163209,54.07429504
0.1843586117,0.2618558407,0.00999325607,0.02030360326,1,-0.5400013328,0.02262965962,-0.02439799905,0,-0.6125500798,-0.6288509369,63.7939949
0.1843586117,0.2666994035,0.00727531407,0.02067328244,1,-0.5723118186,0.02191608585,0.09309793264,6.338261127,-0.503757894,-0.05421114713,70.61208344
0.1843586117,0.2715429962,0.004781228956,0.02101710625,1,-0.421454519,0.02155409195,0.2429660857,0,-0.4186041653,0.3519810736,77.18377686
0.1843586117,0.276386559,0.003206424648,0.0201452598,1,-0.4293603301,0.02039884031,-0.09889343381,9.643070221,-0.1545354724,0.9213759899,80.95636749
0.1843586117,0.2812301517,0.001953084255,0.01607535221,1,-0.1396393329,0.01619356312,-0.2679404318,0,0.2107082754,0.8212999105,83.07276917
0.1843586117,0.2860737145,0.003550652647,0.01486943942,1,0.04750493169,0.01528749056,0.08900526911,0,0.7402005196,0.3253664374,76.56990814
0.1843586117,0.2909172773,0.00576838525,0.01493052207,1,0.1188257337,0.01600608602,0.007793296129,0,0.44972229,-0.08807264268,68.8760376
0.1843586117,0.29576087,0.006304459181,0.01533377357,1,0.008021818474,0.01657922752,-0.125170365,0,0.06339746714,-0.2474440187,67.65005493
0.1843586117,0.3006044328,0.006114310119,0.01552276406,1,-0.06799050421,0.01668355428,0.01451136172,1.575488329,0.01974238455,-0.3805372715,68.50086212
0.1843586117,0.3054480255,0.006070765667,0.01724722236,1,-0.07109308243,0.01828444377,0.2151916474,0,-0.01181357913,-0.5680660009,70.60869598
0.1843586117,0.3102915883,0.005712745246,0.01931653358,1,-0.03972099721,0.02014358342,-0.003893941641,0,-0.3898046017,-0.5293191671,73.52474976
0.1843586117,0.315135181,0.003990325145,0.01979216002,1,0.0310818553,0.020190401,-0.3108476102,0,-0.8971735239,-0.2262286842,78.60131836
0.1843586117,0.3199787438,0.001517762779,0.01890667528,1,0.1242700815,0.01896749809,-0.4892450571,0,-1.353458881,-0.1033820063,85.41033173
0.1843586117,0.3248223364,-0.001963346265,0.01792320237,1,0.03829067945,0.01803041622,-0.1583149582,0,-1.411550045,0.0880997926,96.25137329
0.1843586117,0.3296658993,-0.005133725703,0.01771314628,1,-0.05103269219,0.0184420906,0.2772400677,0,-1.028843999,0.3416593969,106.1629486
0.1843586117,0.3345094621,-0.007193796802,0.01761118323,1,-0.01122692227,0.01902378723,0.176822558,0,-0.7051073313,0.6492494345,112.2189789
0.1843586117,0.3393530548,-0.008603346534,0.01542491,1,-0.2113215178,0.01766197756,-0.3255769312,0,-0.5379287004,1.178434014,119.1508713
0.1843586117,0.3441966176,-0.01082284842,0.01032638922,1,-0.6268343329,0.01495888922,-1.219157457,0,-0.4573717415,2.10343051,136.3447266
0.1843586117,0.3490402102,-0.01385478303,-0.0006683028187,1,-1.614506364,0.01387089211,-1.199643135,0,0.362570107,3.340248108,-177.2384033
0.1892021894,0.237637952,0.01204456575,0.01271094661,1,-0.3498413265,0.01751113124,-0.4956144989,0,0.4492038786,0.6715259552,46.54193878
0.1892021894,0.2424815297,0.01228520088,0.009884378873,1,-0.1466524452,0.01576791331,-0.295918256,0,0.1209767312,0.1250377893,38.81932449
0.1892021894,0.2473251075,0.01192020345,0.01067201328,1,0.09477764368,0.01599947177,-0.0001364052296,0,-0.1697844863,-0.7532519102,41.83769989
0.1892021894,0.2521686852,0.01192189939,0.0135321524,1,0.2486538589,0.01803471148,0.03433814645,0,-0.4580931365,-0.9166172743,48.61977386
0.1892021894,0.257012248,0.01090576965,0.01527803298,1,0.1563067138,0.01877109706,-0.03451645374,0,-0.8366658688,-0.8481714725,54.4799881
0.1892021894,0.2618558407,0.008626527153,0.01747315377,1,0.1940289438,0.01948661357,0.08786804974,0,-0.9551763535,-0.5395860076,63.72436523
0.1892021894,0.2666994035,0.00721909292,0.01831715554,1,0.229842186,0.01968841068,0.09419628233,0,-0.7418584228,-0.06370203942,68.48978424
0.1892021894,0.2715429962,0.006146536674,0.01823794656,1,0.2899608612,0.0192458462,0.1927864403,0,-0.772302866,0.2254351825,71.37520599
0.1892021894,0.276386559,0.004882832058,0.01815901883,1,0.2024411559,0.01880404353,0.1333302259,0,-0.7174269557,0.4368886352,74.94956207
0.1892021894,0.2812301517,0.00365216285,0.0167676378,1,0.0700590536,0.01716076769,0.08797736466,0,-0.1013227031,0.5294346809,77.71231079
0.1892021894,0.2860737145,0.004731404129,0.01602078602,1,0.2329181731,0.01670484245,-0.01155915856,4.767629147,0.1314634383,0.2632607818,73.54660034
0.1892021894,0.2909172773,0.005417068023,0.01543653011,1,0.1643791646,0.01635943353,-0.2358175814,0,-0.07118695974,-0.06828314811,70.66274261
0.1892021894,0.29576087,0.005182787776,0.01520932,1,0.1041849852,0.01606812701,-0.349473387,0,-0.1478214562,-0.3624518812,71.18274689
0.1892021894,0.3006044328,0.00520571135,0.01549939252,1,0.06175635755,0.01635024697,-0.1250157207,0,0.05779904872,-0.4584761262,71.43457031
0.1892021894,0.3054480255,0.005761863664,0.01682446152,1,0.2198579609,0.01778374612,-0.09917286038,0,-0.3147424161,-0.4703591764,71.09523773
0.1892021894,0.3102915883,0.004746131133,0.01729726233,1,0.4151685536,0.01793658361,-0.2516157329,0,-1.010904431,-0.3022618592,74.65644836
0.1892021894,0.315135181,0.00287637068,0.01706977002,1,0.1341834068,0.01731041819,-0.2907148004,0,-1.034563303,-0.1069767699,80.43513489
0.1892021894,0.3199787438,0.0003850712383,0.01640731283,1,-0.7602206469,0.0164118316,0.005156286061,18.12578773,-0.2133078575,0.1578934193,88.65554047
0.1892021894,0.3248223364,-0.001838990371,0.0163299758,1,-1.192287207,0.016433198,0.3318203986,27.66170502,0.2673562765,0.2287991345,96.42525482
0.1892021894,0.3296658993,-0.004094903823,0.01690630428,1,-0.7977114916,0.01739515364,0.2416354269,18.70781898,-0.1039529145,0.2967076302,103.6154861
0.1892021894,0.3345094621,-0.006206258666,0.01606323011,1,0.02310287952,0.01722048223,-0.3309173584,0,-0.8535309434,0.2927255034,111.1247559
0.1892021894,0.3393530548,-0.00811714679,0.01388564147,1,0.1732473969,0.01608412713,-0.5163945556,0,-0.7762758732,0.4076420069,120.3093262
0.1892021894,0.3441966176,-0.009127073921,0.01158758719,1,0.02998501062,0.01475044619,0.6361371279,0,1.09952116,1.102196813,128.2260895
0.1892021894,0.3490402102,-0.002646296285,0.011628245,1,-0.3234719038,0.01192555949,1.014323354,0,2.999492645,0.9975351095,102.8207321
0.1940457672,0.237637952,0.01245952398,0.01257937495,1,0.08474966884,0.01770537719,-0.3703022301,0,0.03042137064,0.5416458845,45.27425003
0.1940457672,0.2424815297,0.01273844391,0.01037082914,1,-0.3301994503,0.01642626151,-0.2428997755,0,-0.1293354332,0.4300519228,39.15028763
0.1940457672,0.2473251075,0.01023373101,0.009319880977,1,-0.04301771522,0.01384158339,-0.2850934863,0,-0.6013373137,-0.4112811685,42.32419205
0.1940457672,0.2521686852,0.00961745996,0.01098202914,1,0.356031388,0.01459796261,-0.1024786532,0,-0.6969600916,-0.8490656614,48.78989792
0.1940457672,0.257012248,0.008582418784,0.01293602772,1,0.2964622378,0.01552413311,-0.09201803803,0,-0.670593679,-0.8673352003,56.43767929
0.1940457672,0.2618558407,0.007805325091,0.01473733783,1,0.4451490939,0.01667669602,0.1433179379,0,-0.6845183372,-0.4824069738,62.0929985
0.1940457672,0.2666994035,0.007423015311,0.0159667749,1,0.3821920753,0.01760792546,0.1592269689,0,-0.5883221626,-0.07502377033,65.0661087
0.1940457672,0.2715429962,0.006806917954,0.01587194949,1,0.3383142352,0.01727000065,0.107750386,0,-0.6386483312,0.1649328768,66.78721619
0.1940457672,0.276386559,0.005968323909,0.01568980701,1,0.3174381852,0.01678662933,0.1594157964,0,-0.7021436095,0.2888032198,69.17343903
0.1940457672,0.2812301517,0.004943567328,0.01524525136,1,0.1905861795,0.01602674462,0.1312085092,0,-0.438034445,0.4020355046,72.03371429
0.1940457672,0.2860737145,0.004769789055,0.01437803544,1,0.2722555101,0.01514855679,-0.1423479468,0,-0.406065613,0.1581977755,71.64718628
0.1940457672,0.2909172773,0.004295449704,0.01378953923,1,0.1424965709,0.0144430697,-0.2589110136,0,-0.5375754237,-0.2042252719,72.69815826
0.1940457672,0.29576087,0.002856193809,0.01411316078,1,0.1223259717,0.01439927612,-0.3034049273,0,-0.3302978277,-0.6572874188,78.55911255
0.1940457672,0.3006044328,0.003288121894,0.01550359651,1,0.04620459303,0.01584844664,-0.3396761715,0,0.04794049636,-0.4521308839,78.02570343
0.1940457672,0.3054480255,0.003312192857,0.01465784386,1,0.4206714332,0.01502740849,-0.8251855373,0,-0.4739638269,-0.1863274872,77.26687622
0.1940457672,0.3102915883,0.003029996064,0.01240923814,1,0.8803338408,0.01277380437,-0.4086720645,0,-1.138018966,-0.2999508679,76.27843475
0.1940457672,0.315135181,0.002064075088,0.01413124427,1,0.5321027637,0.01428119279,0.7764777541,0,-0.6812672019,-1.111889124,81.68988037
0.1940457672,0.3199787438,0.002307506744,0.02155569009,1,-1.198367357,0.02167884633,1.518167615,0,0.9274897575,-0.7243596315,83.88983154
0.1940457672,0.3248223364,0.0007520580548,0.02499309927,1,-2.28756237,0.02500441112,0.4851605892,0,1.289596438,0.5847296715,88.27645111
0.1940457672,0.3296658993,-0.002526219236,0.0210734196,1,-1.699683189,0.02122429758,-0.8764829636,0,0.02099329233,1.524220943,96.83582306
0.1940457672,0.3345094621,-0.007378782146,0.01336513925,1,-0.1246699095,0.01526674069,-1.299932241,0,-1.238759995,0.8157763481,118.9027176
0.1940457672,0.3393530548,-0.009130097926,0.01082582027,1,1.145365357,0.01416181773,0.01194663346,0,-0.1180896759,-0.4302123189,130.1430664
0.1940457672,0.3441966176,-0.002403092571,0.01550677046,1,-0.2909479737,0.01569187082,1.863176107,0,1.327353001,0.9132761955,98.80908203
0.1940457672,0.3490402102,-0.004110190086,0.01542673446,1,-1.136676669,0.01596489176,-0.3187581003,0,0.4317876399,-0.2857098877,104.9189148
