PIVlab, ASCII chart output - 13-Mar-2024
FRAME: 7, filenames: A:[7]2 vortices tapados mismo sentido clase 4.mp4 & B:[8]2 vortices tapados mismo sentido clase 4.mp4, conversion factor xy (px -> m): 0.00030272, conversion factor uv (px/frame -> m/s): 0.0090842
x [m],y [m],u [m/s],v [m/s],Vector type [-],vorticity [1/s],magnitude [m/s],divergence [1/s],dcev [1],simple shear [1/s],simple strain [1/s],vector direction [degrees]
0.1262357086,0.237637952,0.0007589629968,-0.002482130425,1,1.826187849,0.0025955725,1.042361736,0,0.2352600098,2.421202183,-72.99790192
0.1262357086,0.2424815297,0.00575135462,-0.005821391009,1,0.9449840784,0.008183317259,-0.1157538295,0,0.5661386251,1.049546719,-45.34673691
0.1262357086,0.2473251075,0.008078203537,-0.008126353845,1,0.008058771491,0.01145840343,-0.4723726511,0,0.4845172763,0.2007849663,-45.17024612
0.1262357086,0.2521686852,0.008137185127,-0.009081882425,1,-0.1322806478,0.01219403092,-0.241784662,0,0.187048763,0.1975040138,-48.14029694
0.1262357086,0.257012248,0.008343476802,-0.01025407948,1,-0.3323876262,0.01321967226,-0.1102897078,0,0.2435370088,0.122466445,-50.86565018
0.1262357086,0.2618558407,0.007706830278,-0.01020925492,1,-0.4196048975,0.01279156469,0.1014112607,0,0.1047008485,-0.06329665333,-52.95133209
0.1262357086,0.2666994035,0.006818214431,-0.009456303902,1,-0.3133612275,0.01165803336,0.1781821847,0,-0.07771266997,-0.138885051,-54.20752335
0.1262357086,0.2715429962,0.005812633317,-0.008673515171,1,-0.1683243513,0.01044110022,0.2229569554,0,-0.1783902347,-0.05193405598,-56.17163467
0.1262357086,0.276386559,0.005138875451,-0.008124847896,1,-0.0686763078,0.00961359404,0.2296894193,0,-0.1703034639,0.04424545914,-57.68710709
0.1262357086,0.2812301517,0.004655116238,-0.007775302976,1,0.02492209524,0.009062308818,0.3509541452,0,-0.1485871971,-0.01808720827,-59.0908165
0.1262357086,0.2860737145,0.00453989394,-0.006337367464,1,0.02796291932,0.007795695215,0.333958596,0,0.140825212,-0.03736498952,-54.38336182
0.1262357086,0.2909172773,0.005472652148,-0.005976773798,1,-0.1304850578,0.008103810251,0.02309001237,0,0.2664731741,0.1865795553,-47.52111816
0.1262357086,0.29576087,0.005198562983,-0.007129241712,1,-0.4303397536,0.008823329583,-0.03574460745,0,0.08956472576,0.5518152118,-53.90089035
0.1262357086,0.3006044328,0.003822081722,-0.00882266555,1,-0.4750761092,0.00961497426,0.5096802711,0,-0.05009010434,1.163234472,-66.57717896
0.1262357086,0.3054480255,0.002654879587,-0.010294782,1,-0.3983842134,0.01063160039,0.9190137386,0,0.2386033088,1.390343547,-75.53929901
0.1262357086,0.3102915883,0.003048170591,-0.01110558771,1,-0.1311484128,0.01151631121,0.9330687523,0,0.5313570499,1.268061996,-74.65189362
0.1262357086,0.315135181,0.004593321122,-0.01191734709,1,0.4503743052,0.01277191285,0.1907003373,0,0.2165504694,0.568008244,-68.92176819
0.1262357086,0.3199787438,0.006278472487,-0.01293310802,1,0.2773935795,0.01437652577,-0.5661007166,0,-0.2239896655,-0.1657349616,-64.10540771
0.1262357086,0.3248223364,0.00485198712,-0.01385654975,1,-0.7854366302,0.01468147617,-0.7368173599,0,-0.8540530205,-0.1336451769,-70.70187378
0.1262357086,0.3296658993,-0.00166252302,-0.01585461944,1,-1.394469976,0.01594154909,0.1537650228,0,-0.9430621266,0.7860910892,-95.98618317
0.1262357086,0.3345094621,-0.006469996646,-0.01691926084,1,-1.169054508,0.01811414398,1.095555544,0,-0.3785625696,1.066973329,-110.927063
0.1262357086,0.3393530548,-0.009158526547,-0.01571617834,1,0.8159634471,0.0181900207,1.234797001,0,1.289290667,0.3769887686,-120.2312775
0.1262357086,0.3441966176,0.003726965748,-0.01276439987,1,5.524964809,0.01329737436,-1.920625925,0,4.734035969,-3.578770876,-73.72318268
0.1262357086,0.3490402102,0.04053174332,-0.007684824988,1,8.885541916,0.04125383124,-9.772108078,0,6.31176281,-11.8695488,-10.73585415
0.1310792714,0.237637952,0.009146957658,-0.006335009821,1,0.0824559927,0.011126508,0.9722069502,0,-0.5507713556,1.138968825,-34.70574188
0.1310792714,0.2424815297,0.008012796752,-0.006738871802,1,-0.08688912541,0.01046982873,0.3055112362,0,-0.2695581913,0.4371217489,-40.06429672
0.1310792714,0.2473251075,0.007420477457,-0.006972475443,1,-0.08655228466,0.01018228382,-0.1571023315,0,0.09009311348,0.1669689864,-43.21715927
0.1310792714,0.2521686852,0.008029947057,-0.008308536373,1,0.02847957611,0.01155473199,-0.1809067577,0,0.1681705564,0.208648935,-45.97686005
0.1310792714,0.257012248,0.0083729662,-0.008859315887,1,-0.1073634475,0.0121899154,-0.07325134426,1.379542708,0.05971033871,0.0570169352,-46.61663818
0.1310792714,0.2618558407,0.007799135521,-0.008939500898,1,-0.1994992048,0.01186343934,-0.009117489681,4.638317108,-0.1018447131,-0.003687889781,-48.89740753
0.1310792714,0.2666994035,0.006913383491,-0.008885614574,1,-0.203445062,0.01125828642,-0.002047581598,4.424580574,-0.1211749166,-0.05192979425,-52.1155777
0.1310792714,0.2715429962,0.006226813421,-0.008697892539,1,-0.1398977935,0.01069703419,0.05044414476,2.571133137,-0.08949826658,-0.05580953136,-54.40116119
0.1310792714,0.276386559,0.005802285857,-0.008370966651,1,-0.1674897969,0.01018526405,0.04802540317,4.337145805,0.009431801736,-0.05569709465,-55.27246857
0.1310792714,0.2812301517,0.005461247172,-0.008195504546,1,-0.214363426,0.009848427027,0.2707659006,0,0.1020276546,-0.2055198401,-56.3216629
0.1310792714,0.2860737145,0.005258178804,-0.006064039655,1,-0.04313191772,0.008026271127,0.4384544492,0,0.1503213644,-0.2181029171,-49.07117081
0.1310792714,0.2909172773,0.00598042598,-0.005015427712,1,0.0516988039,0.007805127185,0.09869690239,0,0.1940274835,0.05866596103,-39.98456192
0.1310792714,0.29576087,0.006448373199,-0.005870146677,1,0.02213701606,0.008720099926,-0.1048672497,0,0.3687082827,0.4686787426,-42.31253052
0.1310792714,0.3006044328,0.007873515598,-0.007793442346,1,-0.09354616702,0.01107835677,0.1584301889,0,0.4650205374,0.7534430027,-44.70716476
0.1310792714,0.3054480255,0.008247638121,-0.008752137423,1,-0.137698561,0.01202594861,0.4588592947,0,0.2420248091,0.811429739,-46.6998558
0.1310792714,0.3102915883,0.008378827944,-0.00950114429,1,-0.231418848,0.01266793162,0.1507061124,2.733849764,-0.1436944902,0.9211035967,-48.59171295
0.1310792714,0.315135181,0.006430747453,-0.01248361729,1,-0.2210198194,0.01404262148,-0.1206697822,0,-0.5785340667,0.8385807276,-62.74542236
0.1310792714,0.3199787438,0.004506126512,-0.0141473487,1,-0.1192453206,0.01484764833,-0.1367382258,0,-0.6419337988,0.1810240895,-72.33260345
0.1310792714,0.3248223364,0.002743917052,-0.01402272377,1,-0.05587026477,0.014288662,-0.1158400029,0,-0.7477760315,0.01093799993,-78.92845917
0.1310792714,0.3296658993,0.0006136030424,-0.01476140786,1,-0.2578050792,0.01477415487,0.1888157874,0,-0.563231349,0.3915876746,-87.61969757
0.1310792714,0.3345094621,-0.001232824521,-0.0150048621,1,-0.612172246,0.01505542267,0.4914273918,0,-0.5994809866,0.451885432,-94.69696045
0.1310792714,0.3393530548,-0.005255133845,-0.01456988323,1,-0.8466175795,0.01548863854,0.4009789824,0,-0.8790791631,0.3338788748,-109.8335953
0.1310792714,0.3441966176,-0.009591370821,-0.01467985753,1,-0.4670680165,0.0175354667,-1.474920869,0,-0.9006163478,-1.609517217,-123.1593781
0.1310792714,0.3490402102,-0.01187961921,-0.01391795557,1,0.2057296634,0.0182984937,-6.042818069,0,-1.150585413,-6.357419968,-130.4822998
0.1359228492,0.237637952,0.01098459121,-0.005549211521,1,-0.5572260618,0.01230670512,-0.1315187663,0,-0.1184073836,0.3462065458,-26.80205917
0.1359228492,0.2424815297,0.009348349646,-0.006706161425,1,-0.3132153451,0.01150496677,0.1191701591,2.296133041,-0.2769677937,0.4745991528,-35.65426636
0.1359228492,0.2473251075,0.008125993423,-0.007270759437,1,-0.04702098668,0.01090393122,0.1052701473,0,-0.175292626,0.4560682774,-41.82069016
0.1359228492,0.2521686852,0.008271556348,-0.008405279368,1,0.07923702151,0.01179268211,-0.007353648543,1.639680505,-0.05056997389,0.4415066242,-45.45941162
0.1359228492,0.257012248,0.008264844306,-0.00944484584,1,0.1150174588,0.01255040895,0.003528133035,0,-0.2444155663,0.2783207297,-48.81200027
0.1359228492,0.2618558407,0.007644806523,-0.009736258537,1,0.03940877318,0.01237892639,0.09616657346,0,-0.3920557499,0.0162621662,-51.8613739
0.1359228492,0.2666994035,0.00655677123,-0.009057822637,1,-0.06299319863,0.01118192263,0.08656026423,0,-0.3206407428,-0.1832520515,-54.09999847
0.1359228492,0.2715429962,0.005786645692,-0.008429401554,1,-0.2166482359,0.01022448391,0.04425096512,5.275632381,-0.08376072347,-0.3252913654,-55.53104401
0.1359228492,0.276386559,0.005101717077,-0.007267915644,1,-0.2597813308,0.008879758418,0.06815211475,6.320291519,0.09141287953,-0.3832829595,-54.93304825
0.1359228492,0.2812301517,0.004971140064,-0.006242840551,1,-0.2709260285,0.007980306633,0.1036751047,0,0.3752838075,-0.2818979025,-51.46988297
0.1359228492,0.2860737145,0.00560718216,-0.00540036289,1,-0.05447100103,0.007784883492,0.129477933,0,0.3153761029,-0.06778300554,-43.92360306
0.1359228492,0.2909172773,0.006234850269,-0.005287394859,1,0.07840049267,0.008174955845,0.0252962932,0,0.2010473609,0.03566806391,-40.2992363
0.1359228492,0.29576087,0.006960709579,-0.005450599361,1,0.05175276101,0.008840843104,0.01366576552,0,0.3619813323,0.1849882007,-38.06280136
0.1359228492,0.3006044328,0.008238803595,-0.006117208395,1,-0.1392631233,0.01026148722,-0.09435927868,0,0.52057302,0.526042819,-36.59342575
0.1359228492,0.3054480255,0.008807613514,-0.008455565199,1,-0.2470133603,0.01220944896,-0.168502301,0,0.2471687198,0.7736690044,-43.83172607
0.1359228492,0.3102915883,0.008239556104,-0.01068068855,1,-0.0921908021,0.01348952856,-0.2765945792,0,-0.05997776985,0.7956349254,-52.35181808
0.1359228492,0.315135181,0.008070573211,-0.0136489924,1,-0.109597221,0.01585651748,-0.008892893791,0,-0.2510002255,0.9788269401,-59.40441132
0.1359228492,0.3199787438,0.006492974237,-0.01546478644,1,-0.1174286902,0.01677254587,0.2635822892,0,-0.6519790888,0.9983391166,-67.22463989
0.1359228492,0.3248223364,0.00434388686,-0.01720784418,1,0.02195322514,0.01774765551,0.2989921868,0,-1.125326037,0.6849025488,-75.83245087
0.1359228492,0.3296658993,0.001148701995,-0.0173339732,1,-0.05822813511,0.01737199351,0.06980569661,0,-1.231087565,-0.002466376871,-86.20861816
0.1359228492,0.3345094621,-0.001900994685,-0.01685778983,1,-0.277032733,0.01696463674,-0.2608654499,0,-1.116130233,-0.5624122024,-96.43386078
0.1359228492,0.3393530548,-0.005599190947,-0.01587340795,1,-0.6528885961,0.01683199406,-0.1713757068,0,-1.269601822,-0.5829450488,-109.4298019
0.1359228492,0.3441966176,-0.01121272705,-0.0148643218,1,-1.471945167,0.01861916482,0.04824667424,11.88654709,-1.404129386,-0.286046505,-127.0286484
0.1359228492,0.3490402102,-0.01952968165,-0.01425423287,1,-1.646376848,0.02417832986,0.4646513462,0,-1.787832022,0.2127354741,-143.8752136
0.1407664269,0.237637952,0.0101868147,-0.004209557548,1,-0.1043494493,0.01102232095,-0.7448759079,0,0.394197166,0.2270281315,-22.45216942
0.1407664269,0.2424815297,0.01088876463,-0.006563303992,1,-0.1031029299,0.012713857,0.05639448762,0,0.09330626577,0.7550952435,-31.07986069
0.1407664269,0.2473251075,0.01013936382,-0.007593769114,1,-0.0268669799,0.0126677556,0.3078358173,0,-0.129208535,0.7979617119,-36.83098602
0.1407664269,0.2521686852,0.01013280079,-0.008937266655,1,0.04108514637,0.01351104677,0.1835748255,0,-0.1239250228,0.8042923212,-41.41272736
0.1407664269,0.257012248,0.009738123044,-0.01060025766,1,-0.00444021821,0.01439432241,0.06716875732,0,-0.3649371266,0.4990945458,-47.42728424
0.1407664269,0.2618558407,0.008343692869,-0.01102933288,1,-0.05126518011,0.0138298003,0.07552027702,0,-0.6286193728,-0.02083559148,-52.89248657
0.1407664269,0.2666994035,0.006445049308,-0.0101335505,1,-0.1214342266,0.01200947538,0.1732060611,0,-0.5966549516,-0.4410282075,-57.54319
0.1407664269,0.2715429962,0.004865572322,-0.008054241538,1,-0.2565800548,0.009409814142,0.09214693308,3.901669025,-0.1912550926,-0.6229485273,-58.86380005
0.1407664269,0.276386559,0.004275924992,-0.006669930182,1,-0.1883583963,0.007922846824,0.06294554472,3.180382013,0.1331180036,-0.5540992618,-57.33708954
0.1407664269,0.2812301517,0.004598011263,-0.005065537058,1,-0.1335607767,0.006841152906,0.09842607379,0,0.3980507851,-0.3965125382,-47.7698288
0.1407664269,0.2860737145,0.005557002965,-0.004272656515,1,-0.1211663187,0.007009698544,0.01817036048,0,0.4675436318,-0.1148224473,-37.55588913
0.1407664269,0.2909172773,0.006275711581,-0.00442137802,1,-0.08814699948,0.007676792331,0.00762596447,0,0.4708323479,0.02721351758,-35.1655426
0.1407664269,0.29576087,0.007410569116,-0.004367530346,1,0.06122079492,0.008601851761,0.08198463172,0,0.7003437281,0.1183413938,-30.51361084
0.1407664269,0.3006044328,0.009964408353,-0.004597474821,1,0.06088700891,0.01097388752,0.06058503687,0,0.7171001434,0.4716443419,-24.76810837
0.1407664269,0.3054480255,0.01117881015,-0.006358528044,1,-0.3357533514,0.01286066417,-0.004548460245,0,0.5274363756,0.9756449461,-29.63129997
0.1407664269,0.3102915883,0.0108928401,-0.009345117956,1,-0.3945584595,0.01435218472,-0.03664171696,2.218737364,0.3842124641,1.369340777,-40.62674713
0.1407664269,0.315135181,0.01112869848,-0.01316851377,1,-0.2317972481,0.01724116318,0.05421251059,3.840936422,0.1751244962,1.580226421,-49.79887772
0.1407664269,0.3199787438,0.01061834116,-0.01673648506,1,-0.0677959621,0.01982067339,0.4008786082,0,-0.6794224977,1.724517107,-57.60721588
0.1407664269,0.3248223364,0.007509487681,-0.01957966015,1,-0.3368980885,0.02097034827,0.4615339339,0,-1.661330462,1.226621032,-69.01642609
0.1407664269,0.3296658993,0.0009397662943,-0.02044224367,1,-0.4145324826,0.02046383359,-0.1759269983,0,-2.213681936,-0.2813378572,-87.36786652
0.1407664269,0.3345094621,-0.005220433697,-0.01906909607,1,-0.212650001,0.01977077127,-0.5208479762,0,-1.820663214,-1.116536021,-105.3103943
0.1407664269,0.3393530548,-0.008908744901,-0.01755698211,1,-0.2902611196,0.01968789846,-0.4058767259,0,-0.8499578238,-1.379890084,-116.9040985
0.1407664269,0.3441966176,-0.01074317284,-0.01435138658,1,0.3767485023,0.01792702079,-0.1332158148,4.39911747,-0.312725246,-0.743070364,-126.8178177
0.1407664269,0.3490402102,-0.008598643355,-0.01460310444,1,0.03765895963,0.01694660261,1.137312055,0,0.8478529453,1.241250634,-120.4905472
0.1456100047,0.237637952,0.008476355113,-0.003134462284,1,0.938990891,0.009037336335,-1.221471786,0,1.044050694,-0.1394716501,-20.29383469
0.1456100047,0.2424815297,0.01327886339,-0.005754838232,1,0.250074476,0.01447226293,-0.01062771678,0,0.7833877802,0.9456893802,-23.43110466
0.1456100047,0.2473251075,0.01348200999,-0.007766458672,1,-0.1314249337,0.01555899996,0.3524902165,0,0.08548869193,1.064707756,-29.94456291
0.1456100047,0.2521686852,0.01305636764,-0.009204518981,1,-0.2801013291,0.01597472653,0.3476938307,0,-0.2307667434,1.054709911,-35.18318939
0.1456100047,0.257012248,0.01100758463,-0.01119094063,1,-0.3706221879,0.01569726318,0.1047044694,0,-0.6919584274,0.7918410301,-45.4732399
0.1456100047,0.2618558407,0.00790967606,-0.01253271848,1,-0.226865828,0.01481998712,0.08940908313,0,-0.9598665833,0.1242284775,-57.7430687
0.1456100047,0.2666994035,0.005259553902,-0.01135959104,1,-0.1759043932,0.01251811534,0.1998452842,0,-0.7932158709,-0.712646246,-65.1556015
0.1456100047,0.2715429962,0.00321566686,-0.008112994954,1,-0.0934778899,0.008727038279,0.09375587106,0,-0.4302626252,-1.07248354,-68.3786087
0.1456100047,0.276386559,0.002722775796,-0.005710819736,1,-0.07128591835,0.006326687057,-0.01437717676,0,0.1356326193,-0.9320988655,-64.50936127
0.1456100047,0.2812301517,0.003527335124,-0.003667938756,1,-0.1030332595,0.005088798236,0.03203785419,0,0.6018927097,-0.6207687259,-46.11948013
0.1456100047,0.2860737145,0.005139040295,-0.002548900433,1,-0.1664814949,0.00573642971,-0.06236462295,0,0.7603135109,-0.286993444,-26.38084221
0.1456100047,0.2909172773,0.006403598003,-0.002579934895,1,-0.2285207808,0.006903776433,-0.01438582875,0,0.8049467802,-0.0544270128,-21.94393158
0.1456100047,0.29576087,0.007931004278,-0.002354957862,1,-0.06575894356,0.008273249492,0.04714549333,0,0.9768829346,0.1212342009,-16.53776741
0.1456100047,0.3006044328,0.01081669796,-0.002938789316,1,0.09045979381,0.01120881084,-0.07370100915,0,1.061620474,0.3226342201,-15.19979
0.1456100047,0.3054480255,0.01351119485,-0.00427463837,1,-0.07870203257,0.01417127065,-0.1568418145,0,0.8793269396,0.6627717018,-17.55620003
0.1456100047,0.3102915883,0.01469458733,-0.006908650976,1,-0.2964243889,0.01623762213,-0.06736570597,0,0.8075983524,1.461131811,-25.18053246
0.1456100047,0.315135181,0.01598710567,-0.01167803537,1,-0.1364162415,0.01979808137,0.1372485161,0,0.5685154796,2.515365839,-36.1468544
0.1456100047,0.3199787438,0.0167874936,-0.01842724718,1,0.2933318317,0.0249275621,0.5796976089,0,-1.009023666,3.045808792,-47.66601562
0.1456100047,0.3248223364,0.01252059639,-0.02362283505,1,-0.7376320362,0.02673581243,0.4005566239,0,-2.948401451,1.973989964,-62.0754776
0.1456100047,0.3296658993,-0.001066095778,-0.02604829334,1,-1.467923641,0.02607010119,-0.3977520466,0,-3.146941185,-0.1864423305,-92.34367371
0.1456100047,0.3345094621,-0.009831791744,-0.0246463269,1,-0.7622553706,0.02653498761,-0.2391951084,0,-1.959409475,-1.780194521,-111.7478027
0.1456100047,0.3393530548,-0.0142486915,-0.01858434267,1,-0.6149424911,0.02341800556,-0.4246758819,0,-0.5464500785,-1.754784584,-127.4775314
0.1456100047,0.3441966176,-0.0154570872,-0.01820384152,1,0.9135468602,0.02388098463,0.675391376,13.20970917,0.3747082353,-1.02879262,-130.3349762
0.1456100047,0.3490402102,-0.008008928038,-0.0103299953,1,0.9589409828,0.01307102665,1.911078691,0,2.116527796,-1.340163469,-127.786705
0.1504535824,0.237637952,0.003594979411,-0.003700692207,1,2.904324055,0.005159360357,-0.3409735262,0,1.977533937,-0.2255765498,-45.83014297
0.1504535824,0.2424815297,0.01541780867,-0.003980159294,1,1.120678425,0.01592326909,0.08700141311,0,1.647666216,0.6738483906,-14.47506809
0.1504535824,0.2473251075,0.0170036722,-0.00654313108,1,-0.2775655389,0.0182191506,0.202619344,0,0.5888320804,1.176723957,-21.04707146
0.1504535824,0.2521686852,0.01692545228,-0.008698310703,1,-0.5655516386,0.01902975328,0.2814260721,13.24298,-0.03794142604,1.440394163,-27.1994915
0.1504535824,0.257012248,0.01408061106,-0.01215667464,1,-0.7398403883,0.01860237494,0.1554819942,0,-0.8183031082,1.369743109,-40.80610275
0.1504535824,0.2618558407,0.00937846303,-0.01457967889,1,-0.455608964,0.01733558811,0.4292482138,0,-1.63362205,0.6288676262,-57.24861526
0.1504535824,0.2666994035,0.003961258102,-0.01312354673,1,-0.5801057816,0.01370835677,0.2077422738,0,-1.330348492,-0.8027079701,-73.2039032
0.1504535824,0.2715429962,0.0001250290079,-0.009685484692,1,-0.2124126405,0.009686291218,0.1379868984,0,-0.6690975428,-1.401338577,-89.26041412
0.1504535824,0.276386559,-0.0003084049386,-0.005667704158,1,-0.0009319484234,0.005676088855,0.2212287784,0,0.3356883228,-1.437526703,-93.11463928
0.1504535824,0.2812301517,0.001746447524,-0.001651173458,1,0.02597039938,0.002403425286,0.1861546338,0,0.8356375694,-1.028660536,-43.3937645
0.1504535824,0.2860737145,0.003864859929,0.00021634734,1,-0.09942296147,0.003870910499,-0.02322274446,0,0.9657199383,-0.4847581983,3.203962564
0.1504535824,0.2909172773,0.005942411255,0.0005843025283,1,-0.2101124227,0.005971068982,-0.06847266108,0,1.110535502,-0.1647319794,5.615699768
0.1504535824,0.29576087,0.008226129226,0.000682586804,1,-0.1360895634,0.008254400454,-0.05593240634,0,1.215400219,0.04273123667,4.743415833
0.1504535824,0.3006044328,0.01117013581,0.0001064174867,1,-0.2184313536,0.01117064245,-0.2480331063,0,1.333968639,0.2476391196,0.545838356
0.1504535824,0.3054480255,0.01362932101,-0.001718240092,1,-0.2234073877,0.01373720262,-0.3396500647,0,1.559923172,0.5076813698,-7.185337067
0.1504535824,0.3102915883,0.01764365472,-0.003997697961,1,0.1648432016,0.01809088513,-0.2271305919,0,1.97149539,1.431949258,-12.76651573
0.1504535824,0.315135181,0.02397684194,-0.009754122235,1,0.03638327122,0.02588497475,-0.6984759569,0,2.138684273,3.233916283,-22.13719368
0.1504535824,0.3199787438,0.02817876264,-0.0230445452,1,-0.9678652287,0.03640183434,-0.9411854744,5.909677982,-0.05742111802,3.298154354,-39.2762413
0.1504535824,0.3248223364,0.01901078783,-0.03028769419,1,-3.222828627,0.03575967625,-0.01794278622,32.88997269,-2.985100508,1.123806357,-57.88459015
0.1504535824,0.3296658993,-0.001889824634,-0.02857469581,1,-4.626226902,0.0286371205,0.4392893016,106.4930573,-2.395936966,-0.6797399521,-93.78381348
0.1504535824,0.3345094621,-0.01500150468,-0.02486760542,1,-2.422352791,0.02904208936,0.06801474094,56.84957504,-1.206226826,-2.275183201,-121.1006775
0.1504535824,0.3393530548,-0.01946513169,-0.01722523384,1,-0.3727319539,0.02599230781,-0.1903232336,0,0.8985015154,-1.822652221,-138.4934998
0.1504535824,0.3441966176,-0.01245489903,-0.0169612933,1,0.3487102985,0.02104304917,0.8698907495,0,2.465688705,-0.8290582299,-126.2903214
0.1504535824,0.3490402102,-0.005833371077,-0.008996242657,1,1.662442207,0.01072196756,0.1967998743,0,1.071696758,-3.092102051,-122.9603043
0.1552971601,0.237637952,0.00573222572,-0.007623441983,1,2.150681973,0.009538096376,1.298767447,0,2.487159491,-0.5267881155,-53.05973053
0.1552971601,0.2424815297,0.01696409844,-0.003202331485,1,1.406801343,0.01726370677,0.2903587222,0,1.572554231,-0.5465118289,-10.68999386
0.1552971601,0.2473251075,0.0201629661,-0.003569994355,1,-0.2668473423,0.02047657408,0.1897975504,0,1.181881547,0.9013926983,-10.04056072
0.1552971601,0.2521686852,0.02139613777,-0.006648997776,1,-0.9517816901,0.02240544371,-0.02859711647,20.27582932,0.5867958665,1.623280764,-17.26299477
0.1552971601,0.257012248,0.01839513145,-0.01157098077,1,-1.448893666,0.021731738,-0.1790189743,38.19940186,-0.2773913145,2.213741064,-32.17088318
0.1552971601,0.2618558407,0.01303474233,-0.01823851652,1,-2.093275785,0.02241758257,0.2810094357,45.54940033,-1.213647723,0.9876087904,-54.44728851
0.1552971601,0.2666994035,0.00237779133,-0.01499344967,1,-1.89170754,0.01518082432,0.4981400073,31.7335968,-1.398880363,-1.135679722,-80.98858643
0.1552971601,0.2715429962,-0.002903475426,-0.01032498386,1,-1.006044745,0.01072545908,0.5913971663,21.71293831,-0.1390281022,-1.661705136,-105.7064514
0.1552971601,0.276386559,-0.003168457886,-0.004080373328,1,-0.430927217,0.005166098475,0.6292302608,0,0.9161197543,-1.554843426,-127.8297653
0.1552971601,0.2812301517,-0.0005534075899,0.000253746839,1,0.04607594013,0.0006088081864,0.3398777843,0,1.161100507,-1.041451454,155.3677368
0.1552971601,0.2860737145,0.00267859525,0.002610201947,1,0.02938562632,0.003740057116,0.1662363261,0,1.173749447,-0.5693749189,44.25910568
0.1552971601,0.2909172773,0.005274053197,0.003816726152,1,-0.1742854118,0.00651022559,0.03904724121,0,1.245491028,-0.2873407602,35.89250565
0.1552971601,0.29576087,0.007867063396,0.004191087559,1,-0.259803772,0.008913803846,-0.004550158978,0,1.403738379,-0.1622135192,28.04594803
0.1552971601,0.3006044328,0.01081478968,0.004580380861,1,-0.2560520172,0.01174476743,0.003346679732,0,1.589364767,-0.03215905279,22.95408249
0.1552971601,0.3054480255,0.0143250674,0.004363062326,1,-0.1994843483,0.01497477479,-0.08915014565,0,2.205322027,0.4762113094,16.93944359
0.1552971601,0.3102915883,0.02053022012,0.001842008904,1,0.03801345825,0.02061268874,-0.5289736986,0,2.840569496,0.6805536747,5.126954079
0.1552971601,0.315135181,0.02826770768,-0.00149537751,1,-1.634716034,0.02830723301,-0.5287812948,0,3.21896553,2.745543957,-3.028156042
0.1552971601,0.3199787438,0.02820365503,-0.01401744038,1,-4.458116531,0.03149499744,-2.022217989,87.4717865,2.312848091,2.308465719,-26.4277401
0.1552971601,0.3248223364,0.0178769324,-0.02247138135,1,-6.209684372,0.02871493809,-1.912385464,159.9538422,-0.07376861572,-1.658797979,-51.49627304
0.1552971601,0.3296658993,-0.002230737358,-0.0152457105,1,-6.732852936,0.01540804561,-0.4436354637,179.0068512,-1.195054293,-1.2107265,-98.3243866
0.1552971601,0.3345094621,-0.02052238397,-0.01875592768,1,-3.823607922,0.02780203335,-1.954727173,87.10713196,-0.6705819368,-2.536670208,-137.5750275
0.1552971601,0.3393530548,-0.02399869449,-0.01242702454,1,-0.5030509233,0.02702532522,0.0977011919,0,1.589659452,-2.13326025,-152.6239319
0.1552971601,0.3441966176,-0.01525931153,-0.007950091735,1,-1.106003881,0.01720611937,-1.305015922,0,1.511932015,-1.147220969,-152.4805145
0.1552971601,0.3490402102,-0.0220325496,-0.01319131628,1,-1.409060001,0.0256796442,-1.940911174,0,-1.387722731,0.223277688,-149.0902252
0.1601407379,0.237637952,0.007334121037,-0.002070938237,1,1.207740188,0.007620899938,-0.2432329953,0,1.617852807,0.2136126757,-15.76810455
0.1601407379,0.2424815297,0.01417711098,-0.003177321982,1,1.452358484,0.01452879328,-0.4796056449,0,1.635197401,-1.005010247,-12.63218212
0.1601407379,0.2473251075,0.02228893712,0.0004738999414,1,0.1770954728,0.02229397371,0.5025094748,0,1.985007763,0.1037894189,1.218020201
0.1601407379,0.2521686852,0.02464942634,-0.001246090513,1,-1.010021925,0.02468090318,-0.3488618731,0,1.350062132,1.087333202,-2.893982172
0.1601407379,0.257012248,0.0239359457,-0.006482411642,1,-2.515966177,0.02479820885,-0.5400876999,64.29970551,0.6317571402,1.333122969,-15.15353298
0.1601407379,0.2618558407,0.01552311424,-0.01031913236,1,-3.987564087,0.01864005253,-0.7501475811,103.9515915,-0.7739285231,0.1281470954,-33.61434174
0.1601407379,0.2666994035,0.0008732851711,-0.01073649991,1,-3.665053844,0.01077195723,-0.47062397,97.1362915,-0.5843268633,-1.468462944,-85.34991455
0.1601407379,0.2715429962,-0.005059090909,-0.005486022215,1,-2.673543453,0.007462629583,-0.2967145443,59.30932617,1.503959417,-2.690259933,-132.6815948
0.1601407379,0.276386559,-0.004791683983,0.0008568228222,1,-1.043592095,0.004867687356,0.7010253668,0,1.747082829,-1.205738068,169.8618317
0.1601407379,0.2812301517,-0.001651678816,0.003749534953,1,-0.3076933622,0.00409720093,0.4315398932,0,1.691775799,-0.5805921555,113.7736053
0.1601407379,0.2860737145,0.001912226784,0.005759162828,1,-0.1454650164,0.006068325136,0.2743471265,0,1.465043426,-0.4919412136,71.63217926
0.1601407379,0.2909172773,0.004739782307,0.007461100817,1,-0.2872658372,0.00883931946,0.2487855405,0,1.424063921,-0.3666519523,57.57360458
0.1601407379,0.29576087,0.007418396417,0.008740082383,1,-0.2923491597,0.01146392804,0.08304578066,0,1.591140747,-0.2439307868,49.67610931
0.1601407379,0.3006044328,0.01103058085,0.009044837207,1,-0.1328782439,0.01426473912,-0.03946169466,0,1.802240372,-0.2850536704,39.35100937
0.1601407379,0.3054480255,0.01550408173,0.009929626249,1,-0.3488668799,0.01841124706,-0.1700318456,0,1.865775108,-0.2798398137,32.63763046
0.1601407379,0.3102915883,0.01837784424,0.009576700628,1,0.358913064,0.02072337642,-0.2442869544,0,3.60712719,-1.034082413,27.52403641
0.1601407379,0.315135181,0.0347139053,0.01375506166,1,-1.45044446,0.03733975068,-0.6174254417,0,3.760179758,-0.653441906,21.61548615
0.1601407379,0.3199787438,0.02956522629,0.009751149453,1,-7.919840336,0.03113177605,-2.871497393,197.5935059,1.106607914,0.08560824394,18.25349617
0.1601407379,0.3248223364,0.001713483478,-0.0005679097376,1,-8.485309601,0.001805144595,-3.862297535,204.3710938,0.3367714882,-1.487382293,-18.33704376
0.1601407379,0.3296658993,-0.009902855381,-0.001751938136,1,-7.390478134,0.01005663164,-3.807872295,170.8516083,-0.551902771,-1.944002628,-169.9674683
0.1601407379,0.3345094621,-0.03675593808,-0.009595680051,1,-5.012169838,0.03798783943,-3.015486956,104.9514923,1.002393007,-1.913596869,-165.3686676
0.1601407379,0.3393530548,-0.02932452038,-0.007089028601,1,-0.4557121992,0.03016922064,-1.326891422,0,3.020642281,-2.42413044,-166.4098053
0.1601407379,0.3441966176,-0.02433249913,-0.004281117581,1,0.7366169095,0.02470624447,-1.60662961,0,2.395707846,-1.234205484,-170.0213776
0.1601407379,0.3490402102,-0.01415286213,-0.008892893791,1,1.218459845,0.01671487466,-1.02128911,0,2.984881639,0.882989943,-147.8569794
0.1649843156,0.237637952,0.00558875734,-0.005637029652,1,1.41527915,0.007937903516,0.03648096323,0,0.3125712276,-1.334527016,-45.24637985
0.1649843156,0.2424815297,0.009773246013,-0.002316737548,1,0.9875699878,0.010044083,1.123520613,0,2.627704859,-1.111149669,-13.33575249
0.1649843156,0.2473251075,0.02309962176,0.00518676918,1,0.7849217653,0.02367477864,0.6756391525,0,2.353199482,-0.7900110483,12.65524769
0.1649843156,0.2521686852,0.02497298084,0.004782252945,1,-1.177893162,0.02542675287,-0.4091451764,12.72161007,0.9996439219,-0.09708048403,10.84073257
0.1649843156,0.257012248,0.02223625965,0.003675261978,1,-3.47435689,0.02253794111,-0.9887303114,89.57199097,0.3876003027,0.5504779816,9.385134697
0.1649843156,0.2618558407,0.01002203487,-0.002673022216,1,-5.963008881,0.01037237793,-0.4997540116,160.878006,-0.07603645325,0.2738418579,-14.93397617
0.1649843156,0.2666994035,-0.007014326286,-7.170968456e-05,1,-6.646658421,0.007014692761,1.088304758,175.5015411,0.9910964966,-1.509382248,-179.4142609
0.1649843156,0.2715429962,-0.01737111807,0.009909076616,1,-3.034120798,0.01999863796,0.4777213335,0,3.323422194,-1.485329151,150.2980957
0.1649843156,0.276386559,-0.005613073241,0.009436477907,1,-0.02306842804,0.01097969525,0.2349803597,0,3.3461833,0.228940472,120.7453308
0.1649843156,0.2812301517,-0.001275353716,0.009938331321,1,-0.4549115896,0.01001982763,0.3175202906,0,1.949206591,0.1163576692,97.31261444
0.1649843156,0.2860737145,0.001624661498,0.01041082479,1,-0.2913541198,0.01053683087,0.2685478032,0,1.525675297,-0.1789231002,81.13024139
0.1649843156,0.2909172773,0.004703158047,0.01210568473,1,-0.3248367906,0.01298719738,0.2728467286,0,1.452751637,-0.3265227377,68.76844025
0.1649843156,0.29576087,0.007087804377,0.01331391744,1,-0.4444018304,0.0150830159,0.05569712818,0,1.381687522,-0.3257551789,61.97092056
0.1649843156,0.3006044328,0.009242974222,0.01395327877,1,-0.4491143823,0.01673698239,-0.2136695385,0,1.49344039,-0.5803272724,56.4785881
0.1649843156,0.3054480255,0.01214607898,0.01508985274,1,-0.4857233763,0.01937087812,-0.3288550079,0,1.537706971,-1.076588988,51.16882324
0.1649843156,0.3102915883,0.01433833875,0.01757498644,1,-0.3183406591,0.02268189006,-0.01552844048,0,2.375927925,-1.801983118,50.79113388
0.1649843156,0.315135181,0.02211216278,0.02374268509,1,-2.124768257,0.03244476765,-1.060430527,0,2.201497555,-3.564339638,47.03648376
0.1649843156,0.3199787438,0.01470998395,0.02970286459,1,-6.966212749,0.03314579651,-2.749336958,172.1422729,0.7421317101,-2.030110121,63.65364075
0.1649843156,0.3248223364,-0.008034657687,0.02025905438,1,-9.741865158,0.02179415151,-2.443199396,255,0.4924263954,-0.001739025116,111.6330719
0.1649843156,0.3296658993,-0.03009038977,0.01787746139,1,-7.568911552,0.03500050306,-2.694143772,191.512085,0.06160140038,-0.6537076235,149.2843933
0.1649843156,0.3345094621,-0.04439678416,0.01037607342,1,-4.005246162,0.04559317231,-0.1782559156,100.3097839,1.511909246,2.602022171,166.8453827
0.1649843156,0.3393530548,-0.04216706008,0.004410969093,1,-0.3937437534,0.04239714146,-1.334232569,0,3.568600893,0.7902774215,174.028183
0.1649843156,0.3441966176,-0.02901911736,8.584392344e-05,1,0.6646698713,0.02901924402,-1.489437938,0,3.353980541,0.3782898188,179.8305054
0.1649843156,0.3490402102,-0.02270241268,-0.004635515623,1,-0.01330459118,0.02317083441,-1.725894809,0,2.621577263,0.2236331105,-168.4596405
0.1698278934,0.237637952,0.001046933932,-0.007411989383,1,1.530426502,0.007485563401,2.976314068,0,3.916000843,-2.052525043,-81.96022797
0.1698278934,0.2424815297,0.01423703134,0.004766797647,1,0.916215539,0.01501384098,2.514249802,0,3.355014324,-0.6821402907,18.51141357
0.1698278934,0.2473251075,0.02173496783,0.008069975302,1,0.4810597003,0.02318476513,-0.135749042,0,1.162446856,-1.071871519,20.36945534
0.1698278934,0.2521686852,0.02219748311,0.009300979786,1,-0.6341324449,0.02406733297,-0.3481765985,0,0.6502916217,-1.205664515,22.73419762
0.1698278934,0.257012248,0.02181323618,0.01222327817,1,-1.84143424,0.02500451542,0.4385115206,47.99673843,0.2375387549,-1.397713184,29.26455307
0.1698278934,0.2618558407,0.01442889124,0.01819487661,1,-4.587198257,0.02322168089,1.584492087,116.4840546,-0.1571192741,-1.31301105,51.58490372
0.1698278934,0.2666994035,-0.001166235888,0.02625755966,1,-5.658644676,0.02628344484,1.99529624,142.3663483,0.6275682449,0.5268869996,92.54312897
0.1698278934,0.2715429962,-0.009939517826,0.02530723065,1,-1.905972481,0.02718915045,0.9840351343,5.102366447,1.621387005,2.858993053,111.4426193
0.1698278934,0.276386559,-0.002544647316,0.01717605442,1,0.06376695633,0.01736352779,-0.2403511405,0,2.08120966,1.806309938,98.42711639
0.1698278934,0.2812301517,0.0004498428025,0.01539406832,1,-0.3489220142,0.01540063974,0.1466120183,0,1.358708262,0.6867021322,88.32618713
0.1698278934,0.2860737145,0.002346331021,0.01456008572,1,-0.3286377192,0.0147479279,0.2130195051,0,1.160660744,0.07326294482,80.84558868
0.1698278934,0.2909172773,0.004479798488,0.01607098803,1,-0.2368713319,0.0166836828,0.231826365,0,1.013986588,-0.3926712275,74.42415619
0.1698278934,0.29576087,0.006110349204,0.01758488826,1,-0.3147474527,0.01861624792,0.04995574057,0,0.873218298,-0.4419873357,70.83882141
0.1698278934,0.3006044328,0.00718479557,0.01845375262,1,-0.3757515848,0.01980308816,-0.1229246706,0,0.9097276926,-0.5658575296,68.72702026
0.1698278934,0.3054480255,0.008696704172,0.01973026805,1,-0.4566187263,0.02156191319,-0.1352292001,0,0.9500122666,-0.9967507124,66.21308899
0.1698278934,0.3102915883,0.009574585594,0.0226265993,1,-0.3841739893,0.02456899919,0.7163777947,0,1.130888104,-2.376253128,67.06404877
0.1698278934,0.315135181,0.01231347211,0.03470966592,1,-0.9739028215,0.03682909906,0.7026358843,16.04850388,0.3217025995,-4.347456455,70.46754456
0.1698278934,0.3199787438,0.006415603217,0.0470871143,1,-3.264335632,0.04752216861,-0.1101565361,80.18306732,-1.369065285,-3.061076164,82.24124146
0.1698278934,0.3248223364,-0.0101287663,0.04900267348,1,-5.180694103,0.05003852397,-1.612619877,126.65168,-1.536249518,0.8401269913,101.6784744
0.1698278934,0.3296658993,-0.02611843497,0.03520704433,1,-2.853913546,0.04383729771,-1.897194505,57.42062759,-0.2197480202,4.683825016,126.5699615
0.1698278934,0.3345094621,-0.02501623891,0.01712709107,1,-1.878514051,0.03031747788,0.01694869995,47.4894371,0.6726337075,4.787007332,145.6029358
0.1698278934,0.3393530548,-0.03195920959,0.01210289542,1,-1.788914442,0.03417412937,1.254392862,26.47533226,0.8189305663,2.984998465,159.2584076
0.1698278934,0.3441966176,-0.02971443161,0.008744767867,1,-0.08081281185,0.03097447939,-0.07043004036,0,2.254831314,1.629456997,163.6011658
0.1698278934,0.3490402102,-0.02142918296,0.003869360313,1,0.6659934521,0.02177571692,-0.3316121101,0,2.755123615,1.681524754,169.764679
0.1746714562,0.237637952,0.0100631956,0.005917667411,1,0.1208785772,0.01167418901,1.626280308,0,3.423609734,0.1488234997,30.45767784
0.1746714562,0.2424815297,0.01864719763,0.009495755658,1,0.6915931702,0.02092575841,0.2970506251,0,0.7922749519,-0.2334349304,26.98666763
0.1746714562,0.2473251075,0.01725042611,0.008487115614,1,-0.09999935329,0.01922520064,-0.7709694505,0,-0.147824809,-1.08224678,26.19693565
0.1746714562,0.2521686852,0.01744684204,0.01100345142,1,-0.1843681484,0.02062688209,-0.4064252377,0,0.2545381188,-1.491946459,32.2389946
0.1746714562,0.257012248,0.01759029925,0.01374491397,1,-1.03396976,0.02232355811,-0.1339840293,27.06868362,-0.2274676561,-1.740425587,38.00377274
0.1746714562,0.2618558407,0.01133697201,0.01878437586,1,-1.563335419,0.0219403673,1.359112501,0,-0.9943305254,-2.074524879,58.88767242
0.1746714562,0.2666994035,0.005202045199,0.03037600406,1,-0.6162298918,0.03081822395,1.769609451,0,-1.467790008,0.07464045286,80.2820816
0.1746714562,0.2715429962,0.001242859289,0.02699409053,1,0.1525921524,0.02702268772,0.4221930504,0,-0.8195137978,2.727906227,87.36385345
0.1746714562,0.276386559,0.001971758436,0.01920810342,1,-0.08146983385,0.01930904202,-0.2108653784,0,0.3948750794,1.602821231,84.13897705
0.1746714562,0.2812301517,0.002760862,0.01820935868,1,-0.3100675344,0.01841746829,0.1888804287,0,0.5246882439,0.5158612132,81.37860107
0.1746714562,0.2860737145,0.003011290682,0.01762434654,1,-0.3761869073,0.01787975058,0.07703053951,0,0.6163474321,0.08633267879,80.30408478
0.1746714562,0.2909172773,0.003924094606,0.01816430315,1,-0.03043606877,0.01858333685,0.06019943208,0,0.4800378382,-0.237837851,77.80953979
0.1746714562,0.29576087,0.005188971758,0.01906791329,1,0.1010299921,0.01976134442,0.0495891273,0,0.3083191812,-0.3664845526,74.77667999
0.1746714562,0.3006044328,0.005906809121,0.02017958835,1,0.01965762675,0.02102632076,0.02969685197,0,0.2847212553,-0.5556257963,73.68461609
0.1746714562,0.3054480255,0.006663254462,0.02190296911,1,-0.1434017122,0.02289408259,0.07960551977,0,0.2242937684,-0.8977108598,73.07935333
0.1746714562,0.3102915883,0.006298616063,0.0249132961,1,-0.3422994316,0.02569717541,0.2797071338,4.380683422,-0.1129499376,-1.395722151,75.81171417
0.1746714562,0.315135181,0.004458218813,0.03001804091,1,0.176984489,0.03034729697,0.3113861084,0,-1.611609936,-2.572730541,81.55229187
0.1746714562,0.3199787438,-0.0006501038442,0.03888273984,1,0.1411925554,0.03888817504,-0.2987758517,0,-3.492950439,-1.928384304,90.95786285
0.1746714562,0.3248223364,-0.01177628152,0.03791117668,1,0.4413850307,0.03969808668,-0.8406328559,0,-3.732969046,0.8619336486,107.2562714
0.1746714562,0.3296658993,-0.01659314707,0.03063622676,1,0.1622537971,0.03484122455,-0.3416821957,0,-2.093105793,2.792052269,118.4407959
0.1746714562,0.3345094621,-0.02112848498,0.02273273654,1,-0.7565897703,0.03103530593,-0.5435935855,11.99610519,-0.2839889526,2.26300478,132.905304
0.1746714562,0.3393530548,-0.02163327113,0.01704224944,1,-0.4215789437,0.02753973007,0.2620936632,0,0.3515117764,2.602107048,141.7696991
0.1746714562,0.3441966176,-0.02146786079,0.01139870007,1,0.1689273715,0.02430636622,-0.1094328165,0,0.9602493644,2.27700901,152.0332184
0.1746714562,0.3490402102,-0.01616401598,0.005483333487,1,0.5491455197,0.01706875302,-0.8868183494,0,1.640900373,1.555734873,161.2614746
0.179515034,0.237637952,0.009644773789,0.0085850209,1,-0.148303628,0.01291217469,0.1709156632,0,2.171760082,1.546165228,41.67296982
0.179515034,0.2424815297,0.01454515848,0.005254456773,1,0.433550477,0.01546515338,-0.6122685075,0,0.2093650103,-0.4581073225,19.86231804
0.179515034,0.2473251075,0.01275878493,0.0078383293,1,-0.08804956824,0.01497417782,-0.08867436647,0,-0.2304282188,-1.363020897,31.56438637
0.179515034,0.2521686852,0.01300258655,0.01142685302,1,0.009724647738,0.01731012017,0.0726647377,0,-0.01475873496,-1.639150739,41.30945587
0.179515034,0.257012248,0.01273440197,0.01612962782,1,-0.410615921,0.02055066638,0.2142032385,9.481362343,-0.01032206416,-1.75211966,51.70877457
0.179515034,0.2618558407,0.01096374076,0.02095089108,1,-0.6134474874,0.02364621311,0.4851236939,0,-0.4122166038,-0.7543197274,62.37663269
0.179515034,0.2666994035,0.007766518276,0.02213296853,1,0.3988872766,0.02345606685,0.298330009,0,-1.564457655,0.371029079,70.66389465
0.179515034,0.2715429962,0.005318209995,0.02059876733,1,0.4088043272,0.02127422392,0.3083406687,0,-1.145683169,0.8553957939,75.52345276
0.179515034,0.276386559,0.004197388422,0.01948326454,1,-0.09849176556,0.01993026957,0.2771539688,0,-0.2018856704,0.5169562101,77.8422699
0.179515034,0.2812301517,0.003863308579,0.01943726651,1,-0.226343751,0.01981747895,0.1924624443,3.218937159,0.007539339364,0.2163639963,78.7585144
0.179515034,0.2860737145,0.003137592226,0.01936749555,1,-0.2062334269,0.01961999945,0.01844289154,3.622131586,0.1558749825,0.2029686868,80.79785919
0.179515034,0.2909172773,0.003619394265,0.01854350418,1,0.1891839355,0.01889342628,-0.03202166408,4.121692181,0.1076734215,0.1287246943,78.95563507
0.179515034,0.29576087,0.00457544392,0.01858890802,1,0.2366735041,0.01914372481,0.05399426073,6.197992802,-0.02649265528,-0.1925389469,76.17218018
0.179515034,0.3006044328,0.004637421574,0.01973760687,1,0.2033593506,0.02027507871,0.0808122009,2.048313141,-0.1705923527,-0.5225266814,76.77796936
0.179515034,0.3054480255,0.004734153394,0.02151122689,1,0.1449230313,0.02202600986,0.07856780291,0,-0.2416145205,-0.7472397089,77.58830261
0.179515034,0.3102915883,0.004169088788,0.02373746969,1,-0.01122871041,0.02410080284,0.1233733594,0,-0.6852939129,-0.8129708767,80.03855133
0.179515034,0.315135181,0.001360491733,0.02604648285,1,-0.1051421165,0.02608199045,0.1479329467,0,-1.658201694,-1.038672686,87.00997162
0.179515034,0.3199787438,-0.004371804185,0.02948488668,1,0.4916243553,0.02980723418,-0.0346108377,0,-2.842383862,-0.5997741222,98.43395233
0.179515034,0.3248223364,-0.01002559438,0.02878389508,1,0.6611361504,0.03047991358,-0.03601235151,0,-2.700556517,1.037953138,109.2035217
0.179515034,0.3296658993,-0.0142498957,0.02428305149,1,0.498339057,0.02815539204,-0.2773544788,0,-1.87388742,1.656702876,120.4054718
0.179515034,0.3345094621,-0.01668814942,0.01941616647,1,0.2877112031,0.02560237981,0.02825009823,0,-1.079761505,1.76986289,130.6789856
0.179515034,0.3393530548,-0.01808625273,0.01584741473,1,0.04139024019,0.0240468923,0.05717003345,0,-0.5632101893,1.469055057,138.7747345
0.179515034,0.3441966176,-0.01921562478,0.01257759146,1,-0.08100819588,0.02296597511,-0.01696872711,1.408207059,0.05974588171,1.364254832,146.7932434
0.179515034,0.3490402102,-0.01818923838,0.009157351218,1,-0.2654922903,0.02036431804,-0.7686345577,0,0.6893043518,0.6436395645,153.2770844
0.1843586117,0.237637952,0.0183800105,0.01715507731,1,-1.209952474,0.0251420252,-1.594471693,0,-0.8204728365,2.01657033,43.02573395
0.1843586117,0.2424815297,0.01346274931,0.008409895934,1,-1.309583187,0.01587362587,-1.387626767,0,-0.3753248453,0.5443302393,31.99215126
0.1843586117,0.2473251075,0.01021902729,0.007797493599,1,-0.5486596823,0.01285415981,-0.0896949172,13.6690979,-0.1952746361,-0.6006742716,37.34496307
0.1843586117,0.2521686852,0.009859445505,0.01088486426,1,0.07658401132,0.01468635164,0.3440574706,0,-0.09263536334,-1.28413713,47.82990265
0.1843586117,0.257012248,0.01014128141,0.01568376832,1,0.3425976634,0.0186768882,0.4993908703,0,-0.3067451715,-1.332764983,57.11288834
0.1843586117,0.2618558407,0.01003309991,0.01975905336,1,0.3313442171,0.02216039971,0.2537551522,0,-0.6817346811,-0.8162435889,63.07980347
0.1843586117,0.2666994035,0.008444137871,0.02086639032,1,0.04442468286,0.02251021378,0.07215490192,0,-0.6955121756,0.1329042017,67.96797943
0.1843586117,0.2715429962,0.006879507098,0.01946480945,1,-0.07646475732,0.02064476721,0.07639975846,0,-0.4657057524,0.5221618414,70.53490448
0.1843586117,0.276386559,0.00581809273,0.01870730706,1,-0.007069602609,0.01959116012,0.2364118695,0,-0.4344351292,0.2617278099,72.72397614
0.1843586117,0.2812301517,0.004741044715,0.01934218965,1,0.01732845604,0.01991476305,0.2543979585,0,-0.3754062653,0.1158764586,76.22753143
0.1843586117,0.2860737145,0.004083714914,0.01937824674,1,0.1282820106,0.01980386861,-0.01539428532,0,-0.2002458572,0.3093024492,78.09977722
0.1843586117,0.2909172773,0.004392483272,0.01776950061,1,0.1701021343,0.01830434613,-0.1074748784,2.828277588,-0.0804566294,0.2197623998,76.11526489
0.1843586117,0.29576087,0.00451791985,0.01779324748,1,0.01669561118,0.01835786551,0.04052048549,0,-0.1457639635,-0.08311201632,75.75299072
0.1843586117,0.3006044328,0.003767330665,0.01836832426,1,0.08208858967,0.01875068247,0.104452759,0,-0.3078369498,-0.3574985266,78.40940857
0.1843586117,0.3054480255,0.003424490103,0.02003074437,1,0.2341224551,0.02032136545,0.1353537589,0,-0.4011133909,-0.5418490767,80.29840851
0.1843586117,0.3102915883,0.002958497033,0.02164840885,1,0.004523873329,0.0218496304,0.03814829886,0,-0.681841135,-0.4707589149,82.2181015
0.1843586117,0.315135181,0.0001438514591,0.02249567583,1,-0.1733912826,0.02249613591,-0.04457826167,0,-1.206021547,-0.2687520087,89.63361359
0.1843586117,0.3199787438,-0.003722796682,0.02273421176,1,0.2465552688,0.02303700522,0.01865098625,0,-1.705632806,0.1976754665,99.29981232
0.1843586117,0.3248223364,-0.006923303939,0.02162855677,1,0.3984069824,0.02270961553,0.08388414979,0,-1.67625761,0.8246690035,107.7498779
0.1843586117,0.3296658993,-0.009912165813,0.01914616302,1,0.1985160112,0.02155983821,0.01890021563,0,-1.333193302,1.158408642,117.3710632
0.1843586117,0.3345094621,-0.01241918467,0.01610927656,1,-0.1335115433,0.02034072205,-0.005156934261,0,-0.7601905465,1.033815384,127.6298447
0.1843586117,0.3393530548,-0.01424088143,0.01411382016,1,-0.1570749879,0.02005000226,0.1222470999,0,-0.3638191223,0.9540337324,135.2567596
0.1843586117,0.3441966176,-0.01494217571,0.01208045334,1,-0.2284665704,0.01921473257,0.3404077291,0,-0.293576777,1.167452335,141.045166
0.1843586117,0.3490402102,-0.01676943898,0.01010796521,1,-0.2710604072,0.0195802208,0.4333871603,0,-0.4834470153,1.247860312,148.9200592
0.1892021894,0.237637952,0.01168924104,0.0104714958,1,3.601811409,0.01569364779,-3.042837381,0,-4.109145164,-2.757145166,41.85472488
0.1892021894,0.2424815297,0.01046058629,0.00977960974,1,0.4508994222,0.01432007737,-1.314277172,0,-0.9204517603,-1.124021292,43.07302475
0.1892021894,0.2473251075,0.009414928034,0.009549977258,1,-0.9069530964,0.01341055334,0.1254259944,20.35396004,0.4916921854,-0.04544275627,45.40799713
0.1892021894,0.2521686852,0.008449237794,0.01060722582,1,-0.2491582036,0.01356107835,0.513745904,0,0.1011190042,-0.1953401864,51.46075821
0.1892021894,0.257012248,0.008697889745,0.01298448537,1,0.7603299022,0.01562850364,0.3736636639,0,-0.8036766648,-0.7487998009,56.18314362
0.1892021894,0.2618558407,0.008239284158,0.01604396477,1,1.410308957,0.01803592592,0.1164687574,4.042411327,-1.397539735,-1.0323807,62.81750107
0.1892021894,0.2666994035,0.008759737946,0.01854902692,1,1.196466684,0.02051339485,-0.281871736,0,-1.200987101,-0.8330104947,64.72107697
0.1892021894,0.2715429962,0.008217389695,0.0187134482,1,0.01342590153,0.02043816634,-0.4225343764,0,-0.4572241306,-0.1880505979,66.29291534
0.1892021894,0.276386559,0.006610166747,0.01741328649,1,-0.4347280264,0.01862570457,-0.2474879175,9.337145805,-0.09393654764,-0.004191949964,69.21299744
0.1892021894,0.2812301517,0.005656761583,0.01753502525,1,-0.005815804005,0.01842487603,0.09201458097,0,-0.4172201455,0.01707849279,72.12041473
0.1892021894,0.2860737145,0.004561159294,0.01777624525,1,0.1388028264,0.01835208572,0.01515985653,0,-0.4471489787,0.05750924721,75.60908508
0.1892021894,0.2909172773,0.004163267557,0.01732990332,1,-0.122422874,0.01782297157,-0.05701673031,1.892247558,0.08278052509,-0.06233865023,76.49147797
0.1892021894,0.29576087,0.004369148519,0.0178020224,1,-0.4482116699,0.01833034307,-0.005930874497,9.181184769,0.2930592299,-0.1130972952,76.21046448
0.1892021894,0.3006044328,0.003411774756,0.01784897223,1,-0.209062472,0.01817212068,0.219309628,0,-0.1220742911,0.08874696493,79.17862701
0.1892021894,0.3054480255,0.002765261801,0.01843441278,1,-0.1561796069,0.01864066161,0.1236538142,0,-0.1200767457,-0.4057142138,81.46893311
0.1892021894,0.3102915883,0.002073705662,0.02041300759,1,-0.6365807652,0.02051806822,-0.1903902292,16.42298698,0.03322312236,-0.7293399572,84.19937134
0.1892021894,0.315135181,-0.0001571477915,0.0210448578,1,-0.936809659,0.02104544453,-0.3918128908,22.53327179,-0.1775971055,-0.3125955164,90.42783356
0.1892021894,0.3199787438,-0.003324010177,0.020029312,1,-1.056518078,0.02030326054,-0.2201832831,27.91031456,-0.072358042,0.2566877604,99.42276764
0.1892021894,0.3248223364,-0.005624946672,0.01873509586,1,-0.8197575808,0.01956128329,-0.2819908261,19.62961769,-0.2586805522,0.3714958429,106.7116394
0.1892021894,0.3296658993,-0.008547509089,0.01686409861,1,-1.322801113,0.01890655234,-0.3343294263,34.60633087,0.06735831499,0.1517379284,116.878006
0.1892021894,0.3345094621,-0.01170576271,0.01638079807,1,-1.400447845,0.02013343945,-0.5307543874,32.28992462,0.5073697567,-0.1141067594,125.5496979
0.1892021894,0.3393530548,-0.01287320256,0.01484603342,1,-0.5094578266,0.01965004019,-0.3675175309,0,0.4668395817,0.4827987552,130.9290161
0.1892021894,0.3441966176,-0.01191218756,0.01226222515,1,0.3455058932,0.01709568314,0.1135576963,6.038826942,0.2381983399,1.50042367,134.1704407
0.1892021894,0.3490402102,-0.01004598569,0.008128640242,1,0.8827514648,0.01292271726,1.04407835,0,-0.1121656299,2.750904322,141.0222015
0.1940457672,0.237637952,-0.009712655097,-0.02019354142,1,8.677542686,0.02240791731,0.1154718399,0,-3.984600306,-8.952697754,-115.6865463
0.1940457672,0.2424815297,0.001652660314,0.001767649897,1,3.751669407,0.002419890836,1.770347357,0,0.443387866,-5.407297611,46.92553711
0.1940457672,0.2473251075,0.01060643233,0.01457194053,1,-0.03044426441,0.01802325808,1.362300634,0,2.043214321,-0.8703070879,53.95036697
0.1940457672,0.2521686852,0.01140166819,0.01258145925,1,-0.643183887,0.01697913744,-0.05767518282,0,0.1720124483,1.276786566,47.81625366
0.1940457672,0.257012248,0.008324280381,0.008108381182,1,0.4074828625,0.01162064914,-0.7401200533,0,-1.605947971,0.5858501196,44.24726486
0.1940457672,0.2618558407,0.005596809089,0.006159019656,1,1.495767117,0.008322126232,-0.4272868633,0,-2.585903645,-0.6638383865,47.73802567
0.1940457672,0.2666994035,0.003044118872,0.009254137054,1,1.746133089,0.009741956368,-0.04181599617,0,-2.091893435,-2.318265438,71.79154968
0.1940457672,0.2715429962,0.003922091331,0.01718517952,1,0.4760407209,0.01762705855,0.2594387531,0,-0.1550088078,-2.033044338,77.14385223
0.1940457672,0.276386559,0.004599061795,0.02035795711,1,-0.4688669443,0.02087097988,-0.3982457817,0,0.7470402718,-0.4321754873,77.2700119
0.1940457672,0.2812301517,0.005269445479,0.0173495207,1,0.02143464051,0.01813209616,-0.4740757644,0,-0.05516351014,0.3141460121,73.10526276
0.1940457672,0.2860737145,0.004435693379,0.01654014364,1,0.1049977541,0.01712459512,0.1200528964,0,-0.4054107666,-0.1718600243,74.9878006
0.1940457672,0.2909172773,0.003814376192,0.01876341924,1,-0.3469880819,0.01914720237,0.4279609621,0,0.2449362874,-0.5720244646,78.50904083
0.1940457672,0.29576087,0.003941397648,0.0213836506,1,-0.5902873874,0.02174385265,-0.08560435474,0,0.8886310458,-0.09102164209,79.5565567
0.1940457672,0.3006044328,0.005259426776,0.01878965832,1,-0.3886033595,0.01951186359,0.259855926,0,-0.0001772344112,0.503072679,74.36249542
0.1940457672,0.3054480255,0.002058308572,0.02020561136,1,-1.063068628,0.0203101784,0.4840524793,0,-0.3317090869,-0.7759661078,84.18344879
0.1940457672,0.3102915883,-0.001496287645,0.02489265613,1,-1.474696159,0.02493758686,-0.1210486889,0,0.3750309944,-1.353065491,93.43988037
0.1940457672,0.315135181,-0.003268005559,0.02617298067,1,-1.270336032,0.02637621574,-0.3729995191,0,0.847157836,-0.9115293026,97.11721039
0.1940457672,0.3199787438,-0.003545984393,0.02750106715,1,-1.875192761,0.02772873454,-0.2344086021,0,1.210028768,0.1427514702,97.34716797
0.1940457672,0.3248223364,-0.006489779335,0.02434617653,1,-1.906931162,0.02519630082,-0.3459451795,0,0.4099845886,-0.01115973294,104.9258575
0.1940457672,0.3296658993,-0.01079656184,0.02587950788,1,-2.795835018,0.02804130316,-0.3607188463,0,0.9267891049,-0.5679553151,112.6452026
0.1940457672,0.3345094621,-0.01554261986,0.02534993924,1,-2.149674177,0.02973537333,-1.518570662,0,1.55384481,-0.06573647261,121.5134125
0.1940457672,0.3393530548,-0.01368250791,0.01884259284,1,0.04384875298,0.0232863538,-1.590544224,0,1.694099665,1.256367445,125.985199
0.1940457672,0.3441966176,-0.007124731317,0.01156070083,1,1.723664999,0.01357982308,-0.4107164145,0,1.433993101,2.387542725,121.6450653
0.1940457672,0.3490402102,0.001611854997,0.005289006978,1,2.390008688,0.005529165734,1.112022161,0,1.217473149,3.701709032,73.05110168
