PIVlab, ASCII chart output - 13-Mar-2024
FRAME: 73, filenames: A:[73]2 vortices tapados mismo sentido clase 4.mp4 & B:[74]2 vortices tapados mismo sentido clase 4.mp4, conversion factor xy (px -> m): 0.00030272, conversion factor uv (px/frame -> m/s): 0.0090842
x [m],y [m],u [m/s],v [m/s],Vector type [-],vorticity [1/s],magnitude [m/s],divergence [1/s],dcev [1],simple shear [1/s],simple strain [1/s],vector direction [degrees]
0.1262357086,0.237637952,0.005435433239,-0.006781504024,1,0.3005746603,0.00869095698,0.7944108248,0,0.6416992545,0.865639925,-51.28752899
0.1262357086,0.2424815297,0.007717421744,-0.006954005919,1,0.2141727805,0.01038830075,0.513076961,0,0.4583226442,0.509788096,-42.02134705
0.1262357086,0.2473251075,0.00869271718,-0.006765574217,1,0.1279739588,0.01101527736,0.1877393872,0,0.238295272,0.3830894232,-37.89375687
0.1262357086,0.2521686852,0.009491475299,-0.007900198922,1,0.007433846593,0.0123491399,-0.2570707798,0,0.2519407868,0.1739002466,-39.77219391
0.1262357086,0.257012248,0.009949016385,-0.008853012696,1,-0.1737871319,0.01331761107,-0.2325129956,0,0.2308240682,-0.007894903421,-41.66390228
0.1262357086,0.2618558407,0.009767738171,-0.008988154121,1,-0.2854560614,0.01327386964,-0.1011310294,0,0.04332280159,-0.07733485848,-42.61988449
0.1262357086,0.2666994035,0.00877622515,-0.008968271315,1,-0.2573810816,0.01254798844,0.0846690461,0,-0.1042316183,-0.05832353979,-45.62007904
0.1262357086,0.2715429962,0.00801623892,-0.008295558393,1,-0.2312458307,0.01153587364,0.2587536573,0,-0.05118323863,0.004127204418,-45.98102188
0.1262357086,0.276386559,0.00740825804,-0.007734968327,1,-0.09140498936,0.0107103698,0.2498208284,0,-0.100049153,0.2137525976,-46.23594666
0.1262357086,0.2812301517,0.007088915911,-0.008120859042,1,-0.07726056874,0.0107796602,0.20372805,0,0.05180251598,0.3785993159,-48.88142014
0.1262357086,0.2860737145,0.007284949999,-0.008581970818,1,-0.1069076583,0.01125703007,0.0582209006,0,0.140022397,0.2780409455,-49.67317581
0.1262357086,0.2909172773,0.007249309216,-0.009185571223,1,-0.03349790722,0.01170159038,-0.2086709291,0,0.09610452503,0.1226686686,-51.71928406
0.1262357086,0.29576087,0.007588190027,-0.01018683985,1,-0.03372334689,0.01270245388,-0.3019793034,0,0.154008925,0.05588509887,-53.31753159
0.1262357086,0.3006044328,0.007831921801,-0.01091891527,1,-0.1357715577,0.01343732513,-0.1467810571,0,0.01514208317,0.03378878161,-54.34887695
0.1262357086,0.3054480255,0.007003911771,-0.01106144395,1,-0.1445854306,0.01309237629,-0.1140953004,0,-0.273509115,0.07156400383,-57.65872955
0.1262357086,0.3102915883,0.005806848407,-0.01181817055,1,-0.02811597288,0.01316771191,-0.1377565563,0,-0.4775108099,0.1803743541,-63.83284378
0.1262357086,0.315135181,0.004554869141,-0.01260233577,1,-0.08805051446,0.01340021193,-0.09276095778,0,-0.4837787449,0.187900573,-70.12860107
0.1262357086,0.3199787438,0.003037148854,-0.01317757647,1,-0.2361184955,0.01352304686,-0.3625108004,0,-0.6017298698,0.144593358,-77.02119446
0.1262357086,0.3248223364,0.0004966856213,-0.01505853422,1,-0.6802297235,0.01506672334,-0.6571111679,0,-0.5799019337,0.2020986229,-88.11086273
0.1262357086,0.3296658993,-0.003066396806,-0.01733922586,1,-1.31132865,0.01760828122,-0.6080105901,0,-0.4707306921,0.2166419178,-100.0289078
0.1262357086,0.3345094621,-0.008134830743,-0.01905279048,1,-1.770046473,0.02071676403,0.2727873325,0,0.1428847909,-0.06363596022,-113.1206741
0.1262357086,0.3393530548,-0.01094768103,-0.01570973359,1,-0.6666693091,0.01914804056,1.493743181,0,0.4824184775,-1.239444971,-124.871582
0.1262357086,0.3441966176,-0.009027264081,-0.005814380944,1,1.077928305,0.01073771529,2.261454105,0,-0.6256736517,-2.419033527,-147.2147827
0.1262357086,0.3490402102,-0.008757150732,0.006960573141,1,2.286698103,0.01118647773,3.422621727,0,-2.175163984,-1.852369308,141.520752
0.1310792714,0.237637952,0.009455713443,-0.0059553748,1,0.08005575836,0.01117483806,0.3666244149,0,0.2250343412,0.5348279476,-32.20344925
0.1310792714,0.2424815297,0.01019457728,-0.006362728309,1,-0.0004271045327,0.01201722585,0.1878775805,0,0.1283132136,0.2999900281,-31.96946907
0.1310792714,0.2473251075,0.01007513981,-0.006498400122,1,-0.1271997392,0.01198906358,0.05300395936,3.858431816,-0.05954710394,0.2481754422,-32.82175446
0.1310792714,0.2521686852,0.00929005444,-0.007308056578,1,-0.1655979902,0.01182001643,-0.1330108792,3.76534915,0.01935487986,0.1508154422,-38.19049454
0.1310792714,0.257012248,0.009366801009,-0.007873132825,1,-0.1330006421,0.0122361416,-0.1443866938,0,0.1423900425,0.03809555992,-40.04825592
0.1310792714,0.2618558407,0.009335532784,-0.008191923611,1,-0.141800493,0.01242013648,-0.09863846004,3.751190662,0.03304352984,0.05088818073,-41.26692963
0.1310792714,0.2666994035,0.008840028197,-0.008597376756,1,-0.1283737272,0.01233130135,0.08448920399,3.730433702,-0.01256626472,0.01585451514,-44.20274734
0.1310792714,0.2715429962,0.008652878925,-0.007859486155,1,-0.01661151648,0.01168947481,0.1754629314,0,-0.04720425606,0.001733057201,-42.24914551
0.1310792714,0.276386559,0.008530931547,-0.007755902596,1,0.05239849538,0.01152956299,0.1488826275,0,-0.08412986249,0.1383140683,-42.2755661
0.1310792714,0.2812301517,0.008499185555,-0.007808296476,1,-0.04151024297,0.01154147554,0.1562008113,0,-0.04760340974,0.2032853514,-42.57403564
0.1310792714,0.2860737145,0.008099302649,-0.007983960211,1,-0.1929974258,0.01137287635,-0.006193995476,6.220387459,-0.1080526635,0.2133563757,-44.5891037
0.1310792714,0.2909172773,0.007041030563,-0.008871702477,1,-0.1715455204,0.01132621802,-0.1720199585,0,-0.05702498555,0.1889184117,-51.56271362
0.1310792714,0.29576087,0.006992203649,-0.009732193314,1,-0.07301083952,0.01198359299,-0.1783863753,0,0.1798014641,0.1688224524,-54.30422211
0.1310792714,0.3006044328,0.007558279205,-0.01055343542,1,-0.1703999788,0.01298085414,-0.1180809289,0,0.151551649,0.2208164185,-54.39009094
0.1310792714,0.3054480255,0.006900910288,-0.01137366891,1,-0.189780429,0.01330349222,-0.1346583366,0,-0.1505093127,0.3511542976,-58.75295258
0.1310792714,0.3102915883,0.005910059437,-0.01290650666,1,-0.1724712849,0.01419530623,-0.1183461323,0,-0.2643202543,0.3331866562,-65.39633179
0.1310792714,0.315135181,0.004785276484,-0.01356070302,1,-0.2393731773,0.01438024826,-0.02207968384,0,-0.4627233446,0.2166902125,-70.56317902
0.1310792714,0.3199787438,0.002509400481,-0.0140630072,1,-0.3262370825,0.0142851416,-0.07806456834,0,-0.78668648,0.181012392,-79.88263702
0.1310792714,0.3248223364,-0.0006052553072,-0.0148155624,1,-0.5625008941,0.01482792012,-0.2154802382,0,-0.7843560576,0.04062675685,-92.33937836
0.1310792714,0.3296658993,-0.004014206119,-0.01530348137,1,-0.6711950302,0.01582120173,-0.1808586717,0,-0.7787823677,-0.2625078857,-104.6979446
0.1310792714,0.3345094621,-0.007628311869,-0.01442008931,1,-0.9727687836,0.01631349511,0.1514393985,35.1084137,-0.3315605223,-0.3392283022,-117.879097
0.1310792714,0.3393530548,-0.01033182628,-0.01292689424,1,-0.3558775187,0.01654845104,0.3781461418,0,-0.01173807681,-0.5467810631,-128.6336212
0.1310792714,0.3441966176,-0.009408886544,-0.009940132499,1,1.119430542,0.01368697826,0.584636867,37.15969086,-0.009200811386,-1.290384769,-133.4272919
0.1310792714,0.3490402102,-0.004954342265,-0.003845081199,1,2.785178185,0.006271375809,1.010416746,0,-0.945822835,-1.506331444,-142.184845
0.1359228492,0.237637952,0.009801681153,-0.006079290062,1,0.06059272587,0.01153389458,0.06785105169,0,0.0545129329,0.1715566367,-31.80840302
0.1359228492,0.2424815297,0.01008044276,-0.006330443081,1,0.02507406659,0.01190335397,0.003168389201,0,0.04714933783,0.07720537484,-32.12851715
0.1359228492,0.2473251075,0.01015150081,-0.006437893957,1,-0.05807194114,0.01202079188,0.009762823582,1.340944529,-0.04572112858,0.1489003897,-32.38211441
0.1359228492,0.2521686852,0.009577712975,-0.007004366722,1,-0.1340526938,0.01186565403,0.006680347025,5.183094501,-0.01404322311,0.2299133241,-36.1787262
0.1359228492,0.257012248,0.009434187785,-0.007519138511,1,-0.06442780048,0.01206405181,-0.07624776661,0,0.05590999126,0.1584791541,-38.55518723
0.1359228492,0.2618558407,0.009536456317,-0.008141284809,1,-0.01463663299,0.01253892016,-0.05190812051,0,-0.02086207829,0.1314710379,-40.48742676
0.1359228492,0.2666994035,0.009262247011,-0.008407349698,1,-0.08656488359,0.01250890736,0.0379954651,2.315977573,-0.05010189116,0.1004393175,-42.23005676
0.1359228492,0.2715429962,0.00887450017,-0.008443736471,1,-0.01048915461,0.01224962994,0.04536603764,0,-0.08508720994,0.04307502136,-43.57515335
0.1359228492,0.276386559,0.00879931543,-0.00839625299,1,0.03817736357,0.01216244325,0.06233646721,0,-0.04734161496,0.00176868774,-43.65723801
0.1359228492,0.2812301517,0.008830112405,-0.008150371723,1,-0.02286174148,0.01201663166,0.04717586935,0,-0.0826305002,0.0005743391812,-42.70763397
0.1359228492,0.2860737145,0.008288355544,-0.008170534857,1,-0.1609540284,0.01163849048,-0.005656063557,2.404748917,-0.1485194862,0.09355008602,-44.58985519
0.1359228492,0.2909172773,0.007331158035,-0.008630882949,1,-0.1706201732,0.01132422313,0.0474242866,6.34766674,0.0165008381,0.2108966112,-49.65509415
0.1359228492,0.29576087,0.007541866507,-0.008962325752,1,-0.07501982898,0.01171336975,0.127048403,0,0.2811423242,0.2774820328,-49.9191246
0.1359228492,0.3006044328,0.008329528384,-0.009359519929,1,-0.20303078,0.01252923254,0.03181304038,0,0.3084608316,0.4259237647,-48.33243179
0.1359228492,0.3054480255,0.008052525111,-0.01087123156,1,-0.3367989361,0.01352874096,0.009447097778,13.05056572,0.03080925345,0.6089063883,-53.47196198
0.1359228492,0.3102915883,0.006847443525,-0.01226304751,1,-0.3585190177,0.01404527668,0.03538191319,12.23122692,-0.168993175,0.6161336899,-60.82187271
0.1359228492,0.315135181,0.00549747888,-0.01368414797,1,-0.3213534653,0.01474714186,-0.03825390339,0,-0.3623683155,0.6110073924,-68.1126709
0.1359228492,0.3199787438,0.00353578385,-0.01540779509,1,-0.4563372731,0.01580828615,-0.002101093531,0,-0.7509744763,0.503508091,-77.07552338
0.1359228492,0.3248223364,-0.0003502295294,-0.01613310538,1,-0.5778416991,0.01613690704,-0.1328917146,0,-1.228603601,0.3734565973,-91.24362183
0.1359228492,0.3296658993,-0.005213873927,-0.0178603325,1,-0.4587427378,0.01860580407,-0.1515600532,0,-1.336251974,-0.1899722964,-106.2738342
0.1359228492,0.3345094621,-0.009044399485,-0.01594705321,1,-0.3179111779,0.0183332935,0.0645930171,0,-1.034519315,-0.7235562801,-119.5598145
0.1359228492,0.3393530548,-0.01176447608,-0.01404287014,1,-0.06352427602,0.01831952855,0.1537404656,0,-0.6386847496,-0.8096107841,-129.9547577
0.1359228492,0.3441966176,-0.0124456035,-0.01128098648,1,0.2242884338,0.01679743268,-0.1767111719,3.736908197,-0.09931305051,-0.7820647955,-137.8101044
0.1359228492,0.3490402102,-0.01115914807,-0.01111079287,1,0.4460095763,0.01574726403,-0.6541492939,0,0.08518926799,-0.7244250774,-135.1244049
0.1407664269,0.237637952,0.01061530318,-0.005984822754,1,-0.05652976036,0.01218617056,0.001571122557,0,0.0435520187,0.1134645492,-29.4139576
0.1407664269,0.2424815297,0.01058387384,-0.006255805027,1,0.009898376651,0.01229444891,0.08223435283,0,0.03724326938,0.1759161949,-30.58603859
0.1407664269,0.2473251075,0.0108436374,-0.006438578013,1,-0.01009551156,0.01261109672,0.08212734759,0,-0.0204314217,0.1793646365,-30.70037842
0.1407664269,0.2521686852,0.01043601427,-0.006726781372,1,-0.1668546051,0.01241611782,0.05187500268,5.77826786,-0.05582046881,0.2277141809,-32.80476761
0.1407664269,0.257012248,0.009765095077,-0.007290267386,1,-0.1303541362,0.01218626648,-0.0628920123,4.393447876,-0.01728721336,0.2458251715,-36.74369049
0.1407664269,0.2618558407,0.009720901959,-0.008222077042,1,-0.1078874245,0.01273179054,-0.06124508381,2.704517841,0.05533387512,0.1721563488,-40.22501755
0.1407664269,0.2666994035,0.009510547854,-0.0084207654,1,-0.129544735,0.01270274818,0.0312373098,4.893060684,-0.002517141402,0.0309752319,-41.52210617
0.1407664269,0.2715429962,0.009081250057,-0.008220807649,1,-0.157417953,0.01224952191,0.02302426472,6.01537323,0.01927255094,-0.02872363478,-42.15298843
0.1407664269,0.276386559,0.008841429837,-0.008170120418,1,-0.1980185807,0.01203834452,-0.02248357609,5.894826412,0.1255963445,-0.04788144305,-42.74016953
0.1407664269,0.2812301517,0.008730467409,-0.008097791113,1,-0.1412195861,0.01190778241,-0.02105445787,4.562929153,0.07589479536,-0.07192344964,-42.8469162
0.1407664269,0.2860737145,0.008525024168,-0.007923732512,1,-0.1611340493,0.01163879596,0.01989149302,5.583927155,0.07065531611,-0.007448676042,-42.90645981
0.1407664269,0.2909172773,0.008292227983,-0.007965367287,1,-0.1331069469,0.01149817929,0.1281781048,0,0.2211728692,0.1453888863,-43.84821701
0.1407664269,0.29576087,0.008951578289,-0.008007094264,1,-0.08782936633,0.01201017573,0.2092547864,0,0.3940358758,0.2320930213,-41.81230545
0.1407664269,0.3006044328,0.009775362909,-0.008075986058,1,-0.1699923724,0.01267987676,0.1063397229,0,0.3649670482,0.4337910116,-39.5620575
0.1407664269,0.3054480255,0.00989595335,-0.009593130089,1,-0.4175925851,0.01378252637,-0.04562830925,12.23686504,0.271081686,0.7621500492,-44.10980606
0.1407664269,0.3102915883,0.009065725841,-0.01198852342,1,-0.5315381289,0.01503037196,0.01244726777,20.59707832,0.04914668202,0.8726030588,-52.90341568
0.1407664269,0.315135181,0.007559452672,-0.01375936158,1,-0.4590498805,0.01569921523,0.1484050155,7.191757202,-0.3931551576,0.8713379502,-61.21541214
0.1407664269,0.3199787438,0.004938004538,-0.01549010538,1,-0.6860737205,0.01625814475,0.06881794333,0,-0.7590384483,0.9376418591,-72.31852722
0.1407664269,0.3248223364,0.000559939479,-0.01796757802,1,-0.6747891903,0.01797630079,-0.06683787704,0,-1.515007257,0.7721412182,-88.21501923
0.1407664269,0.3296658993,-0.005668444559,-0.01955376565,1,-0.8766180277,0.02035880648,0.1181592792,0,-1.472890258,0.1023565233,-106.1663513
0.1407664269,0.3345094621,-0.01082005166,-0.01789103635,1,-0.5757700801,0.02090843581,0.09287571907,0,-1.042897105,-0.7001407743,-121.1644974
0.1407664269,0.3393530548,-0.01350858528,-0.01571272872,1,-0.2250630409,0.02072128654,0.04294061661,0,-0.4423652887,-1.274993181,-130.6863861
0.1407664269,0.3441966176,-0.01405279245,-0.01150752138,1,-0.03874978423,0.01816326007,0.3673318624,0,0.4262754619,-1.722029924,-140.6867065
0.1407664269,0.3490402102,-0.01163157448,-0.005592742469,1,-0.2882819474,0.01290628873,0.4120890498,0,1.288043141,-2.030221462,-154.3206329
0.1456100047,0.237637952,0.01035886537,-0.005594536196,1,0.09404855967,0.01177305914,-0.183351174,0,0.3072868586,0.06582817435,-28.37225533
0.1456100047,0.2424815297,0.01133081503,-0.006197995972,1,0.06667406112,0.01291520521,0.0381404534,0,0.1520056725,0.2225951254,-28.67881775
0.1456100047,0.2473251075,0.01141805761,-0.006487956736,1,-0.05143857002,0.01313261688,0.09103289247,0,-0.03091586381,0.146481216,-29.60606003
0.1456100047,0.2521686852,0.01093192492,-0.006466564257,1,-0.108874619,0.01270131581,0.08499099314,0,-0.1177802533,0.1848209351,-30.60560036
0.1456100047,0.257012248,0.01032023877,-0.006971490104,1,-0.0766146481,0.0124542769,0.03001825511,0,-0.1005810797,0.2125580162,-34.03966904
0.1456100047,0.2618558407,0.01007366367,-0.007350709755,1,-0.1948467195,0.01247043069,-0.01209531724,7.419416904,0.03862739354,0.1573231667,-36.11807632
0.1456100047,0.2666994035,0.009563578293,-0.007792081684,1,-0.2007407248,0.01233606786,0.006006823853,7.538330555,-0.05253668875,0.05498147011,-39.17198944
0.1456100047,0.2715429962,0.008846894838,-0.007587922271,1,-0.1595493257,0.01165521797,0.07986921817,4.666472912,-0.06860460341,-0.1190091297,-40.61946869
0.1456100047,0.276386559,0.008458497003,-0.006828798912,1,-0.1345416903,0.01087100152,-0.04346616939,4.729424,0.03809891269,-0.1444578171,-38.91498184
0.1456100047,0.2812301517,0.008379766718,-0.007098761387,1,-0.1642056406,0.01098239049,-0.168698296,0,0.1415212154,-0.1234742552,-40.2689743
0.1456100047,0.2860737145,0.008348623291,-0.007047845051,1,-0.1628719866,0.01092573255,-0.06995371729,0,0.2199444771,-0.107913442,-40.17080688
0.1456100047,0.2909172773,0.008656200953,-0.006914901081,1,-0.1154372394,0.01107906457,0.128781423,0,0.3902228773,0.04217788577,-38.61918259
0.1456100047,0.29576087,0.009679568931,-0.006628374103,1,-0.006768107414,0.01173155569,0.187139675,0,0.4794543684,0.1568936557,-34.40255737
0.1456100047,0.3006044328,0.01094569359,-0.006768402178,1,-0.03010232747,0.0128693236,0.05412097275,0,0.4107063413,0.2414226383,-31.73107719
0.1456100047,0.3054480255,0.01152305398,-0.007535584271,1,-0.3449864686,0.01376828924,-0.04978238046,0,0.3839164078,0.5039514899,-33.18296814
0.1456100047,0.3102915883,0.01113425381,-0.009450455196,1,-0.6210004091,0.01460420154,-0.1455153227,17.71469498,0.3967093527,1.058016062,-40.32370377
0.1456100047,0.315135181,0.01043668296,-0.01336498186,1,-0.6300588846,0.0169572141,0.06314539909,24.26016998,0.06774652004,1.366056442,-52.0138092
0.1456100047,0.3199787438,0.008410650305,-0.01576120593,1,-1.016890287,0.01786489971,0.04024863243,34.32598495,-0.504861176,1.451970577,-61.91428375
0.1456100047,0.3248223364,0.003065961879,-0.0202027671,1,-1.173647642,0.02043408714,0.1196220517,0,-1.418741703,1.149277687,-81.3706665
0.1456100047,0.3296658993,-0.004145788494,-0.02074842341,1,-1.447796583,0.02115855925,0.2790697515,0,-1.659770489,-0.132434696,-101.2995834
0.1456100047,0.3345094621,-0.01198573504,-0.01820961945,1,-1.230994821,0.02180018462,-0.1294239759,0,-1.574004054,-1.296543241,-123.3532715
0.1456100047,0.3393530548,-0.0177320186,-0.01509539038,1,-1.089648962,0.02328723483,0.02958023548,40.01892471,-0.35999313,-1.865923285,-139.5920258
0.1456100047,0.3441966176,-0.0190071892,-0.009028600529,1,-0.7201284766,0.02104254998,0.2450695038,19.37878418,0.4590238929,-2.153911352,-154.5918274
0.1456100047,0.3490402102,-0.01899669878,-0.003475739853,1,-0.6803309321,0.01931205206,0.1690129638,0,0.6846626401,-2.123855591,-169.6315308
0.1504535824,0.237637952,0.01004607137,-0.004951986484,1,0.2282199711,0.01120025478,-0.07900348306,0,0.515319407,0.2887033522,-26.23996353
0.1504535824,0.2424815297,0.01184676681,-0.005842494778,1,0.09218858927,0.01320911199,0.003638327122,0,0.3099901676,0.2900357544,-26.25122833
0.1504535824,0.2473251075,0.01199405547,-0.006339174695,1,-0.06124205515,0.0135662267,0.07746124268,0,0.03979150578,0.2689357698,-27.85763359
0.1504535824,0.2521686852,0.01174286939,-0.006769916508,1,-0.1072023585,0.01355458423,0.04038336128,0,-0.1104105487,0.2607117295,-29.96400833
0.1504535824,0.257012248,0.01094003208,-0.007406350691,1,-0.1005481482,0.01321129594,0.05539530143,0,-0.1716772914,0.1217327267,-34.09782028
0.1504535824,0.2618558407,0.01042432431,-0.007091226988,1,-0.05766747892,0.01260761824,-0.07115769386,0,-0.1764740497,-0.009926738217,-34.22579956
0.1504535824,0.2666994035,0.009805949405,-0.007702927571,1,-0.1527488679,0.01246963255,-0.08124171197,0,-0.1636807472,0.06102560088,-38.15091324
0.1504535824,0.2715429962,0.008891672827,-0.007780309767,1,-0.1920810193,0.01181503572,-0.002984229475,0,-0.1949766725,-0.07916869223,-41.18627548
0.1504535824,0.276386559,0.007931205444,-0.0073339222,1,-0.09890108556,0.01080233511,-0.004750184715,0,-0.2265537679,-0.2449301481,-42.75931168
0.1504535824,0.2812301517,0.007315306924,-0.006616979372,1,-0.09470058978,0.009863981977,-0.02780784667,3.172046423,0.03943261877,-0.2888526917,-42.13056564
0.1504535824,0.2860737145,0.00766351074,-0.006069531199,1,-0.006846517324,0.00977591984,-0.003107666969,0,0.3795010746,-0.2303817421,-38.37936783
0.1504535824,0.2909172773,0.009120282717,-0.005516163073,1,0.006703317165,0.01065868698,-0.002641249448,0,0.6032630801,-0.08883647621,-31.16654205
0.1504535824,0.29576087,0.01061793044,-0.005652037915,1,-0.08635395765,0.01202854887,-0.06189417094,0,0.5171447396,0.02579554729,-28.02684975
0.1504535824,0.3006044328,0.01120685134,-0.005940895062,1,-0.1330682486,0.01268415339,-0.07425305992,0,0.4381787181,0.01051785052,-27.92863464
0.1504535824,0.3054480255,0.01209575683,-0.006062632427,1,-0.1016377062,0.01353007182,-0.04210857302,0,0.5720838904,0.1887687147,-26.62093544
0.1504535824,0.3102915883,0.01348549407,-0.007059167139,1,-0.2517892122,0.01522137877,-0.01735922694,0,0.7444304824,0.8738939762,-27.63042641
0.1504535824,0.315135181,0.01448190305,-0.01037948672,1,-0.9979019761,0.01781738549,0.004434168339,26.67484093,0.725415349,1.233047724,-35.62997055
0.1504535824,0.3199787438,0.01216568425,-0.01301005296,1,-1.901611805,0.01781194285,-0.3227600455,72.03384399,0.296197474,1.488963604,-46.92092133
0.1504535824,0.3248223364,0.006705954205,-0.0191547107,1,-3.25732708,0.02029464766,-0.1370190978,126.2239075,-0.2780536413,1.425962925,-70.70514679
0.1504535824,0.3296658993,-0.004958206322,-0.02058047801,1,-4.093577385,0.02116931416,0.2003798783,154.7980347,-0.9508063793,0.2824924886,-103.5454559
0.1504535824,0.3345094621,-0.01772683486,-0.01955242828,1,-3.035758018,0.02639200911,0.07463473082,116.0666122,-0.5658872128,-1.66001153,-132.1964264
0.1504535824,0.3393530548,-0.0224030558,-0.012178584,1,-1.715788126,0.02549931034,0.4171495438,60.93283081,0.5654853582,-2.422945976,-151.4709473
0.1504535824,0.3441966176,-0.02329841629,-0.005796205252,1,-0.5762822628,0.02400858514,0.3626358509,0,0.8453083038,-2.362063646,-166.0295105
0.1504535824,0.3490402102,-0.021100007,0.001018709852,1,0.5590898991,0.0211245846,0.8324810863,0,0.3486698866,-1.981510639,177.2358856
0.1552971601,0.237637952,0.01137456298,-0.004203947727,1,0.09573948383,0.01212657616,0.07509338856,0,0.4735443592,0.4628684521,-20.28391075
0.1552971601,0.2424815297,0.01275324821,-0.005143057089,1,0.0006572604179,0.01375123207,0.008043110371,0,0.354719609,0.3785636723,-21.96295357
0.1552971601,0.2473251075,0.01309585851,-0.005998592824,1,-0.1863038242,0.01440432668,-0.01832994074,5.769901276,0.1113704368,0.2581281364,-24.61027336
0.1552971601,0.2521686852,0.01239030249,-0.006482103374,1,-0.27273947,0.01398346387,-0.04390881956,9.316951752,-0.1231846511,0.2280841023,-27.61673927
0.1552971601,0.257012248,0.01117817219,-0.007316009607,1,-0.3714605272,0.01335947309,-0.1258417517,11.47103786,-0.1879147589,0.1722963899,-33.20437622
0.1552971601,0.2618558407,0.009680924937,-0.007926158607,1,-0.3110770285,0.01251176652,-0.1749943644,9.874132156,-0.04248645902,-0.06577312946,-39.30855179
0.1552971601,0.2666994035,0.009465659969,-0.007845031098,1,-0.2681256533,0.01229403261,-0.07163454592,10.04372787,0.0137797296,-0.1385708302,-39.65155029
0.1552971601,0.2715429962,0.008448980749,-0.007601947524,1,-0.3636130095,0.01136551239,-0.07450427115,13.36218071,-0.09400515258,-0.1566618234,-41.97921371
0.1552971601,0.276386559,0.007249150891,-0.007447094657,1,-0.3138640523,0.01039275713,-0.09878966212,11.57783794,-0.01708637178,-0.3368101418,-45.7716713
0.1552971601,0.2812301517,0.006845996715,-0.006449076813,1,-0.2053665072,0.009405225515,0.05185842514,0,0.1988730282,-0.4169178307,-43.28995895
0.1552971601,0.2860737145,0.007217699196,-0.005176540464,1,-0.1101213992,0.008882102557,0.1046646684,0,0.3923774064,-0.3957230449,-35.64812851
0.1552971601,0.2909172773,0.008213121444,-0.00402541738,1,-0.08585545421,0.009146548808,-0.1089420319,0,0.5580319166,-0.4126966596,-26.1104126
0.1552971601,0.29576087,0.009504722431,-0.003705281299,1,-0.2161859572,0.01020141412,-0.2924171686,0,0.7166147232,-0.2973504066,-21.29761887
0.1552971601,0.3006044328,0.01063698716,-0.004001522902,1,-0.290435344,0.01136475615,-0.1849940717,0,0.853798151,-0.0679153204,-20.61577415
0.1552971601,0.3054480255,0.01223341376,-0.004272361286,1,-0.09974119067,0.01295798924,-0.07618936896,0,1.058941126,0.05257181823,-19.25109291
0.1552971601,0.3102915883,0.01528294664,-0.004625187721,1,-0.3109140098,0.01596749201,0.009400419891,0,1.177444816,0.1633359492,-16.83776665
0.1552971601,0.315135181,0.01643052325,-0.005017959978,1,-1.377137542,0.01717969775,-0.04292355478,30.90207672,1.124493957,0.05839785188,-16.9829216
0.1552971601,0.3199787438,0.01405924745,-0.005115945823,1,-2.436720371,0.01496112719,-0.03762638569,87.0635376,0.9664307833,0.1181397438,-19.99567413
0.1552971601,0.3248223364,0.009309061803,-0.005772425327,1,-4.639507771,0.0109535167,-0.1390783489,172.5402069,1.363787174,-0.05438405648,-31.80250168
0.1552971601,0.3296658993,-0.001806958695,-0.005526169203,1,-6.578191757,0.005814090371,-0.077557832,255,0.5962953568,0.02034177817,-108.1068192
0.1552971601,0.3345094621,-0.01966463029,-0.006246608216,1,-6.227733135,0.0206329301,0.08006134629,239.6670837,0.9340653419,-0.2255606949,-162.377182
0.1552971601,0.3393530548,-0.02744724974,-0.004045865033,1,-3.190451622,0.02774383873,-0.007259488106,112.9475327,1.326758385,-0.8544828296,-171.6146851
0.1552971601,0.3441966176,-0.02869157307,-0.002143016085,1,-0.9513224363,0.02877149545,-0.7222521901,0,1.546984792,-0.6295396686,-175.7284088
0.1552971601,0.3490402102,-0.02456211299,-0.004494925495,1,1.162580132,0.02497001551,-0.6607907414,0,0.5425426364,0.310351789,-169.6294861
0.1601407379,0.237637952,0.01265173126,-0.003122059163,1,-0.002650335431,0.01303125359,-0.01353275776,0,0.4434796572,0.4016591311,-13.86189651
0.1601407379,0.2424815297,0.01371932682,-0.004127566237,1,-0.2537919879,0.01432678383,-0.08472058922,0,0.3578071594,0.2818074822,-16.74432373
0.1601407379,0.2473251075,0.01315553673,-0.004897366278,1,-0.4593760967,0.01403753273,-0.1366494149,14.40293312,0.2354940325,0.2593326271,-20.41861725
0.1601407379,0.2521686852,0.01263493672,-0.006045536138,1,-0.3764795661,0.01400678884,0.005617246032,14.59216022,-0.03447720408,0.3400743008,-25.5700779
0.1601407379,0.257012248,0.01116503868,-0.006517332513,1,-0.6902059317,0.01292802114,0.08268035203,26.6730957,-0.006962269545,0.0299820099,-30.2732563
0.1601407379,0.2618558407,0.00925814826,-0.005790287629,1,-0.7312809825,0.01091974135,0.0219377894,26.87008858,0.2404794693,-0.01519087981,-32.02293777
0.1601407379,0.2666994035,0.008787803352,-0.006337496918,1,-0.5435912013,0.0108346371,-0.09886181355,18.65517807,0.2367629558,0.04238824546,-35.79800034
0.1601407379,0.2715429962,0.007772001904,-0.006474443246,1,-0.7420846224,0.0101154549,-0.03926153481,28.40218353,0.1296325624,-0.1303182691,-39.79589081
0.1601407379,0.276386559,0.005821343977,-0.00589645654,1,-0.7642595172,0.008285906166,0.02118082345,27.26791,0.3049113154,-0.3536308408,-45.36726761
0.1601407379,0.2812301517,0.005547113251,-0.004659013823,1,-0.4219666719,0.007244092412,0.03211826086,0,0.5112401247,-0.4346477389,-40.0268631
0.1601407379,0.2860737145,0.006253746804,-0.003635639092,1,-0.2548795342,0.007233755663,-0.01145711541,0,0.4709543586,-0.4783797264,-30.17173958
0.1601407379,0.2909172773,0.006593685132,-0.002397444798,1,-0.2645514607,0.007016011979,-0.1071406007,0,0.5758086443,-0.6236377358,-19.98111916
0.1601407379,0.29576087,0.007761345245,-0.001133945072,1,-0.214840591,0.007843743078,-0.1664652228,0,0.9143606424,-0.5791216493,-8.312195778
0.1601407379,0.3006044328,0.009981865063,-0.0003987113305,1,-0.3775039911,0.009989825077,-0.1393673867,0,1.248764515,-0.2804780602,-2.287382126
0.1601407379,0.3054480255,0.01198136341,-0.0004504646058,1,-0.6174271107,0.0119898282,-0.2009999454,0,1.513519049,-0.3142480552,-2.153141737
0.1601407379,0.3102915883,0.01432215609,0.0001498146157,1,-1.008450866,0.01432293933,-0.2455375493,0,1.540183902,-0.6972335577,0.5993114114
0.1601407379,0.315135181,0.01455685403,0.00173736026,1,-1.745018482,0.01466016471,-0.3171129823,39.68452454,1.380308867,-1.003291368,6.806056023
0.1601407379,0.3199787438,0.01255565695,0.003473373363,1,-2.810148478,0.01302723493,0.1107498407,102.2025375,0.9957975149,-1.579190135,15.46347332
0.1601407379,0.3248223364,0.005768903997,0.009922715835,1,-4.518048286,0.01147782803,0.2055276632,172.5877228,0.8449382782,-2.002826214,59.82698822
0.1601407379,0.3296658993,-0.005235336721,0.01416970789,1,-5.279488564,0.01510593854,0.01321005821,205.2206726,0.2830684185,-1.063184381,110.2779541
0.1601407379,0.3345094621,-0.01843157224,0.01513629965,1,-5.1183424,0.02385016531,-0.2909607291,196.9804077,0.7121701241,0.6316702962,140.6066132
0.1601407379,0.3393530548,-0.02657697164,0.009700872935,1,-3.356731892,0.0282920897,-0.4252821803,123.6306686,1.000136495,1.398113728,159.9473877
0.1601407379,0.3441966176,-0.02984592505,0.00630453974,1,-1.150275469,0.03050453216,-1.117941737,0,1.930604935,1.29460609,168.072403
0.1601407379,0.3490402102,-0.02279738523,-0.001984490082,1,0.5166925788,0.0228835959,-1.174859762,0,2.393766642,2.24781847,-175.0250092
0.1649843156,0.237637952,0.01325448323,-0.002043082379,1,-0.1222995147,0.01341102179,-0.1299079359,0,0.3095043898,-0.07307115942,-8.762761116
0.1649843156,0.2424815297,0.01370785385,-0.002180729061,1,-0.3363136649,0.01388023235,-0.1023588255,0,0.4262473583,0.01942159235,-9.039215088
0.1649843156,0.2473251075,0.01369008422,-0.002632935299,1,-0.3768942356,0.01394097414,-0.04185539484,0,0.4505655169,0.5041995049,-10.88644314
0.1649843156,0.2521686852,0.01406468637,-0.004825588316,1,-0.7136114836,0.01486948971,0.1148945242,24.66236305,0.3076665103,0.3985139132,-18.93707275
0.1649843156,0.257012248,0.0117238611,-0.004006665666,1,-1.025587082,0.012389604,0.3232815266,37.56287384,0.1272672117,-0.008338436484,-18.86802292
0.1649843156,0.2618558407,0.009713604115,-0.003219361184,1,-0.7182878256,0.01023320016,0.1838136166,25.93557739,0.1955883801,0.1959243566,-18.33664703
0.1649843156,0.2666994035,0.009192125872,-0.004065325018,1,-0.6873021722,0.01005097199,0.06048430875,24.70794868,0.2566295862,0.09359130263,-23.85796928
0.1649843156,0.2715429962,0.007627607789,-0.003379717469,1,-0.9659789801,0.008342835121,0.09741913527,36.3012085,0.2323842943,-0.2735551,-23.89765739
0.1649843156,0.276386559,0.005638903473,-0.002268482465,1,-0.9511011839,0.006078095641,0.1315079778,33.42718506,0.3872010708,-0.1680021137,-21.91449928
0.1649843156,0.2812301517,0.004896313883,-0.001929017017,1,-0.6810814142,0.005262603518,-0.005121961236,17.24923134,0.517201066,-0.1305612028,-21.50311661
0.1649843156,0.2860737145,0.004845136311,-0.001660907757,1,-0.580881536,0.005121910013,-0.07696934044,8.293851852,0.5348876119,-0.4845101237,-18.92166328
0.1649843156,0.2909172773,0.004673539661,4.493226152e-05,1,-0.3836247921,0.004673755728,0.02417290211,0,0.6000512242,-0.6829491258,0.550835073
0.1649843156,0.29576087,0.005893414374,0.001764092711,1,-0.1604909599,0.006151776761,0.0705627501,0,0.9718526602,-0.7202788591,16.66417122
0.1649843156,0.3006044328,0.008603433147,0.003875435097,1,-0.4424020052,0.009435997345,0.03922560811,0,1.236103773,-0.8454405069,24.24928665
0.1649843156,0.3054480255,0.009737770073,0.006049041636,1,-1.023639441,0.01146364119,-0.09175807238,0,1.459913731,-0.8853630424,31.8482914
0.1649843156,0.3102915883,0.01071656123,0.007719322573,1,-1.345588684,0.01320729405,-0.2279652357,0,1.406963229,-1.068410993,35.76585388
0.1649843156,0.315135181,0.01003504172,0.01011980604,1,-2.005046606,0.01425175555,-0.2952698469,60.65877533,1.226733804,-1.451259851,45.24096298
0.1649843156,0.3199787438,0.006946743,0.01331845019,1,-2.901804447,0.01502126269,-0.08037948608,106.6264038,0.9546208382,-2.162272453,62.45399857
0.1649843156,0.3248223364,0.0006037062267,0.02020361647,1,-2.845861912,0.02021263354,-0.08268243074,110.734436,-0.01139271259,-1.754599214,88.28844452
0.1649843156,0.3296658993,-0.006892590784,0.02141650952,1,-3.14663887,0.02249832638,-0.1091075987,119.3700943,-0.6972427368,-0.4787352681,107.8400116
0.1649843156,0.3345094621,-0.01801437698,0.02199393138,1,-2.326986074,0.02842975222,0.0588440299,82.76543427,-0.9438756108,0.9589107633,129.3195801
0.1649843156,0.3393530548,-0.02273526415,0.0170569662,1,-2.144873619,0.02842239104,-0.4714964926,81.32435608,0.1171354055,1.430912018,143.1212006
0.1649843156,0.3441966176,-0.02783588506,0.01277946774,1,-0.691838026,0.03062925674,-0.5711953044,0,1.387627363,2.001311541,155.3401337
0.1649843156,0.3490402102,-0.01936515421,0.004596828949,1,0.4659073353,0.0199032668,-0.8669560552,0,3.031798363,2.511791706,166.6464996
0.1698278934,0.237637952,0.01166858617,-0.001030583517,1,0.1271049827,0.01171400864,-0.259588778,0,0.5538080931,-0.5059111118,-5.047335148
0.1698278934,0.2424815297,0.01331761386,-0.0004340427695,1,0.06838700175,0.01332468539,-0.07595168054,0,0.7009513974,-0.1050795317,-1.866702199
0.1698278934,0.2473251075,0.01539493632,-0.0008895005449,1,-0.2458662689,0.01542061195,0.06581235677,0,0.6183298826,0.2030774355,-3.306803465
0.1698278934,0.2521686852,0.01512167044,-0.001098896842,1,-0.9908386469,0.01516154595,0.01446108613,34.69813919,0.4324807227,0.023523096,-4.156397343
0.1698278934,0.257012248,0.01269049011,-0.0009333930211,1,-1.004746675,0.0127247693,0.08028440922,38.39488983,0.1739079952,0.1349878609,-4.20656395
0.1698278934,0.2618558407,0.01109743863,-0.0013638573,1,-0.7593554258,0.01118093263,0.08938857168,29.05337715,0.1076864302,0.2611824274,-7.006424904
0.1698278934,0.2666994035,0.009534080513,-0.001765489927,1,-1.012835026,0.009696166962,0.0292198658,38.97491455,0.1501328051,-0.1140171587,-10.49100876
0.1698278934,0.2715429962,0.006918873638,-0.0006700776285,1,-1.039758325,0.006951245479,0.007704913616,39.41090393,0.2367365062,-0.4777222872,-5.531717777
0.1698278934,0.276386559,0.005644581746,0.0005857144715,1,-0.8302986622,0.005674888846,0.08095063269,27.8974247,0.4114032984,-0.2937802672,5.9241395
0.1698278934,0.2812301517,0.004889921285,0.001144960639,1,-0.8834182024,0.005022177473,0.001001894474,29.64588165,0.4477063417,-0.2432309836,13.17822933
0.1698278934,0.2860737145,0.003534177551,0.0017686754,1,-0.8819522858,0.003952040337,-0.1236478686,25.58582878,0.574932456,-0.3759633005,26.5856266
0.1698278934,0.2909172773,0.003402851289,0.002367066219,1,-0.4907924235,0.004145165905,0.04938077927,0,0.7138129473,-0.4836908579,34.82296371
0.1698278934,0.29576087,0.004614394624,0.004350649193,1,-0.3018472791,0.006341985893,0.2723716497,0,0.8539287448,-0.8351144791,43.31488419
0.1698278934,0.3006044328,0.006076900754,0.007731261197,1,-0.3641493618,0.009833673015,0.259770751,0,0.9080049992,-1.232549429,51.83206177
0.1698278934,0.3054480255,0.007248601411,0.01157881785,1,-0.5760933161,0.01366057247,0.07522296906,0,0.9820239544,-1.112071395,57.9525032
0.1698278934,0.3102915883,0.008043057285,0.01348201372,1,-0.9394062161,0.01569890045,-0.04464256763,24.2497921,0.7017306089,-1.244565725,59.18067169
0.1698278934,0.315135181,0.006097401492,0.01739073917,1,-1.655229926,0.01842867583,0.1765847206,62.648983,0.3442445397,-1.613467216,70.6787262
0.1698278934,0.3199787438,0.001693197759,0.02215226926,1,-2.099943161,0.02221688442,-0.09934735298,81.30084229,0.1948401928,-1.391976237,85.6291275
0.1698278934,0.3248223364,-0.003130112775,0.02365168743,1,-1.464113951,0.02385791205,-0.1219525635,52.53954697,-0.554186821,-0.9232773781,97.53882599
0.1698278934,0.3296658993,-0.008082599379,0.02603354864,1,-1.48063004,0.02725938521,-0.3217973113,50.03541946,-0.6607450247,0.05317153037,107.2479248
0.1698278934,0.3345094621,-0.01350199804,0.02183550224,1,-1.310655117,0.02567281015,0.09355217218,0,-1.548258066,1.203570127,121.7306061
0.1698278934,0.3393530548,-0.02192996815,0.02065709047,1,-0.8812083602,0.03012704663,0.3623282313,0,-1.063025475,1.489369154,136.7120056
0.1698278934,0.3441966176,-0.02291904576,0.01637659222,1,0.8024880886,0.02816869505,0.3611079454,10.56594086,0.6632615328,2.469773769,144.452652
0.1698278934,0.3490402102,-0.01483049616,0.01044360269,1,0.8860594034,0.0181387011,-0.4529250264,0,2.453837395,1.996905088,144.8468781
0.1746714562,0.237637952,0.009546730667,2.368420974e-05,1,0.482588321,0.009546759538,-0.221561566,0,0.873552084,-0.5764466524,0.1421431601
0.1746714562,0.2424815297,0.01283101644,0.0008831409505,1,0.2392174006,0.0128613729,-0.03930011392,0,0.8851044178,-0.3550121188,3.937378645
0.1746714562,0.2473251075,0.01499247085,0.001552859787,1,-0.3974305391,0.01507267542,-0.1581302136,0,0.6901168823,-0.4028291106,5.913380146
0.1746714562,0.2521686852,0.01424866542,0.002068359172,1,-0.8129289746,0.01439800579,-0.2887728214,26.18852615,0.3533664346,-0.3196118474,8.259455681
0.1746714562,0.257012248,0.0127665475,0.001702230657,1,-0.8093528748,0.01287953183,-0.243484959,28.75790215,0.2236192524,-0.01882828772,7.594750404
0.1746714562,0.2618558407,0.01141161937,0.0009802171262,1,-1.005895019,0.01145364065,-0.1283391863,38.17704773,0.183126539,-0.1005417183,4.909451008
0.1746714562,0.2666994035,0.008781404234,0.001567591447,1,-1.37789464,0.008920224383,-0.02116990089,53.40453339,0.1266348958,-0.3975152075,10.12140656
0.1746714562,0.2715429962,0.005351045635,0.002803074894,1,-1.110719681,0.006040771492,-0.0170468092,42.13092422,0.2490929365,-0.4667550325,27.64720345
0.1746714562,0.276386559,0.004608048126,0.003745788243,1,-0.7673543692,0.005938437302,-0.07426610589,24.5381012,0.4312422276,-0.4284059107,39.10695648
0.1746714562,0.2812301517,0.003723060247,0.004518378526,1,-0.8221219778,0.005854649469,-0.06135621667,28.44998741,0.371460557,-0.4019779265,50.51210403
0.1746714562,0.2860737145,0.002425234532,0.005395615939,1,-0.7020474672,0.005915609654,-0.04949577153,20.41930199,0.4639722705,-0.3305170536,65.79692078
0.1746714562,0.2909172773,0.0025699283,0.005879522767,1,-0.5770810843,0.00641664397,-0.05980250239,0,0.730375886,-0.4658162594,66.38995361
0.1746714562,0.29576087,0.003167729825,0.007362175267,1,-0.4661176205,0.008014745079,-0.0006311833858,0,0.7390115261,-0.8590217233,66.71920013
0.1746714562,0.3006044328,0.003891711356,0.01003720425,1,-0.185608387,0.01076526288,0.1765230298,0,0.5052051544,-1.110483527,68.80726624
0.1746714562,0.3054480255,0.004715721589,0.01359589212,1,-0.1189444363,0.01439049374,0.1088532507,0,0.2387895584,-1.053733587,70.87094879
0.1746714562,0.3102915883,0.004472190514,0.01566828415,1,-0.4535350204,0.01629403606,0.02875512838,17.04251099,0.1148759872,-1.253047228,74.06969452
0.1746714562,0.315135181,0.003075400367,0.01980440132,1,-0.5895331502,0.02004176565,0.34513098,10.70577335,-0.3908946514,-1.464504719,81.17311096
0.1746714562,0.3199787438,-0.0002765877289,0.02443339489,1,-0.5223066807,0.02443496138,0.1441992521,0,-1.03322506,-0.8481479883,90.64855957
0.1746714562,0.3248223364,-0.004458938725,0.02461091243,1,-0.5542984009,0.02501157857,-0.02787394822,0,-1.080260038,-0.2248946875,100.2692871
0.1746714562,0.3296658993,-0.008193698712,0.02538768016,1,-0.2072443366,0.02667716332,-0.3168511391,0,-1.294281483,0.4610530138,107.8871307
0.1746714562,0.3345094621,-0.01173167396,0.0208430849,1,-0.2426912189,0.02391790785,-0.6318298578,0,-0.9078506827,1.269937396,119.373291
0.1746714562,0.3393530548,-0.01376643777,0.01617632248,1,0.2521130443,0.02124119177,0.1262261868,0,-0.7460941076,1.930258512,130.3985901
0.1746714562,0.3441966176,-0.01412430964,0.01210511383,1,0.6149193048,0.01860187948,0.7869142294,0,-0.2268467993,1.60982883,139.4020691
0.1746714562,0.3490402102,-0.01188677829,0.0121904714,1,0.4251072407,0.01702653989,0.5379943848,0,0.498806715,0.502748847,134.277359
0.179515034,0.237637952,0.00780337723,0.000863076828,1,0.4126280546,0.00785096176,0.1366695166,0,1.075675726,-0.6194985509,6.311431885
0.179515034,0.2424815297,0.01140773483,0.002694356255,1,0.07078012824,0.01172160264,0.07756108046,0,0.9356067181,-0.6481493115,13.28897381
0.179515034,0.2473251075,0.01267789025,0.004378111567,1,-0.3882473409,0.0134125594,-0.1771578938,0,0.5466388464,-0.5603004694,19.05155182
0.179515034,0.2521686852,0.01217491645,0.004550137091,1,-0.5788571835,0.01299739722,-0.3449965119,13.15489864,0.3191452622,-0.2813592553,20.49224663
0.179515034,0.257012248,0.0114199575,0.004069880117,1,-0.744169116,0.01212350372,-0.2244239897,25.15778351,0.2928335965,-0.1924466938,19.61520958
0.179515034,0.2618558407,0.009988837875,0.004395252559,1,-1.17708993,0.01091307122,-0.1188762337,43.26397324,0.3690492511,-0.4186389446,23.75028229
0.179515034,0.2666994035,0.007506149821,0.005521804094,1,-1.423629761,0.009318401106,-0.06742294133,54.05919647,0.3060070276,-0.3814507127,36.33958817
0.179515034,0.2715429962,0.004575545434,0.005916270427,1,-1.031587601,0.007479162887,0.02688611299,39.74692535,0.1445788741,-0.1526086926,52.28222656
0.179515034,0.276386559,0.003209854476,0.006391201168,1,-0.7369391322,0.007151965983,-0.01623822749,25.47370148,0.3385114074,-0.224739328,63.33281326
0.179515034,0.2812301517,0.002645729808,0.006926161703,1,-0.6716532111,0.007414283697,-0.05443635583,22.0055542,0.3586003184,-0.2660924792,69.09360504
0.179515034,0.2860737145,0.001693558646,0.00741637405,1,-0.6935354471,0.007607282605,0.02187524736,23.85039139,0.3242309093,-0.3443147242,77.13684082
0.179515034,0.2909172773,0.0008569798665,0.008699825965,1,-0.670779705,0.008741932921,0.0005704164505,20.54010963,0.4141608477,-0.5716104507,84.37420654
0.179515034,0.29576087,0.0004506053228,0.01018777676,1,-0.4309473038,0.01019773725,-0.2327487022,0,0.5746876001,-0.7235923409,87.467453
0.179515034,0.3006044328,0.001553197275,0.01107726526,1,-0.008232325315,0.01118562557,-0.1159021556,0,0.4668605328,-0.7608285546,82.01831818
0.179515034,0.3054480255,0.002672006609,0.01331152767,1,0.07814161479,0.01357705332,0.08955785632,0,0.03745788708,-0.9753340483,78.64992523
0.179515034,0.3102915883,0.002113112481,0.01623515226,1,-0.2213828117,0.01637209393,0.05115386844,3.891662598,-0.190785706,-0.9896740913,82.58425903
0.179515034,0.315135181,0.0006756364019,0.01835285872,1,-0.08474728465,0.01836529188,-0.06934556365,0,-0.7058955431,-0.7800697088,87.89167786
0.179515034,0.3199787438,-0.001716427389,0.01967759989,1,0.2080730796,0.01975231804,0.05383680761,0,-1.246572256,-0.5141929388,94.98514557
0.179515034,0.3248223364,-0.004354415461,0.02110415511,1,0.0842602849,0.02154869586,0.1272230446,0,-1.254411936,-0.09798400104,101.658226
0.179515034,0.3296658993,-0.007384147495,0.02076840773,1,0.1304294467,0.02204206027,-0.09767200053,0,-1.380927086,0.4164948463,109.5727005
0.179515034,0.3345094621,-0.01041127928,0.0186137557,1,-0.02270784974,0.02132760361,-0.2433233857,0,-0.9239256382,0.7778647542,119.219696
0.179515034,0.3393530548,-0.01196924038,0.01582220383,1,0.08551917225,0.01983947679,-0.2846950889,0,-0.2711202204,1.018952131,127.106926
0.179515034,0.3441966176,-0.01131025236,0.01229943894,1,0.2162788212,0.01670921966,-0.06560754776,0,0.2337309122,0.9711534977,132.6008606
0.179515034,0.3490402102,-0.009789583273,0.01080057118,1,0.8458319902,0.01457697712,0.0364061594,0,-0.2179224491,0.655313611,132.1890106
0.1843586117,0.237637952,0.007208110765,0.003235207172,1,0.03784924746,0.007900849916,0.3276134133,0,1.142772675,-0.430829525,24.17191315
0.1843586117,0.2424815297,0.01006732788,0.00507199578,1,0.005337685347,0.01127280947,0.07170115411,0,0.8643548489,-0.5158494115,26.73930931
0.1843586117,0.2473251075,0.01142053399,0.006081053987,1,-0.2472827435,0.01293861773,-0.1230356693,0,0.4842015505,-0.4009104967,28.03381538
0.1843586117,0.2521686852,0.01121486258,0.006417904049,1,-0.5513561964,0.01292140223,-0.129253,13.32822704,0.4123818278,-0.2622086704,29.78111458
0.1843586117,0.257012248,0.01074740198,0.006725034211,1,-0.8535647988,0.01267804205,0.05031503737,30.12355423,0.3566718698,-0.3731648922,32.03569412
0.1843586117,0.2618558407,0.008808122948,0.008469061926,1,-1.154057264,0.01221916638,0.1136167943,43.16150665,0.2992858291,-0.551219821,43.87572861
0.1843586117,0.2666994035,0.006607249845,0.009945222177,1,-1.116119146,0.01193998288,-0.151011914,41.67928314,0.2766519785,-0.157384634,56.40135956
0.1843586117,0.2715429962,0.004742098507,0.00849992875,1,-0.9771258831,0.009733256884,-0.09975931793,35.68264771,0.3233952522,0.1047187969,60.84291458
0.1843586117,0.276386559,0.003440854605,0.008954816498,1,-0.9661079645,0.009593133815,0.1070901677,33.31666183,0.435189575,-0.1011366472,68.98091888
0.1843586117,0.2812301517,0.002170553897,0.009508491494,1,-0.8952684402,0.009753087536,0.04390259832,31.80882645,0.363145113,-0.2390349507,77.14112854
0.1843586117,0.2860737145,0.0008634738042,0.01032524649,1,-0.8160598278,0.01036128867,-0.0377048701,29.06014633,0.3274726868,-0.3734133244,85.21961975
0.1843586117,0.2909172773,-0.0001959486981,0.01113451645,1,-0.7701017857,0.01113624126,-0.06403130293,27.66722488,0.2894950211,-0.4579135776,91.0082016
0.1843586117,0.29576087,-0.00146438228,0.01223304588,1,-0.4685500562,0.01232038252,-0.1492328644,3.345880032,0.4357533753,-0.3977757692,96.82621765
0.1843586117,0.3006044328,-0.0003548019449,0.01233835332,1,-0.02330668271,0.01234345417,-0.2037213147,0,0.4134682417,-0.4444094002,91.6471405
0.1843586117,0.3054480255,0.0004253955558,0.0133988373,1,-0.09776668251,0.01340558846,-0.1042456031,0,0.1558222324,-0.8223367333,88.18154907
0.1843586117,0.3102915883,-7.360533345e-05,0.01581648365,1,-0.1048897505,0.01581665501,-0.08436715603,0,-0.1974082887,-0.7857049704,90.26663208
0.1843586117,0.315135181,-0.001038808492,0.01679582149,1,-0.01796382666,0.01682791486,-0.135891974,0,-0.4842998683,-0.4602850378,93.53918457
0.1843586117,0.3199787438,-0.002506358549,0.01738770679,1,0.007549285889,0.01756741852,0.004854619503,0,-0.6844267845,-0.2699687183,98.2024231
0.1843586117,0.3248223364,-0.004317317158,0.01812694967,1,0.05732300878,0.01863398775,0.05621528253,0,-0.9127024412,-0.08409442008,103.3966141
0.1843586117,0.3296658993,-0.006649455521,0.01806730777,1,0.04615852237,0.01925208792,-0.03285625577,0,-1.042380571,0.3075920939,110.2055359
0.1843586117,0.3345094621,-0.009142581373,0.01647796668,1,0.07200923562,0.01884436794,-0.1373485029,0,-0.8071168661,0.6097017527,119.0231247
0.1843586117,0.3393530548,-0.0102100065,0.01444891188,1,0.2216100544,0.01769223809,-0.1287670732,0,-0.3445864916,0.7565954924,125.246109
0.1843586117,0.3441966176,-0.009738227352,0.01218964439,1,0.2726770043,0.01560193859,-0.5436885357,0,0.07285821438,0.9863411188,128.6211243
0.1843586117,0.3490402102,-0.008536379784,0.007038094103,1,0.3251616359,0.01106365863,-1.148110986,0,0.1711012125,0.9790498018,140.4950256
0.1892021894,0.237637952,0.007303441875,0.00621485943,1,-0.1249673963,0.009589824826,0.8287459016,0,0.9314069152,0.5643904805,40.39610291
0.1892021894,0.2424815297,0.009256468154,0.006855072454,1,0.02189686894,0.01151842996,0.3682518899,0,0.563759923,0.01598063111,36.52257919
0.1892021894,0.2473251075,0.01014011633,0.007921112701,1,-0.2088309526,0.01286724489,0.1158440113,0,0.41990906,-0.3720194697,37.99573898
0.1892021894,0.2521686852,0.01027884148,0.009218077175,1,-0.5618079901,0.01380679291,0.03061598539,9.652744293,0.5031926632,-0.3844998181,41.88579178
0.1892021894,0.257012248,0.009856209159,0.009931755252,1,-0.9261062145,0.01399230585,0.06134468317,31.86790657,0.4286292791,-0.3962831795,45.21874237
0.1892021894,0.2618558407,0.007869273424,0.01143463328,1,-1.082727551,0.01388078835,0.09067054093,40.4634819,0.2891402245,-0.3916266561,55.4643898
0.1892021894,0.2666994035,0.006012407131,0.01226779912,1,-0.9507174492,0.01366191544,-0.03729085624,35.38942719,0.2756572962,-0.1984965801,63.89068222
0.1892021894,0.2715429962,0.004599567037,0.01221544575,1,-1.051689506,0.01305270568,-0.03944501281,36.41378021,0.4790308774,-0.2274662852,69.36679077
0.1892021894,0.276386559,0.003238690784,0.01317849476,1,-1.062149167,0.0135706244,-0.05812115222,37.13093948,0.4636296034,-0.2245146036,76.19285583
0.1892021894,0.2812301517,0.001700591063,0.0130213853,1,-0.9835516214,0.01313196402,-0.1032484919,36.77536774,0.2534271181,-0.05713958666,82.55928802
0.1892021894,0.2860737145,-0.0002977242402,0.01295516267,1,-0.8166580796,0.01295858342,-0.1612394154,30.80934334,0.120539993,-0.3286120892,91.31648254
0.1892021894,0.2909172773,-0.001671100617,0.01383206528,1,-0.5030658841,0.01393264532,-0.09875512123,18.71352768,0.1105565727,-0.431706965,96.88871765
0.1892021894,0.29576087,-0.002198873553,0.01456784084,1,-0.3150435388,0.01473285537,-0.2220643759,0,0.3325980008,-0.09008615464,98.58344269
0.1892021894,0.3006044328,-0.001586074126,0.0131928185,1,-0.3359553814,0.01328781806,-0.2316133827,0,0.4150098562,-0.2258251756,96.85533905
0.1892021894,0.3054480255,-0.001815966913,0.01453980524,1,-0.4783435166,0.01465277001,-0.09251406789,11.13817883,0.3720015585,-0.6281125546,97.11916351
0.1892021894,0.3102915883,-0.002101149643,0.0157870315,1,-0.2268714309,0.01592624187,-0.1997768581,0,0.145108223,-0.5206798911,97.58113098
0.1892021894,0.315135181,-0.002211993327,0.01609412394,1,-0.183755368,0.01624542288,-0.2684890032,0,-0.001929365098,-0.3797556162,97.82575989
0.1892021894,0.3199787438,-0.003000528086,0.01632595994,1,-0.3324571848,0.01659940183,-0.2795300186,4.509081841,-0.1377441883,-0.343870312,100.4141006
0.1892021894,0.3248223364,-0.00448945025,0.01640576124,1,-0.2367504239,0.01700894348,-0.2830280662,0,-0.3935512304,-0.1116720736,105.3043594
0.1892021894,0.3296658993,-0.006053443067,0.01549598388,1,-0.06171515584,0.01663639583,-0.1625718474,0,-0.6885485649,0.2606953681,111.3378983
0.1892021894,0.3345094621,-0.00812339969,0.01435563993,1,0.04677554965,0.01649466716,-0.004903227091,0,-0.6403164864,0.4939423203,119.5041351
0.1892021894,0.3393530548,-0.008928304538,0.01307978667,1,0.1703401804,0.01583652198,-0.02128142118,0,-0.3856419325,0.6030584574,124.3175735
0.1892021894,0.3441966176,-0.009166230448,0.01133160107,1,-0.2255933434,0.01457480527,-0.1525903344,4.420985699,-0.1212864965,0.472034514,128.969696
0.1892021894,0.3490402102,-0.01060844399,0.01005436759,1,-1.187934399,0.01461606659,-0.5444147587,0,0.5924204588,-0.01702383161,136.536026
0.1940457672,0.237637952,0.0139558753,0.008351838216,1,-0.8597913384,0.01626406051,1.238164663,0,0.02260547876,1.50874424,30.89824295
0.1940457672,0.2424815297,0.01192838792,0.007696551736,1,-0.5635406375,0.01419589203,0.6315999031,0,-0.2160787582,0.4716836214,32.83131409
0.1940457672,0.2473251075,0.01017972827,0.009126405232,1,-0.4994421899,0.01367180049,0.4086844027,0,-0.001755326986,-0.3923279345,41.87709808
0.1940457672,0.2521686852,0.009500798769,0.01157631725,1,-0.5957485437,0.01497585699,0.2688422501,0,0.3780110478,-0.5901100636,50.62392807
0.1940457672,0.257012248,0.00912510138,0.01328680106,1,-0.9146618247,0.01611851528,0.2142298073,0,0.4706966281,-0.5161172748,55.51951981
0.1940457672,0.2618558407,0.007350418717,0.01511381008,1,-1.13740921,0.01680642366,0.1611157507,0,0.3817887604,-0.3753601313,64.06459808
0.1940457672,0.2666994035,0.005465195049,0.01588526368,1,-1.149569154,0.01679910533,-0.03036416322,0,0.3441467583,-0.1955895126,71.01464081
0.1940457672,0.2715429962,0.003449292853,0.01591409184,1,-1.113908052,0.01628360897,-0.1900214702,0,0.4133290946,-0.2849473655,77.77061462
0.1940457672,0.276386559,0.002071886323,0.0163450446,1,-0.8659601808,0.01647583582,-0.2836546004,0,0.4415649772,-0.1981398463,82.77575684
0.1940457672,0.2812301517,0.001393701765,0.01549989451,1,-0.881379962,0.01556242723,-0.2161816061,0,0.1420408487,0.08946151286,84.86196136
0.1940457672,0.2860737145,-0.001509160036,0.01486463845,1,-0.8235595226,0.01494105253,-0.3939366937,0,-0.03510278463,-0.1062868237,95.79718781
0.1940457672,0.2909172773,-0.002765282989,0.01410664432,1,-0.2081421912,0.01437512413,-0.1737409085,0,-0.09476357698,-0.2780665755,101.0908813
0.1940457672,0.29576087,-0.002976307645,0.015369948,1,-0.1454887986,0.01565546915,0.03243464231,0,0.1857156157,-0.353451103,100.9593735
0.1940457672,0.3006044328,-0.002570441226,0.01597571187,1,-0.5837105513,0.01618117839,0.01846441627,0,0.5653959513,-0.4249272346,99.1403656
0.1940457672,0.3054480255,-0.003065015655,0.01751754992,1,-0.717263341,0.01778366789,-0.08832450211,0,0.5123007298,-0.4274300933,99.92447662
0.1940457672,0.3102915883,-0.003563193604,0.01761819609,1,-0.4930183291,0.01797490381,-0.2854427099,0,0.2631023526,-0.3182614446,101.4335632
0.1940457672,0.315135181,-0.004178631585,0.01767650992,1,-0.529301405,0.01816369966,-0.3324668705,0,0.1240941286,-0.4795933068,103.3002548
0.1940457672,0.3199787438,-0.0055258465,0.01833081432,1,-0.6255866289,0.01914559305,-0.5532763004,0,0.2022536248,-0.4894728661,106.7754974
0.1940457672,0.3248223364,-0.006229077931,0.01736747287,1,-0.2654817998,0.01845075935,-0.6997800469,0,0.131626159,-0.01854336262,109.7310562
0.1940457672,0.3296658993,-0.00617418671,0.01503119152,1,0.03972047567,0.01624984108,-0.4602991939,0,-0.1522006094,0.4104419947,112.3308182
0.1940457672,0.3345094621,-0.006773882546,0.01314998325,1,0.1231915653,0.0147921443,-0.05947959423,0,-0.3746456802,0.6167193651,117.2541199
0.1940457672,0.3393530548,-0.007392124273,0.01175596938,1,0.1270282716,0.01388691179,0.2701762915,0,-0.4195995927,0.3641400337,122.1615829
0.1940457672,0.3441966176,-0.008190974593,0.01269486267,1,-0.680297792,0.01510799769,0.6045039296,0,-0.1173826456,-0.2018033266,122.8308945
0.1940457672,0.3490402102,-0.01125575136,0.01566138119,1,-1.790366888,0.01928654499,0.4788199961,0,0.5248695016,-0.7461048365,125.7046051
