PIVlab, ASCII chart output - 13-Mar-2024
FRAME: 18, filenames: A:[18]2 vortices tapados mismo sentido clase 4.mp4 & B:[19]2 vortices tapados mismo sentido clase 4.mp4, conversion factor xy (px -> m): 0.00030272, conversion factor uv (px/frame -> m/s): 0.0090842
x [m],y [m],u [m/s],v [m/s],Vector type [-],vorticity [1/s],magnitude [m/s],divergence [1/s],dcev [1],simple shear [1/s],simple strain [1/s],vector direction [degrees]
0.1262357086,0.237637952,0.01851178706,0.0005514048971,1,-0.7786909342,0.0185199976,-3.334169865,0,-2.909629345,-0.4353659153,1.706147194
0.1262357086,0.2424815297,0.009579454549,-0.00646888651,1,-1.128810525,0.01155908499,-0.9038355947,0,-0.9438676238,0.7418381572,-34.03066635
0.1262357086,0.2473251075,0.008472609334,-0.007419543806,1,-0.257221967,0.01126209274,0.2262030542,0,0.07636234909,0.5235077143,-41.2089386
0.1262357086,0.2521686852,0.008703446947,-0.007908904925,1,0.009031936526,0.01176013425,0.2677781582,0,0.1840500534,0.4474067688,-42.26172256
0.1262357086,0.257012248,0.009407815523,-0.008289587684,1,0.08026061952,0.01253890898,0.2324820757,0,0.070578143,0.269230783,-41.38451385
0.1262357086,0.2618558407,0.009434046224,-0.008086900227,1,0.04582002759,0.0124257477,0.2591831982,0,-0.2181514502,0.1488409638,-40.60330582
0.1262357086,0.2666994035,0.008573114872,-0.007755136583,1,-0.0215498209,0.01156029571,0.2043680847,0,-0.3923375309,0.0736906305,-42.13211441
0.1262357086,0.2715429962,0.007429350633,-0.007453953847,1,-0.08329813182,0.01052409969,0.1969731599,0,-0.3409562707,0.1796679646,-45.09471512
0.1262357086,0.276386559,0.006518205628,-0.007671317551,1,-0.04580446333,0.01006658468,0.2460265607,0,-0.09020587057,0.2636659443,-49.64593124
0.1262357086,0.2812301517,0.006770574022,-0.007539391518,1,0.1174625829,0.01013326738,0.1073211208,0,0.08159958571,0.02071499079,-48.07531738
0.1262357086,0.2860737145,0.007482378744,-0.007251834031,1,-0.009255468845,0.01041993685,-0.06256205589,0,0.07140484452,-0.04286129028,-44.10357285
0.1262357086,0.2909172773,0.007071598433,-0.007634813432,1,-0.1476168633,0.01040662732,-0.03109549731,0,-0.0888871029,0.1275860667,-47.19319916
0.1262357086,0.29576087,0.006336853374,-0.008020420559,1,-0.03348562121,0.01022168621,-0.05158906803,0,-0.3305254877,0.1523582637,-51.68809509
0.1262357086,0.3006044328,0.00530848233,-0.008622648194,1,-0.003722652793,0.01012571249,-0.08921527863,0,-0.4384168983,0.08819580078,-58.38171768
0.1262357086,0.3054480255,0.004195316229,-0.00887972489,1,0.095092237,0.009820906445,-0.2726104856,0,-0.598275423,-0.07502886653,-64.71113586
0.1262357086,0.3102915883,0.002871275414,-0.009579650126,1,0.102637291,0.01000069547,-0.568000555,0,-0.7467267513,0.1081495136,-73.31513214
0.1262357086,0.315135181,0.001075618784,-0.01215471048,1,-0.4349731207,0.01220220979,-0.5869082212,0,-0.3540065289,0.2235803753,-84.94284058
0.1262357086,0.3199787438,-0.0009502089815,-0.01350531448,1,-1.161561489,0.01353870053,-0.5467188358,0,0.219611913,0.1850593537,-94.02458954
0.1262357086,0.3248223364,-0.003486787202,-0.01569913514,1,-1.741088152,0.01608168334,0.06931266189,0,0.675809443,-0.4754675925,-102.522171
0.1262357086,0.3296658993,-0.006109968759,-0.01086662896,1,-1.151549339,0.01246656943,0.008364677429,0,-0.4243627191,-0.6908473372,-119.3476944
0.1262357086,0.3345094621,-0.01111981645,-0.0123124579,1,-1.257320046,0.01659056731,0.1339231133,0,0.2609531879,0.2248168886,-132.086319
0.1262357086,0.3393530548,-0.01093594916,-0.01130688004,1,-0.5155324936,0.01573024131,-0.2962592244,0,1.395158648,0.02496184409,-134.0446014
0.1262357086,0.3441966176,-0.006859278772,-0.01386831701,1,-0.641278863,0.01547190733,-1.333982229,0,3.197715282,-0.9922916889,-116.3170319
0.1262357086,0.3490402102,0.001446348382,-0.01296188496,1,0.1002143621,0.01304233074,-2.948808193,0,3.329317093,-3.323089123,-83.63300323
0.1310792714,0.237637952,0.009382795542,-0.004609262105,1,0.5704629421,0.01045380998,-1.425974488,0,-0.651255846,-0.8430446386,-26.1624012
0.1310792714,0.2424815297,0.00918713212,-0.006020995323,1,0.0406245701,0.01098434255,-0.1811873168,0,0.1463135779,0.2322288603,-33.23973846
0.1310792714,0.2473251075,0.01028824504,-0.00661167549,1,0.05085521191,0.01222956367,0.1494096369,0,0.2068749964,0.4516766667,-32.72657394
0.1310792714,0.2521686852,0.01043546852,-0.007485049311,1,-0.02462099865,0.01284231152,0.1141273826,0,0.09370419383,0.4653891325,-35.65074539
0.1310792714,0.257012248,0.01062285434,-0.008313036524,1,-0.04588458687,0.01348894462,0.06150586903,0,0.04314344376,0.3177487254,-38.04536819
0.1310792714,0.2618558407,0.01042219158,-0.008726181462,1,-0.1037765741,0.013592951,0.1120236441,0,-0.1803815663,0.1822334826,-39.9384079
0.1310792714,0.2666994035,0.009246512316,-0.008653103374,1,-0.1317116469,0.01266389247,0.162194863,0,-0.2978671789,0.02836075425,-43.10122299
0.1310792714,0.2715429962,0.008341493085,-0.00807794556,1,-0.1003365517,0.01161179226,0.1782701313,0,-0.2081013322,-0.002227716148,-44.08042908
0.1310792714,0.276386559,0.007752569392,-0.007778848056,1,-0.1159052253,0.01098238584,0.1762965918,0,-0.1444072127,0.08303872496,-45.0969429
0.1310792714,0.2812301517,0.007080649491,-0.007626243867,1,-0.03219752014,0.01040649787,0.1210383326,0,-0.07629726827,-0.02809846029,-47.12457657
0.1310792714,0.2860737145,0.007227066439,-0.007056492381,1,0.005833191797,0.01010072138,-0.01023562998,0,0.04054341465,-0.03783124313,-44.31580734
0.1310792714,0.2909172773,0.007305277511,-0.007492582779,1,-0.1466394365,0.01046450529,-0.1734807193,0,0.01323143393,0.1740503609,-45.72518921
0.1310792714,0.29576087,0.006580894347,-0.008739786223,1,-0.1355570555,0.01094038505,-0.1948954314,0,-0.2772089243,0.2557631731,-53.02094269
0.1310792714,0.3006044328,0.005306013394,-0.009675382636,1,-0.1576922238,0.01103479974,-0.112343736,0,-0.5086508989,0.2632306218,-61.25948334
0.1310792714,0.3054480255,0.003353409702,-0.01055890974,1,-0.08584359288,0.01107862499,-0.123049587,0,-0.6467547417,0.2818662822,-72.38065338
0.1310792714,0.3102915883,0.001757616643,-0.01163662411,1,0.05069687963,0.01176861208,-0.04508239776,0,-0.7026305795,0.2439017892,-81.41086578
0.1310792714,0.315135181,0.0001957181812,-0.01195862703,1,-0.1202606112,0.01196022797,0.1502882689,0,-0.6196234226,-0.1544884294,-89.06236267
0.1310792714,0.3199787438,-0.001826069201,-0.0101604145,1,-0.3165481389,0.0103232041,0.007743433118,0,-0.6468149424,-0.428440243,-100.1886444
0.1310792714,0.3248223364,-0.004470405634,-0.009845937602,1,-0.7651671767,0.01081327908,-0.29752931,15.29138851,-0.4605224729,-0.5153172612,-114.4197311
0.1310792714,0.3296658993,-0.00776279252,-0.009105541743,1,-0.4326272607,0.01196544338,-0.3228778541,0,-0.7608373761,-0.5727776885,-130.448761
0.1310792714,0.3345094621,-0.0102510266,-0.008635532111,1,-0.6450454593,0.01340358052,0.08331565559,17.84356689,-0.1457294077,-0.4175409079,-139.8889923
0.1310792714,0.3393530548,-0.01159297209,-0.00667960383,1,-0.7202496529,0.01337961573,0.006370663643,19.27159691,0.2573729753,-0.8327651024,-150.0504456
0.1310792714,0.3441966176,-0.01249300595,-0.004571112804,1,-1.279995441,0.01330301724,-0.8569458127,12.96851158,0.8361409307,-1.174459219,-159.9027405
0.1310792714,0.3490402102,-0.0137428157,-0.005141703412,1,-1.584961772,0.01467317622,-1.970531464,0,1.068894506,-1.734924912,-159.4872894
0.1359228492,0.237637952,0.007521633524,-0.005366075784,1,0.428345263,0.009239574894,0.008136421442,0,0.5234488249,0.2521290183,-35.50478363
0.1359228492,0.2424815297,0.009826677851,-0.005956974346,1,0.4504730105,0.01149126422,0.1784448326,6.451523781,0.3469498158,0.4463821352,-31.22442055
0.1359228492,0.2473251075,0.01138401311,-0.006663850974,1,0.1849189699,0.01319100708,0.1095867902,0,0.1626955569,0.3942553401,-30.34339142
0.1359228492,0.2521686852,0.01151037589,-0.00733578857,1,0.02202386037,0.01364926901,0.09425421059,0,-0.05077359453,0.3408746123,-32.51016617
0.1359228492,0.257012248,0.01124476176,-0.007858374156,1,-0.04628830403,0.01371855289,0.01505552232,0,-0.08813186735,0.2467341274,-34.94768143
0.1359228492,0.2618558407,0.01085930131,-0.008457941934,1,-0.177640751,0.01376449037,-0.05502367392,0,-0.1833893508,0.08981730044,-37.91381836
0.1359228492,0.2666994035,0.009496084414,-0.008559922688,1,-0.2871154845,0.01278467476,0.02827831544,4.212304115,-0.2449863851,-0.07123941183,-42.03200531
0.1359228492,0.2715429962,0.008282024413,-0.007975920103,1,-0.2094753236,0.01149814017,-0.02505147457,4.243287086,-0.1459995061,-0.1800100207,-43.92136383
0.1359228492,0.276386559,0.007774314377,-0.007809368894,1,-0.1276988983,0.01101935562,-0.07814417779,1.230267882,-0.0914138481,-0.1241697371,-45.12887955
0.1359228492,0.2812301517,0.007220734842,-0.007752991747,1,-0.1470548362,0.01059471071,0.09704841673,2.964627504,0.03871531412,-0.05276982486,-47.03578186
0.1359228492,0.2860737145,0.007249563467,-0.007083712611,1,-0.09146090597,0.01013583504,0.09002683312,0,0.06123989075,-0.09424334019,-44.33705902
0.1359228492,0.2909172773,0.007074357476,-0.006860467605,1,-0.1502325982,0.009854570031,-0.2013636678,0,0.02266307175,0.1336797029,-44.12061691
0.1359228492,0.29576087,0.00663167052,-0.008706521243,1,-0.1982650757,0.01094452199,-0.320278585,0,-0.01542901993,0.3944974542,-52.70383835
0.1359228492,0.3006044328,0.006039313506,-0.010322541,1,-0.1301724762,0.01195943821,-0.09891699255,0,-0.2140182406,0.4977526665,-59.66977692
0.1359228492,0.3054480255,0.004964556079,-0.0115965372,1,0.04170337319,0.01261453517,0.03419598937,0,-0.4969541132,0.6341457367,-66.82390594
0.1359228492,0.3102915883,0.003834271105,-0.01322844438,1,0.003505676985,0.01377292164,0.0968618989,0,-0.8106117249,0.711463809,-73.83574677
0.1359228492,0.315135181,0.001055274974,-0.01457340922,1,-0.03795707226,0.01461156551,0.06324121356,0,-1.370537877,0.4506697953,-85.85838318
0.1359228492,0.3199787438,-0.002987883519,-0.01510498486,1,0.1400969625,0.01539766323,-0.03383389115,0,-1.890691757,-0.1060619056,-101.1891022
0.1359228492,0.3248223364,-0.00742386654,-0.01422356721,1,0.1947224736,0.01604442857,-0.150914669,0,-1.734959126,-0.6977515221,-117.5619125
0.1359228492,0.3296658993,-0.01044813916,-0.01245633792,1,0.08971315622,0.01625804231,-0.2214818299,0,-1.187003136,-1.115365505,-129.9893036
0.1359228492,0.3345094621,-0.01273865998,-0.009893985465,1,-0.2193607688,0.01612961292,-0.212397933,0,-0.7077451348,-1.427334905,-142.1638947
0.1359228492,0.3393530548,-0.01493864879,-0.00657169614,1,-0.4633218944,0.01632024534,-0.2720583081,3.529046297,-0.3542291224,-1.567655087,-156.254715
0.1359228492,0.3441966176,-0.01669853181,-0.003618662246,1,-0.1749997437,0.01708612591,-0.2757477164,0,-0.1476216912,-1.610288262,-167.7727509
0.1359228492,0.3490402102,-0.01650129072,-0.000107745378,1,-0.2019975036,0.01650164276,0.4558420777,0,0.283441633,-0.9938738942,-179.625885
0.1407664269,0.237637952,0.01064341143,-0.004148620646,1,0.0426068902,0.01142336521,0.08969661593,0,0.6057232022,1.069880009,-21.29499054
0.1407664269,0.2424815297,0.01221353002,-0.006522418,1,0.1299224049,0.01384601928,0.26872015,0,0.3005924225,0.7994632721,-28.10365295
0.1407664269,0.2473251075,0.0127286436,-0.006719316356,1,0.03158533573,0.01439331658,0.1517791152,0,0.03644675016,0.4233204126,-27.82910156
0.1407664269,0.2521686852,0.01254304871,-0.007837649435,1,0.01224473119,0.01479042973,0.0378600955,0,-0.1852144003,0.4087420404,-31.99961281
0.1407664269,0.257012248,0.01189085282,-0.00851570908,1,-0.02100849152,0.01462565176,0.05620063096,0,-0.3820678294,0.2453946173,-35.60858536
0.1407664269,0.2618558407,0.0105907172,-0.008754025213,1,-0.14013578,0.01374031417,-0.01261500269,0,-0.4487730861,-0.02637781948,-39.57629395
0.1407664269,0.2666994035,0.009038426913,-0.008449047804,1,-0.2479974031,0.01237253286,-0.05703588575,0,-0.4214365482,-0.2600944042,-43.06969452
0.1407664269,0.2715429962,0.007348261774,-0.007770495489,1,-0.2075735927,0.01069474407,-0.1050847545,0,-0.2602171302,-0.2797385454,-46.59972763
0.1407664269,0.276386559,0.006772646215,-0.007603098638,1,-0.09816109389,0.01018213388,-0.07224579901,0,0.08718874305,-0.2877979875,-48.30616379
0.1407664269,0.2812301517,0.007295116317,-0.006726451684,1,-0.2012003213,0.009922896512,0.0558559075,0,0.2908029556,-0.2096966505,-42.6775589
0.1407664269,0.2860737145,0.007206643466,-0.006316874176,1,-0.2049960345,0.009583245963,-0.05133659393,4.046889782,0.1394097358,-0.06605768204,-41.23569489
0.1407664269,0.2909172773,0.00697744498,-0.006655149162,1,-0.1229103059,0.009642393328,-0.1732142866,0,0.06793767214,0.1441815495,-43.64569092
0.1407664269,0.29576087,0.006940379273,-0.007854205556,1,-0.1444665641,0.01048128866,-0.2494268715,0,0.1982202381,0.4579731524,-48.53453445
0.1407664269,0.3006044328,0.007237805054,-0.01008149609,1,-0.1076811105,0.01241057552,-0.2933925092,0,0.03546087816,0.8036752939,-54.32431412
0.1407664269,0.3054480255,0.00659057498,-0.01316793915,1,0.02910923958,0.01472515892,-0.1487701535,0,-0.3522175252,0.9864173532,-63.4119606
0.1407664269,0.3102915883,0.005672805011,-0.01557986531,1,0.02726516128,0.01658049785,-0.02159970999,0,-0.8336296082,1.061307788,-69.99286652
0.1407664269,0.315135181,0.002684886102,-0.01841308549,1,-0.1270442605,0.01860780269,0.04091989994,0,-1.561061263,0.9528144002,-81.70394135
0.1407664269,0.3199787438,-0.002503665397,-0.01999669708,1,-0.2140780091,0.02015282214,0.2382729948,0,-2.111862183,0.399190098,-97.13651276
0.1407664269,0.3248223364,-0.00858098641,-0.01919250004,1,0.04599106312,0.02102344856,0.3372580409,0,-2.468632221,-0.6346021891,-114.0894699
0.1407664269,0.3296658993,-0.0142379161,-0.01528941654,1,-0.2027990222,0.02089221217,0.09591048956,0,-1.781734705,-1.595290899,-132.960495
0.1407664269,0.3345094621,-0.01819320023,-0.01100105979,1,-0.4723041654,0.02126066387,-0.1644628644,0,-0.8213368058,-2.051128387,-148.8394928
0.1407664269,0.3393530548,-0.02050376683,-0.006151204463,1,-0.4934106171,0.02140658163,-0.3692070246,7.05175972,-0.2157691419,-1.724105239,-163.3005676
0.1407664269,0.3441966176,-0.02162816748,-0.004438505042,1,0.3010385633,0.02207890339,-0.5490179062,0,0.5567885637,-1.242877603,-168.4028473
0.1407664269,0.3490402102,-0.01634881459,-0.002790441271,1,1.500052929,0.01658524387,0.5937857628,0,0.6798796654,-0.08672717214,-170.3139954
0.1456100047,0.237637952,0.0131381331,-0.002638578182,1,0.2403462976,0.01340047177,-0.3746728897,0,0.5286613107,0.6542122364,-11.35584831
0.1456100047,0.2424815297,0.01500050724,-0.005130320787,1,-0.3521917164,0.01585356146,0.4346669018,0,0.5651375055,1.260859132,-18.88119125
0.1456100047,0.2473251075,0.01416955236,-0.006640304346,1,-0.3426977992,0.01564831845,0.02987375855,9.580521584,0.06873106956,0.6826714277,-25.10928535
0.1456100047,0.2521686852,0.0136735281,-0.00829219725,1,-0.2265868336,0.01599143259,0.05014356971,5.947928905,-0.0756676048,0.6626852751,-31.23436546
0.1456100047,0.257012248,0.0127055617,-0.00960719306,1,-0.05037665367,0.01592888683,0.1596416235,0,-0.5696384907,0.5024983883,-37.09441376
0.1456100047,0.2618558407,0.01067043655,-0.00995285064,1,-0.06036302447,0.01459169108,0.1076962501,0,-0.9193925858,0.06491705775,-43.00720215
0.1456100047,0.2666994035,0.007960039191,-0.009399988689,1,-0.034632653,0.01231754944,-0.03026807308,0,-0.8432997465,-0.3857795596,-49.74161148
0.1456100047,0.2715429962,0.006418102887,-0.008230903186,1,0.005807995796,0.01043742336,-0.09064093232,0,-0.4041963518,-0.6043884754,-52.05443573
0.1456100047,0.276386559,0.006030414253,-0.006911612581,1,-0.100422211,0.009172582999,-0.06775417924,0,0.112292029,-0.6584265232,-48.89514542
0.1456100047,0.2812301517,0.006475595292,-0.00536993565,1,-0.2749437094,0.008412463591,-0.16426301,0,0.4092537165,-0.4731371999,-39.66747284
0.1456100047,0.2860737145,0.006680955179,-0.005415556487,1,-0.223726213,0.008600198664,-0.2249056846,0,0.3183135986,-0.1080196351,-39.02809525
0.1456100047,0.2909172773,0.006933735218,-0.00593608059,1,-0.1357026845,0.009127635509,-0.1691816002,0,0.3340737224,0.1675807685,-40.56735611
0.1456100047,0.29576087,0.007641780656,-0.007046691142,1,-0.05805978179,0.01039483864,-0.2568053007,0,0.3836812377,0.5056767464,-42.67998505
0.1456100047,0.3006044328,0.008510908112,-0.009629221633,1,0.0286700353,0.01285136025,-0.3838170767,0,0.2562401891,0.9368661642,-48.52774048
0.1456100047,0.3054480255,0.009021765552,-0.01344352309,1,-0.02056442946,0.01619013771,-0.2624325156,0,0.09473889321,1.341553926,-56.13497543
0.1456100047,0.3102915883,0.008870177902,-0.01739825495,1,-0.2191503793,0.01952893659,-0.09962540865,0,-0.4318686724,1.567666769,-62.98607635
0.1456100047,0.315135181,0.00586850429,-0.02151918225,1,-0.6626014113,0.0223050341,0.1689773798,0,-1.148138523,1.593295574,-74.74578857
0.1456100047,0.3199787438,9.971852705e-05,-0.02429705113,1,-1.088813901,0.02429725602,0.3722205162,0,-1.952859282,1.380598545,-89.76485443
0.1456100047,0.3248223364,-0.008864075877,-0.02640333958,1,-0.2290015221,0.02785153873,0.7446352839,0,-3.448078632,-0.1210502982,-108.5578308
0.1456100047,0.3296658993,-0.01771050505,-0.02010403574,1,0.2791181803,0.02679242752,1.233851671,0,-3.294661522,-1.825629234,-131.3782196
0.1456100047,0.3345094621,-0.02347004972,-0.011584552,1,-0.8872463703,0.02617336623,0.7913283706,0,-0.6337913275,-2.280185938,-153.7295685
0.1456100047,0.3393530548,-0.02507776953,-0.005226918031,1,-0.6650252342,0.02561669797,0.1227877736,17.03745842,0.2711702883,-1.777591586,-168.2264862
0.1456100047,0.3441966176,-0.02537771687,-0.002379917074,1,0.443495512,0.02548906766,-0.5594898462,0,1.834254026,-0.7962156534,-174.6424866
0.1456100047,0.3490402102,-0.014045313,-0.004080317914,1,2.294105053,0.01462599728,-0.1499161869,0,2.385232925,0.5522076488,-163.800827
0.1504535824,0.237637952,0.01199738216,-0.002752144355,1,2.062368631,0.0123089999,-1.110529542,0,1.417934537,-1.388374448,-12.91985989
0.1504535824,0.2424815297,0.0204259418,-0.002079262631,1,-0.1721574962,0.0205314979,0.5180956125,0,1.035678148,0.925724864,-5.812413216
0.1504535824,0.2473251075,0.01617991179,-0.004726528656,1,-0.8883756399,0.01685614511,0.1068866849,25.25550652,-0.02628937364,1.144837856,-16.2843132
0.1504535824,0.2521686852,0.0159956906,-0.0071066604,1,-0.4191307127,0.01750333421,0.07042396069,10.42431831,0.1957557499,1.371998072,-23.95490456
0.1504535824,0.257012248,0.01509797946,-0.01103079412,1,-0.09038722515,0.01869832538,0.136657238,0,-0.8529046178,1.335800052,-36.15238571
0.1504535824,0.2618558407,0.01142678317,-0.01291480195,1,-0.1023136377,0.01724423096,0.003139823675,0,-1.564782858,0.2787822783,-48.49817657
0.1504535824,0.2666994035,0.007023267914,-0.01236588974,1,-0.06648188829,0.0142211644,-0.06255403161,0,-1.470594883,-0.7146377563,-60.40538025
0.1504535824,0.2715429962,0.003981832881,-0.009756383486,1,-0.04153138399,0.01053764764,-0.03072232008,0,-0.7363924384,-1.226757526,-67.79836273
0.1504535824,0.276386559,0.003255333519,-0.006572800688,1,-0.06934809685,0.007334773429,-0.02387070656,0,0.1160048991,-1.333624721,-63.65200806
0.1504535824,0.2812301517,0.004207818769,-0.003412488382,1,-0.109147042,0.00541763939,-0.193833977,0,0.5920050144,-0.7887121439,-39.04162216
0.1504535824,0.2860737145,0.005594093818,-0.003691462101,1,-0.1662353277,0.006702296436,-0.3771791756,0,0.7364503741,-0.1774785817,-33.42024612
0.1504535824,0.2909172773,0.006969691254,-0.004379750695,1,-0.1715598106,0.008231573738,-0.2866571248,0,0.6983839273,0.1310375035,-32.14523697
0.1504535824,0.29576087,0.008145807311,-0.005714598577,1,-0.05156710744,0.009950418025,-0.4026170671,0,0.6599706411,0.5469892025,-35.05114365
0.1504535824,0.3006044328,0.009916541167,-0.008979242295,1,0.08969461918,0.01337776426,-0.5796156526,0,0.6683351994,0.8438898921,-42.16025162
0.1504535824,0.3054480255,0.01181738358,-0.01260945853,1,-0.06950861216,0.01728146523,-0.4161309004,0,0.6613926291,1.15934515,-46.8572464
0.1504535824,0.3102915883,0.01278337743,-0.01661018282,1,-0.5081015229,0.02095979266,-0.04835265875,9.401703835,0.3848885894,1.635395288,-52.41772842
0.1504535824,0.315135181,0.01122059207,-0.02076482214,1,-1.30634594,0.02360253222,0.5655558705,33.622509,-0.09698194265,2.128777504,-61.61474609
0.1504535824,0.3199787438,0.005986250006,-0.0241817683,1,-2.507836819,0.02491170727,0.1314374208,66.30713654,-0.9567914605,3.025894642,-76.09583282
0.1504535824,0.3248223364,-0.005560603924,-0.03478435054,1,-2.057663441,0.03522600606,0.5009588003,0,-2.709574223,2.238832712,-99.08241272
0.1504535824,0.3296658993,-0.01710423641,-0.03259929642,1,-1.388796091,0.03681397811,3.128014565,0,-2.708186388,-2.035729885,-117.6851425
0.1504535824,0.3345094621,-0.0254045967,-0.009773430414,1,-1.60973835,0.02721972577,1.746001005,0,-0.7469288707,-4.650640011,-158.9577026
0.1504535824,0.3393530548,-0.02851893753,-0.001616668538,1,-1.178023458,0.02856472507,0.3092668653,27.62415886,0.601995647,-2.182934761,-176.7555084
0.1504535824,0.3441966176,-0.02819463238,0.002297742059,1,0.3982673883,0.0282881055,-0.9515311122,0,2.516654968,-0.8003231883,175.3409271
0.1504535824,0.3490402102,-0.01440028474,-0.002349056071,1,1.630069137,0.01459062193,-2.058336735,0,4.065846443,-0.1395964622,-170.735199
0.1552971601,0.237637952,0.001034497749,-0.005759945139,1,4.734712124,0.005852106959,0.1980955601,0,3.919744015,-2.47755909,-79.81811523
0.1552971601,0.2424815297,0.02199376374,0.0007199254469,1,1.652887702,0.02200554311,0.03217285872,0,2.31068635,-0.6481553316,1.874802589
0.1552971601,0.2473251075,0.02023237757,-0.002464722609,1,-0.667640686,0.0203819517,0.09088885784,15.25718689,0.3922754824,1.336635828,-6.945589542
0.1552971601,0.2521686852,0.0206600111,-0.005313946865,1,-0.5700069666,0.02133246511,-0.1698563099,6.866271973,0.4884855747,2.067291498,-14.42434406
0.1552971601,0.257012248,0.01983752288,-0.01330050547,1,-0.9562909007,0.02388369292,-0.04734826088,13.82637978,-0.8242240548,2.372864246,-33.84075165
0.1552971601,0.2618558407,0.01203594822,-0.01703643426,1,-1.204253912,0.02085915022,0.3160935044,0,-2.025150776,0.91490978,-54.75945282
0.1552971601,0.2666994035,0.004195650108,-0.0162009187,1,-0.8914942741,0.01673538983,-0.2701956034,0,-1.525840044,-1.393315315,-75.48075104
0.1552971601,0.2715429962,0.0003274015617,-0.01159651671,1,-0.5078346133,0.011601137,-0.0458714962,5.289347172,-0.4708572924,-2.149085045,-88.3828125
0.1552971601,0.276386559,-0.0005447202711,-0.006013840903,1,-0.2851581275,0.006038460415,0.134979248,0,0.5719616413,-1.851706386,-95.17559814
0.1552971601,0.2812301517,0.001716556842,-0.001973850885,1,-0.003600209951,0.002615846926,0.08389255404,0,0.9407478571,-0.9423142672,-48.9881897
0.1552971601,0.2860737145,0.003994427156,-0.001043328084,1,-0.1138496995,0.004128435627,-0.2398213893,0,1.035366058,-0.2917274535,-14.63838005
0.1552971601,0.2909172773,0.006179979537,-0.001722440589,1,-0.1667120159,0.006415524054,-0.3996175528,0,1.064112902,0.1282927394,-15.57384396
0.1552971601,0.29576087,0.008341058157,-0.003600302618,1,-0.1923463941,0.009084900841,-0.4782888591,0,0.9378617406,0.575496316,-23.34677505
0.1552971601,0.3006044328,0.009790941142,-0.006826531142,1,-0.1598537266,0.01193583105,-0.5540198684,0,1.043606162,0.7472999692,-34.88534164
0.1552971601,0.3054480255,0.01262158155,-0.009903346188,1,0.03192991018,0.0160430856,-0.3975260854,0,1.365012884,0.8921108842,-38.11900711
0.1552971601,0.3102915883,0.01655714214,-0.01307298802,1,-0.333795011,0.02109601721,0.1007983088,0,1.633895159,1.28962779,-38.29349136
0.1552971601,0.315135181,0.01891871728,-0.01566153392,1,-1.766917944,0.02456016093,1.213035822,0,1.526467323,1.97929883,-39.61907196
0.1552971601,0.3199787438,0.01539250091,-0.01678444259,1,-3.910730124,0.02277381346,0.4538292885,108.1556931,0.9145152569,3.323482037,-47.47701263
0.1552971601,0.3248223364,0.004406317603,-0.02956091985,1,-6.515129089,0.02988751605,0.4838987589,184.8183136,0.7730016708,2.488648891,-81.52197266
0.1552971601,0.3296658993,-0.01241993904,-0.02649460547,1,-8.234570503,0.02926122025,3.33528471,215.3549347,-0.4254207611,-1.238921046,-115.1158752
0.1552971601,0.3345094621,-0.03753889352,-0.007405466866,1,-3.841607094,0.0382623747,1.821129918,95.12757874,-0.6453834772,-4.349793911,-168.8403015
0.1552971601,0.3393530548,-0.0341530256,0.003394742496,1,-1.294344544,0.03432132676,0.7236394882,0,2.053274155,-2.432317734,174.3235626
0.1552971601,0.3441966176,-0.03386295959,0.00788065698,1,-0.5789574385,0.03476786986,-0.5972566605,0,2.532441616,-1.489740849,166.8992004
0.1552971601,0.3490402102,-0.02469117381,0.007717559114,1,0.2257101536,0.0258691851,-0.7528735399,0,3.561472893,-0.6855276823,162.6426697
0.1601407379,0.237637952,0.0009566230001,-0.006699505728,1,2.872721672,0.006767459214,2.120196581,0,3.934544086,-1.103181958,-81.87366486
0.1601407379,0.2424815297,0.01744238287,0.0011068366,1,2.047860146,0.01747746579,0.4672166109,0,2.522648811,-1.000038385,3.630934477
0.1601407379,0.2473251075,0.02309423871,0.0004072576994,1,0.2162151337,0.02309782989,0.113954097,0,1.382537484,0.751211524,1.010283589
0.1601407379,0.2521686852,0.02518606558,-0.00197976944,1,-0.5628502369,0.02526375651,-0.6539924145,0,1.237468004,1.57543242,-4.494535446
0.1601407379,0.257012248,0.026361797,-0.010391118,1,-2.73947525,0.02833583765,-1.006138802,65.43206787,1.129751444,2.072393417,-21.51303864
0.1601407379,0.2618558407,0.01738924347,-0.01689087972,1,-5.078584671,0.02424226888,0.6126819849,143.4859619,-0.5775392056,1.654737115,-44.16709137
0.1601407379,0.2666994035,-0.001034076442,-0.01543839276,1,-7.154325008,0.0154729858,0.6353756785,194.2666626,2.191288471,-0.8745823503,-93.83198547
0.1601407379,0.2715429962,-0.006649610121,-0.009577280842,1,-2.506304026,0.01165940054,-0.1042704582,53.3261261,1.675164223,-2.791770935,-124.7726669
0.1601407379,0.276386559,-0.005059767514,-0.002421274316,1,-0.6330766082,0.005609261803,-0.0778888464,0,2.016268253,-2.295013428,-154.4272766
0.1601407379,0.2812301517,4.998637087e-05,0.001161534688,1,-0.1028016806,0.001162609784,0.1410371661,0,1.770837903,-0.7459369898,87.53581238
0.1601407379,0.2860737145,0.003019495634,0.00187485409,1,-0.1137471199,0.003554213326,-0.07201170921,0,1.271060944,-0.1587889045,31.8368187
0.1601407379,0.2909172773,0.005655508488,0.001581845456,1,-0.1705714464,0.005872563925,-0.2888425887,0,1.326151848,0.1478596926,15.62630272
0.1601407379,0.29576087,0.008616639301,-0.0002403474209,1,-0.3047906756,0.008619991131,-0.4979879558,0,1.377799153,0.4789833724,-1.597760201
0.1601407379,0.3006044328,0.01085270848,-0.003150191158,1,-0.3167669773,0.01130066346,-0.408598274,0,1.472174168,0.8120325804,-16.18630981
0.1601407379,0.3054480255,0.01421294361,-0.006152567919,1,-0.1436879039,0.01548747439,-0.1086946428,0,1.9327178,0.7025511265,-23.4070549
0.1601407379,0.3102915883,0.01951801404,-0.007079523057,1,-0.4514586926,0.02076228522,0.5681520104,0,3.025995255,0.2915974855,-19.93658829
0.1601407379,0.315135181,0.0266829133,-0.004813054577,1,-1.942791104,0.02711352706,2.01129365,0,2.926348448,0.7169600129,-10.22504139
0.1601407379,0.3199787438,0.02428195067,-0.0008103176369,1,-5.07425642,0.02429546788,2.622995853,117.9039459,1.38984108,1.522707462,-1.911319137
0.1601407379,0.3248223364,0.008837161586,0.0005162782618,1,-7.16544342,0.008852229454,1.398832083,200.2860413,0.7172579765,0.1528012753,3.34349227
0.1601407379,0.3296658993,-0.006950336043,0.005224929657,1,-8.873716354,0.008695231751,1.401130915,250.1799164,-0.7244944572,0.3293065429,143.065918
0.1601407379,0.3345094621,-0.03765237704,0.005707726814,1,-6.734560013,0.03808253631,2.202941656,181.5879669,0.5728504658,0.2678323984,171.3801575
0.1601407379,0.3393530548,-0.03679505363,0.01459778193,1,-2.644252777,0.03958498687,1.628687024,0,2.509891272,-0.7786899805,158.3601837
0.1601407379,0.3441966176,-0.03830316663,0.0173680447,1,0.1363030672,0.04205688462,1.156758904,0,3.048896313,1.319822669,155.6087341
0.1601407379,0.3490402102,-0.02136729285,0.0138079701,1,2.143979311,0.02544054389,0.1657236814,0,4.849124908,1.635737777,147.1286621
0.1649843156,0.237637952,0.005960486364,-0.0006169270491,1,0.9621027708,0.005992328282,2.31133008,0,4.592680931,0.8097420335,-5.90923214
0.1649843156,0.2424815297,0.01941299997,0.003019602271,1,1.355054855,0.0196464397,0.6097408533,0,2.456670523,-0.1750875115,8.841244698
0.1649843156,0.2473251075,0.02442287467,0.003184450092,1,0.002888739109,0.0246296078,-0.07491428405,0,1.176007748,-0.1546967328,7.428772449
0.1649843156,0.2521686852,0.02512307651,0.003406034783,1,-1.054000378,0.02535291016,-0.02891919017,0,1.173568249,-0.4946797192,7.720741749
0.1649843156,0.257012248,0.02500201017,0.005440393928,1,-2.776399612,0.02558707446,-0.3842182159,41.28374481,2.341864109,-0.6647328138,12.27609539
0.1649843156,0.2618558407,0.02301836945,0.004764729179,1,-6.681892395,0.02350633778,2.291009188,168.9823914,2.147026539,-2.586561918,11.69487762
0.1649843156,0.2666994035,0.003037034068,0.0290652886,1,-9.059083939,0.02922352776,0.8125658035,255,1.478289127,0.009023368359,84.0348053
0.1649843156,0.2715429962,-0.01369980071,0.008656749502,1,-5.36826849,0.01620567404,-2.444874763,120.7094498,2.255880594,2.148180962,147.7116699
0.1649843156,0.276386559,-0.01203805767,0.00681846682,1,-0.7766811848,0.01383496728,-0.6720721722,0,3.354626656,-0.3509291112,150.4723816
0.1649843156,0.2812301517,-0.001213322394,0.007101268042,1,0.3553692102,0.007204176392,-0.2167891115,0,2.723880291,0.0215408504,99.69592285
0.1649843156,0.2860737145,0.002876526443,0.005664097145,1,-0.1147214174,0.006352668628,-0.129854992,0,1.500156164,0.1951564103,63.07614136
0.1649843156,0.2909172773,0.005497117992,0.005527054891,1,-0.250715971,0.007795296144,-0.1363824904,0,1.359912872,0.09374596179,45.15559006
0.1649843156,0.29576087,0.008249008097,0.004549452104,1,-0.2717730403,0.009420384653,-0.4334545732,0,1.561705589,0.3281127214,28.87739754
0.1649843156,0.3006044328,0.01174500678,0.001838344382,1,-0.3513790965,0.0118880067,-0.3781742454,0,1.84799242,0.5293297172,8.895835876
0.1649843156,0.3054480255,0.01549797133,0.0001538863144,1,-0.4377990961,0.01549873501,0.3299784064,0,2.29105711,-0.06889769435,0.5688968897
0.1649843156,0.3102915883,0.02072140574,0.003770331852,1,0.08778238297,0.02106162533,0.8468783498,0,3.346714973,-0.7570263743,10.31235027
0.1649843156,0.315135181,0.03213322535,0.007922523655,1,-0.3906501532,0.03309547529,1.371845007,0,3.436153412,-0.8485355973,13.85017967
0.1649843156,0.3199787438,0.03547253832,0.01452491712,1,-4.344083786,0.03833111376,0.2491768599,124.1545486,0.1712486744,0.1052684262,22.26759529
0.1649843156,0.3248223364,0.0119217746,0.008619555272,1,-8.337686539,0.01471140515,1.204558492,236.3091431,0.18029356,1.524185061,35.86728287
0.1649843156,0.3296658993,-0.004038431216,0.01297678147,1,-6.935595512,0.01359065063,2.158931255,187.4155731,-0.8052518368,-1.839982152,107.2863693
0.1649843156,0.3345094621,-0.02557150647,0.02798854373,1,-6.214535713,0.03791121766,3.335513353,148.2523804,0.8471052647,0.1596670151,132.416153
0.1649843156,0.3393530548,-0.03003599867,0.02835923992,1,-1.725488663,0.04130868614,0.3883343935,0,2.490225315,1.627194524,136.6447449
0.1649843156,0.3441966176,-0.02186744474,0.02198802866,1,0.3651274443,0.0310106203,0.7620171309,0,2.539821148,2.318531513,134.8424683
0.1649843156,0.3490402102,-0.01596565545,0.02082014084,1,1.155243635,0.02623700537,1.172099829,0,1.281703472,1.654340267,127.4823227
0.1698278934,0.237637952,0.01607377827,0.01088548265,1,-0.2468673587,0.01941288449,-0.1680115461,0,1.681295276,1.666535258,34.10663986
0.1698278934,0.2424815297,0.0195476599,0.006442597602,1,0.1591695547,0.02058198489,-0.875990212,0,1.060656309,0.1142141819,18.24139786
0.1698278934,0.2473251075,0.02198209986,0.006089350674,1,-0.3289275765,0.02280993015,-0.4920008779,0,0.9694280028,-0.9806964993,15.48347855
0.1698278934,0.2521686852,0.02264997363,0.008809632622,1,-1.106433868,0.02430289984,0.1717004776,14.88204193,0.9617103934,-1.54402566,21.25338364
0.1698278934,0.257012248,0.0212811213,0.0143995909,1,-2.032864571,0.02569502592,0.984817028,47.4117012,0.6511871219,-2.538001299,34.0837326
0.1698278934,0.2618558407,0.01595771126,0.02587267756,1,-4.04319191,0.0303980913,1.329238415,109.1477966,0.2576087713,-3.047816277,58.33460999
0.1698278934,0.2666994035,0.002945354674,0.03560019657,1,-2.625478983,0.03572183102,0.3187185824,32.94138718,-2.338699102,0.01353079081,85.27045441
0.1698278934,0.2715429962,-0.00808667019,0.02735087834,1,-3.266381979,0.02852130309,-0.5984495878,90.42685699,0.5906515121,3.120115757,106.4710541
0.1698278934,0.276386559,-0.01001475379,0.01758903638,1,-0.6205815673,0.02024029382,-0.5826997161,0,2.105218887,2.455813885,119.6560898
0.1698278934,0.2812301517,-0.000895713747,0.0126336012,1,0.4718443155,0.0126653146,-0.5083675385,0,2.284494638,1.121088505,94.05543518
0.1698278934,0.2860737145,0.003335788148,0.009696639143,1,-0.1554627419,0.01025437936,-0.2221111059,0,1.465388775,0.4489960074,71.01602173
0.1698278934,0.2909172773,0.005448995158,0.009383051656,1,-0.2846173942,0.01085049286,-0.1285698116,0,1.269554615,0.08953135461,59.85509109
0.1698278934,0.29576087,0.008106407709,0.00864024926,1,-0.1331246495,0.01184768975,-0.2354094386,0,1.399924994,0.1528191268,46.82582855
0.1698278934,0.3006044328,0.01158484165,0.007502636407,1,-0.1380744576,0.01380210556,-0.2554752827,0,1.659904242,0.06977818906,32.92811584
0.1698278934,0.3054480255,0.01547750831,0.007064858917,1,-0.1930633783,0.01701368578,-0.04160957783,0,1.920789838,-0.2899245322,24.53478622
0.1698278934,0.3102915883,0.01995321922,0.008705369197,1,0.5337242484,0.02176957577,0.2743127942,0,2.30304122,-1.100189209,23.57110977
0.1698278934,0.315135181,0.02921760269,0.01372236665,1,-0.1832748055,0.03227958456,-0.159688592,0,1.431425571,-2.710422039,25.15760994
0.1698278934,0.3199787438,0.02599873394,0.02106004395,1,-1.471723199,0.03345832601,1.02178359,30.34527588,-0.007257938385,-4.769680977,39.00889587
0.1698278934,0.3248223364,0.02205404267,0.04177377746,1,-5.037381172,0.04723800719,1.313652277,133.0211029,-1.446300387,-1.547390461,62.16864014
0.1698278934,0.3296658993,-0.005405481439,0.03491772711,1,-6.572433472,0.03533365205,0.1737078279,176.7523804,-2.259338379,0.558227241,98.79988861
0.1698278934,0.3345094621,-0.02072319947,0.03991133347,1,-3.355561733,0.04497071728,1.559010625,78.97190094,-1.109567523,1.538531184,117.4397354
0.1698278934,0.3393530548,-0.02703268267,0.03501692042,1,-0.9072322845,0.04423743486,0.2896213531,22.39173698,0.3582393229,2.769191504,127.6677475
0.1698278934,0.3441966176,-0.02338228934,0.02790134214,1,1.778081894,0.0364035219,-0.7577508688,0,2.218028784,3.494566917,129.9641724
0.1698278934,0.3490402102,-0.007677210961,0.01442048792,1,4.646858215,0.01633676887,-0.6905066967,0,1.838030219,4.875962257,118.0300446
0.1746714562,0.237637952,0.01321869157,0.00872226432,1,1.779020309,0.01583703607,-1.483328819,0,-0.7448291183,-0.931568265,33.41855621
0.1746714562,0.2424815297,0.01572328433,0.007386016659,1,0.3304965794,0.01737166941,-0.782884717,0,0.510012269,-0.9379069805,25.16180038
0.1746714562,0.2473251075,0.01728976145,0.009473126382,1,-0.3062788844,0.0197148677,-0.1485148668,0,0.8746270537,-1.394953132,28.71850395
0.1746714562,0.2521686852,0.01847612299,0.01342323702,1,-0.7732015848,0.02283747867,0.1472569108,0,0.8122825623,-1.704199791,35.99908447
0.1746714562,0.257012248,0.01747905277,0.01844078675,1,-0.8380849361,0.02540826425,0.4392277598,20.38320541,0.05729714036,-2.0739398,46.53369522
0.1746714562,0.2618558407,0.01469431631,0.02559595928,1,-0.790032804,0.02951399796,0.6619660258,0,-1.859402418,-1.818336725,60.14041138
0.1746714562,0.2666994035,0.004646307323,0.03045432642,1,-0.3231754303,0.03080672398,0.5717790723,0,-3.017382145,0.2120030075,81.3254776
0.1746714562,0.2715429962,-0.001485933899,0.02733856253,1,-0.2866959274,0.02737891488,0.1088809967,0,-1.284829259,2.262919426,93.11113739
0.1746714562,0.276386559,-0.002965497086,0.02002107352,1,0.03508174419,0.02023950405,0.09557211399,0,0.6339213848,2.461095333,98.42531586
0.1746714562,0.2812301517,0.001754435012,0.01588096656,1,0.2412596941,0.01597758196,-0.2673211098,0,1.191762924,1.075956225,83.69586945
0.1746714562,0.2860737145,0.003975459374,0.01351480559,1,-0.2019879222,0.01408737898,-0.1988402009,0,0.93566221,0.3846499324,73.60844421
0.1746714562,0.2909172773,0.005308032501,0.01305479556,1,-0.1884042919,0.01409265399,-0.1907861531,0,0.9881265163,0.1271440089,67.8735199
0.1746714562,0.29576087,0.00784897618,0.01197488606,1,0.008736491203,0.01431797259,-0.3930747509,0,1.134537697,0.1246861219,56.75703812
0.1746714562,0.3006044328,0.01084556989,0.01054698043,1,0.1354815364,0.01512829121,-0.3788038194,0,1.112188339,-0.05210259557,44.20033646
0.1746714562,0.3054480255,0.01389216259,0.01039248332,1,0.03572070599,0.01734923385,-0.2450197488,0,1.177358866,-0.6152343154,36.79951477
0.1746714562,0.3102915883,0.0167212151,0.01234014332,1,-0.2283024192,0.02078167908,-0.2066643834,0,1.124227047,-1.311416864,36.42707825
0.1746714562,0.315135181,0.01823164336,0.01574343815,1,-0.443991065,0.02408835106,-0.5996612906,0,0.5674778223,-2.515190363,40.81135178
0.1746714562,0.3199787438,0.01731933281,0.02161815763,1,-1.015781403,0.02770025283,-0.2310118675,24.09520721,-0.5206853747,-2.351297855,51.30012512
0.1746714562,0.3248223364,0.01078964677,0.02601320855,1,-0.3269433975,0.02816209383,-0.03782463074,0,-3.350624323,-2.566823483,67.47251892
0.1746714562,0.3296658993,-0.0004932522424,0.03386756033,1,-1.656006336,0.03387115151,2.179742336,0,-2.753555775,-0.4740824103,90.83440399
0.1746714562,0.3345094621,-0.01056834497,0.03886717558,1,-0.6465690136,0.04027837142,1.886695623,0,-2.393987179,1.758468032,105.2114868
0.1746714562,0.3393530548,-0.01522042323,0.03448864073,1,0.7929714322,0.03769784421,0.4631788731,14.69196033,-0.388959825,3.50808382,113.8126831
0.1746714562,0.3441966176,-0.008611483499,0.02411894128,1,2.371997118,0.02561017312,-1.349606395,29.36671066,1.65959239,4.281201363,109.6487198
0.1746714562,0.3490402102,0.00430689333,0.007215384394,1,2.327157021,0.0084030414,-3.405829191,0,3.007055759,3.573930502,59.16684723
0.179515034,0.237637952,0.004377054516,-0.001338959322,1,2.217863798,0.004577272106,0.9727242589,0,0.6047728062,-2.599450827,-17.00909042
0.179515034,0.2424815297,0.01121288445,0.007312094327,1,1.003983974,0.01338639203,0.6794077754,0,1.087269664,-2.035137415,33.10898972
0.179515034,0.2473251075,0.01450620405,0.01180915162,1,0.1070244312,0.01870523952,0.5061674118,0,0.6973246336,-1.388494372,39.1482048
0.179515034,0.2521686852,0.01510881167,0.01648903638,1,-0.286375314,0.02236435749,0.07541519403,7.782074928,0.05040771514,-1.354787111,47.50114441
0.179515034,0.257012248,0.01336327847,0.01873643696,1,-0.2595363855,0.02301371843,-0.2801496685,0,-0.7215695977,-1.148118377,54.5026207
0.179515034,0.2618558407,0.01035674848,0.0206931103,1,0.2896225452,0.02314016037,-0.2612442374,0,-1.656715274,-1.04871583,63.4123764
0.179515034,0.2666994035,0.006741658319,0.02255061641,1,0.6923491955,0.02353678457,0.4435703754,0,-2.128361464,0.06714636087,73.35561371
0.179515034,0.2715429962,0.00340131158,0.02251634933,1,0.5502245426,0.0227718018,0.5115682483,0,-1.453072309,0.9370921254,81.40986633
0.179515034,0.276386559,0.002368645044,0.02048955858,1,0.1385705769,0.0206260141,0.2057827711,0,-0.2170960605,1.29566288,83.4057312
0.179515034,0.2812301517,0.003020967357,0.01723743044,1,0.06786698848,0.01750014909,-0.272754699,0,0.3176178038,0.8178918362,80.05950928
0.179515034,0.2860737145,0.004235770553,0.01520692743,1,-0.04208050668,0.01578582823,-0.1875364929,0,0.4797278643,0.2575426102,74.4352417
0.179515034,0.2909172773,0.005140739959,0.01508166175,1,-0.02802705765,0.01593372971,-0.2116971612,0,0.5587665439,0.01825284213,71.17779541
0.179515034,0.29576087,0.006806448568,0.01409314666,1,0.1252768338,0.0156507045,-0.573032558,0,0.7742599249,0.01501971483,64.22124481
0.179515034,0.3006044328,0.009497716092,0.01223338488,1,0.07344007492,0.01548748929,-0.4976331294,0,0.8565251231,-0.1882165372,52.1750679
0.179515034,0.3054480255,0.01131080743,0.0125944633,1,-0.1662516296,0.01692793146,-0.2613149285,0,0.8068050146,-0.8854519725,48.07369232
0.179515034,0.3102915883,0.01260028593,0.0152564412,1,-0.1812846661,0.01978702098,-0.1596604586,0,0.7634560466,-1.403993607,50.44672012
0.179515034,0.315135181,0.0141305998,0.01862148754,1,-0.3339822888,0.02337592095,-0.01266771555,0,0.5179060698,-1.705968857,52.80757141
0.179515034,0.3199787438,0.01349113509,0.02345807664,1,-0.7006423473,0.02706089616,0.01755350828,18.53820229,-0.2681360245,-1.738767862,60.09606934
0.179515034,0.3248223364,0.009438246489,0.02712836675,1,-1.054789186,0.0287233144,0.2307756543,0,-1.140929103,-1.037623882,70.81667328
0.179515034,0.3296658993,0.002856002655,0.02960166894,1,-0.4163034558,0.0297391247,0.9144258499,0,-2.16564703,0.02268087864,84.4890976
0.179515034,0.3345094621,-0.00306759309,0.0314475894,1,0.4007058144,0.0315968506,1.226933956,0,-2.600235939,1.290836334,95.57135773
0.179515034,0.3393530548,-0.007797592785,0.02929215319,1,0.496006906,0.03031225316,0.59462291,0,-1.758567333,2.039180994,104.9064941
0.179515034,0.3441966176,-0.009182902984,0.02445076033,1,0.1884558201,0.02611829713,-1.231156349,0,0.004498966038,1.159334421,110.5845261
0.179515034,0.3490402102,-0.006863001268,0.01771362498,1,-1.254221678,0.01899666525,-3.451599121,0,2.212147713,-0.6697238684,111.1784592
0.1843586117,0.237637952,0.005339515395,0.0009091332904,1,-0.7622361183,0.005416359287,2.720689774,0,2.338420868,-0.1203020811,9.662809372
0.1843586117,0.2424815297,0.009156702086,0.007789416239,1,0.4418651462,0.01202165522,1.110403895,0,1.143043041,-1.248009443,40.38711929
0.1843586117,0.2473251075,0.01301614195,0.01233229134,1,0.4063552022,0.01793057099,0.2723487616,5.293561935,0.2383508235,-1.227586985,43.45464706
0.1843586117,0.2521686852,0.0122793857,0.01505447179,1,0.1198626757,0.01942731068,-0.2167499661,0,-0.6267235875,-1.015871525,50.79712677
0.1843586117,0.257012248,0.01056112535,0.01620289311,1,0.07867354155,0.01934091933,-0.4170967937,0,-0.8900494576,-0.6471435428,56.90349579
0.1843586117,0.2618558407,0.008349423297,0.01616872102,1,0.390822649,0.01819726452,-0.09439846873,0,-1.10127306,-0.2160239518,62.6884613
0.1843586117,0.2666994035,0.007120003458,0.01679199561,1,0.5766990185,0.01823912188,0.3633591533,0,-1.158636212,0.06054215133,67.02249146
0.1843586117,0.2715429962,0.00553076528,0.01763543859,1,0.423492223,0.01848237216,0.5134435296,0,-1.004288435,0.2024381161,72.58771515
0.1843586117,0.276386559,0.00430687191,0.01829837449,1,0.237939328,0.01879839599,0.2223931402,0,-0.4724594653,0.3348687887,76.75540924
0.1843586117,0.2812301517,0.004394848831,0.017090654,1,0.06584768742,0.01764667593,-0.06415764987,0,-0.06426464766,0.4016445875,75.57888794
0.1843586117,0.2860737145,0.004314539488,0.01604222506,1,-0.08919215202,0.01661229134,-0.1120199487,0,0.08428275585,0.1344263256,74.94657135
0.1843586117,0.2909172773,0.004371069837,0.01589697599,1,-0.04144929349,0.01648696885,-0.2003064603,0,0.2131525427,-0.009550973773,74.62576294
0.1843586117,0.29576087,0.005146197509,0.01511828601,1,0.1124243587,0.01597015746,-0.3815079331,0,0.5384444594,-0.06003843248,71.20166016
0.1843586117,0.3006044328,0.007523603737,0.01433991361,1,-0.09836757183,0.01619375683,-0.3766070604,0,0.7572835088,-0.3739793897,62.31572342
0.1843586117,0.3054480255,0.00833770819,0.01510555856,1,-0.3367596865,0.01725384779,-0.1810813248,0,0.6720348597,-0.7129515409,61.10293198
0.1843586117,0.3102915883,0.009147535078,0.01691606827,1,-0.1286922544,0.01923098415,-0.08706486225,0,0.4527472854,-1.070649147,61.59724045
0.1843586117,0.315135181,0.009907294065,0.01986962557,1,-0.1314567626,0.02220262401,-0.09384608269,0,0.09738322347,-1.497140884,63.49846649
0.1843586117,0.3199787438,0.008982497267,0.02371303551,1,-0.1730671674,0.02535731345,-0.230086565,0,-0.4516115189,-1.412344456,69.25331116
0.1843586117,0.3248223364,0.006881614216,0.02559598349,1,-0.08875498176,0.02650492266,-0.3795562387,0,-0.9304916859,-0.7267052531,74.95157623
0.1843586117,0.3296658993,0.004045696929,0.02539447881,1,0.2598942518,0.02571472712,0.08177655935,0,-1.344827533,0.3427627087,80.94805145
0.1843586117,0.3345094621,0.001626671641,0.02433188073,1,0.3865422606,0.02438619547,0.4483638406,0,-1.730401516,0.8253669739,86.17527008
0.1843586117,0.3393530548,-0.002463390119,0.02356843464,1,-0.2882628441,0.02369682118,0.450838834,0,-1.897317886,0.6787589788,95.96692657
0.1843586117,0.3441966176,-0.008959358558,0.02322793193,1,-0.8939560056,0.02489592135,0.4889028668,0,-1.829581499,0.3987670541,111.0923691
0.1843586117,0.3490402102,-0.01565505564,0.02400501445,1,-0.6966055036,0.02865870669,0.4079681039,0,-2.068159342,0.08709779382,123.1106873
0.1892021894,0.237637952,0.01697223447,0.01367931347,1,-4.007415771,0.02179863118,1.255574465,0,1.354066014,2.482357264,38.86818695
0.1892021894,0.2424815297,0.01054638159,0.01070830412,1,-1.5111835,0.01502976846,-0.007271826267,43.27355957,0.04681122303,0.5468441844,45.43648148
0.1892021894,0.2473251075,0.00987943355,0.01099540945,1,0.4535430968,0.01478182152,-0.5531078577,0,-0.744210124,-1.000005603,48.06013489
0.1892021894,0.2521686852,0.009138513356,0.01287288778,1,0.2308377028,0.01578681916,-0.4399292767,0,-0.5758075714,-1.069411755,54.62891006
0.1892021894,0.257012248,0.008208547719,0.01404435188,1,-0.04894600064,0.01626726985,-0.3810096979,0,-0.009960865602,-0.5034689307,59.69485474
0.1892021894,0.2618558407,0.008853193372,0.0134660285,1,-0.6124069095,0.01611561142,-0.06867334247,0,0.7334557176,-0.08953262866,56.67721939
0.1892021894,0.2666994035,0.008794857189,0.01414538547,1,-0.9981874228,0.01665657386,0.2070503533,22.32466507,0.5884792805,-0.2336888015,58.12882233
0.1892021894,0.2715429962,0.006868740078,0.01560078282,1,-0.8821731806,0.01704593748,0.1244943887,24.81183815,0.1126860678,-0.4749181867,66.23698425
0.1892021894,0.276386559,0.005067786667,0.01704868674,1,-0.362729907,0.01778595522,-0.1373230219,9.232275009,-0.09419026971,-0.3451112509,73.44521332
0.1892021894,0.2812301517,0.004655611701,0.01660722122,1,-0.02325149253,0.01724744961,-0.2604635358,0,-0.1261193156,-0.05369073898,74.33987427
0.1892021894,0.2860737145,0.004344297573,0.01604716666,1,0.09323970973,0.01662481576,-0.09003940225,0,-0.2029384226,-0.02967564017,74.85195923
0.1892021894,0.2909172773,0.004124279134,0.01631484553,1,0.04928897694,0.0168280676,-0.09290668368,0,0.01749780402,-0.1155018806,75.81324005
0.1892021894,0.29576087,0.004667784553,0.01615660824,1,-0.1274073571,0.01681737788,-0.115716055,0,0.486215055,-0.1287130266,73.88552856
0.1892021894,0.3006044328,0.005862192251,0.01637779735,1,-0.3054195046,0.01739533246,-0.002509921789,0,0.7828982472,-0.2758677006,70.30591583
0.1892021894,0.3054480255,0.006980489939,0.01748063788,1,-0.5379897356,0.01882285625,0.04211530089,0,0.771415472,-0.3078102469,68.23184204
0.1892021894,0.3102915883,0.006992808077,0.01807268895,1,-0.4569347501,0.01937837526,0.1091128811,8.093998909,0.3421519995,-0.3552657366,68.84721375
0.1892021894,0.315135181,0.006424530875,0.01972989179,1,0.06539717317,0.02074953541,0.1625744998,0,-0.3661904037,-0.670742631,71.96349335
0.1892021894,0.3199787438,0.005535892677,0.02210892551,1,0.5428766012,0.02279146016,0.06396105886,0,-1.026929498,-0.6217836142,75.94263458
0.1892021894,0.3248223364,0.004079983104,0.02305134945,1,0.6046042442,0.02340963483,-0.6312347651,0,-0.7333523035,-0.5734570026,79.96286011
0.1892021894,0.3296658993,0.004912291653,0.02182907425,1,0.1428496838,0.02237496525,-1.043999672,0,-0.3448005617,-0.660533607,77.31774139
0.1892021894,0.3345094621,0.00310182129,0.02119400725,1,-1.087362289,0.02141978592,-1.070262671,0,-0.4071094394,-1.002027035,81.67366791
0.1892021894,0.3393530548,-0.002326298039,0.02149857022,1,-1.073423743,0.02162406407,-1.078328848,0,-0.5751976967,-0.8150891662,96.17577362
0.1892021894,0.3441966176,-0.004883404821,0.01991898566,1,0.7031856179,0.02050886676,-0.5483260155,0,-1.144762754,1.60466361,103.7751312
0.1892021894,0.3490402102,-0.004465111066,0.01107039768,1,1.527503371,0.01193695609,-0.6367790699,0,-1.354782939,3.01695013,111.9660873
0.1940457672,0.237637952,0.02344447933,0.02687788568,1,-5.135230541,0.03566601127,-1.046737909,0,0.314696312,3.719243765,48.90313721
0.1940457672,0.2424815297,0.01177016273,0.01533568464,1,-2.808432817,0.01933183707,-1.847750187,0,-0.8977044225,2.353071213,52.49370575
0.1940457672,0.2473251075,0.005493516102,0.006530880928,1,0.2196382284,0.008534115739,-1.337864041,0,-1.623845577,-0.4731598198,49.93078995
0.1940457672,0.2521686852,0.004968775436,0.01114742272,1,0.4371251762,0.01220466103,0.157051146,0,-0.2753502429,-1.878810644,65.97588348
0.1940457672,0.257012248,0.006277084351,0.01639172062,1,-0.2147557735,0.01755250059,0.7925094366,0,0.7545148134,-1.590045333,69.0460434
0.1940457672,0.2618558407,0.007583140396,0.02268751152,1,-1.830162883,0.02392126992,0.5724397898,0,1.977552533,-1.096867323,71.51815796
0.1940457672,0.2666994035,0.006990978029,0.02447713912,1,-2.520160675,0.02545592561,-0.396520257,0,1.746005535,-0.348333776,74.05999756
0.1940457672,0.2715429962,0.003833460389,0.02245411649,1,-1.933228135,0.02277899906,-1.130221486,0,0.8966361284,-0.1230998039,80.31163025
0.1940457672,0.276386559,0.001970164012,0.01959906705,1,-0.6256741881,0.01969784312,-1.244633198,0,0.4274235666,-0.03443056345,84.25971985
0.1940457672,0.2812301517,0.002873218153,0.01659240574,1,0.1852099299,0.01683933847,-0.883251071,0,0.1790923476,0.1472688615,80.1758194
0.1940457672,0.2860737145,0.00373469037,0.01460766327,1,0.3476166725,0.01507752389,-0.213543579,0,-0.2467800379,-0.03817416728,75.65859222
0.1940457672,0.2909172773,0.003361626761,0.01574299298,1,0.1415586919,0.01609789953,0.2020661086,0,-0.09456947446,-0.5169789195,77.94655609
0.1940457672,0.29576087,0.003962286282,0.01809041388,1,-0.1088016033,0.0185192544,0.2536633015,0,0.6897013783,-0.5449761748,77.64577484
0.1940457672,0.3006044328,0.00617526006,0.01961126551,1,-0.3487534225,0.02056053467,0.4112132192,0,0.9864034653,-0.2819419503,72.52165222
0.1940457672,0.3054480255,0.007050794084,0.02144776471,1,-0.6352989078,0.02257698588,0.1358344853,0,1.002798796,-0.1068046466,71.80210876
0.1940457672,0.3102915883,0.007955274545,0.02078650706,1,-0.5195011497,0.02225680277,-0.1799944639,0,0.6010829806,0.5774140954,69.05747986
0.1940457672,0.315135181,0.007445942145,0.01777919754,1,0.2298666686,0.01927542314,-0.2719195187,0,-0.5756099224,0.6936784983,67.27602386
0.1940457672,0.3199787438,0.00628064014,0.01610955782,1,0.5780220032,0.01729058474,0.2917042375,0,-1.899224281,0.01581530273,68.70066071
0.1940457672,0.3248223364,0.001046596095,0.01911548711,1,-0.2703847289,0.01914411597,0.08838248253,0,-1.895572662,-1.340922356,86.86611176
0.1940457672,0.3296658993,-0.004210342653,0.02303250693,1,-1.224726439,0.02341416851,-1.00483489,0,-0.7278075814,-2.762064219,100.3592834
0.1940457672,0.3345094621,-0.00841062516,0.02762673795,1,-2.094466686,0.02887862921,-2.07241106,0,0.5617228746,-2.681283951,106.9322357
0.1940457672,0.3393530548,-0.01163430698,0.02598163113,1,-0.4540446997,0.02846756391,-3.299782276,0,1.397091389,-0.5436611176,114.122345
0.1940457672,0.3441966176,-0.003842905164,0.01427725051,1,1.939812422,0.01478539128,-1.430367708,0,-0.3897609115,1.860008717,105.0648651
0.1940457672,0.3490402102,-0.00412651198,0.0100444369,1,0.1532658041,0.01085904241,-0.8039927483,0,-0.2703717649,0.9438064098,112.3341141
