PIVlab, ASCII chart output - 13-Mar-2024
FRAME: 10, filenames: A:[10]2 vortices tapados mismo sentido clase 4.mp4 & B:[11]2 vortices tapados mismo sentido clase 4.mp4, conversion factor xy (px -> m): 0.00030272, conversion factor uv (px/frame -> m/s): 0.0090842
x [m],y [m],u [m/s],v [m/s],Vector type [-],vorticity [1/s],magnitude [m/s],divergence [1/s],dcev [1],simple shear [1/s],simple strain [1/s],vector direction [degrees]
0.1262357086,0.237637952,0.01369437668,0.002532582963,1,0.829262495,0.01392659079,-2.982818842,0,-3.226476908,0.6383367777,10.47767067
0.1262357086,0.2424815297,0.007888829336,-0.006237091497,1,-0.4988369346,0.01005658694,-1.104527354,0,-0.9867997766,1.534721375,-38.33071518
0.1262357086,0.2473251075,0.006498579867,-0.01025082357,1,-0.5431185365,0.01213717181,0.3569661975,0,0.5886710286,1.15359807,-57.62706375
0.1262357086,0.2521686852,0.008109466173,-0.01009564009,1,-0.005021929741,0.01294933911,0.4267953038,0,0.5492534637,0.5965440869,-51.22633362
0.1262357086,0.257012248,0.009134603664,-0.01107301377,1,-0.3879242241,0.01435453258,0.4159050584,0,0.6877601147,0.4740028381,-50.47931671
0.1262357086,0.2618558407,0.009561744519,-0.01037704106,1,-0.4511843622,0.01411063131,0.5686708093,0,0.2934137285,0.1392482668,-47.34151459
0.1262357086,0.2666994035,0.008370429277,-0.008993072435,1,-0.3495411873,0.01228574198,0.6763055325,0,-0.4486298561,0.1385802925,-47.05370331
0.1262357086,0.2715429962,0.005695741158,-0.007772527169,1,-0.01470038295,0.009636059403,0.8129501343,0,-0.7562779188,0.5277671814,-53.76588058
0.1262357086,0.276386559,0.004636135884,-0.007611766458,1,0.1528440416,0.008912504651,0.7739064097,0,-0.4683722556,0.7302060723,-58.65546036
0.1262357086,0.2812301517,0.004167455714,-0.007560861297,1,0.2369958758,0.008633325808,0.8803957105,0,-0.2081011236,0.6651149392,-61.13697433
0.1262357086,0.2860737145,0.004776089918,-0.006569037214,1,0.4970968366,0.008121778257,0.6177313924,0,-0.04418037832,0.4126788974,-53.98056793
0.1262357086,0.2909172773,0.006361185107,-0.006567676552,1,0.34862867,0.009143251926,0.2458186746,0,-0.1455367804,0.3866454363,-45.91501236
0.1262357086,0.29576087,0.005759781227,-0.007251142524,1,-0.271874696,0.009260353632,0.3569837809,0,-0.3294663727,0.6484812498,-51.53892136
0.1262357086,0.3006044328,0.003448542906,-0.007979567163,1,-0.4857523441,0.008692867123,0.7040516734,0,-0.2162441462,1.099018574,-66.62737274
0.1262357086,0.3054480255,0.002359606558,-0.009164195508,1,-0.420707792,0.0094630979,0.9286206961,0,0.3216182888,1.317776084,-75.56105804
0.1262357086,0.3102915883,0.00296859513,-0.009864471853,1,-0.1460603476,0.01030147355,0.6961393356,0,0.6268991232,0.9920171499,-73.25145721
0.1262357086,0.315135181,0.004688586574,-0.01059730258,1,0.2653941214,0.01158816833,-0.05647370219,0,0.4077047408,0.3389669955,-66.13387299
0.1262357086,0.3199787438,0.006228801794,-0.01177981962,1,-0.04766511917,0.01332524419,-0.9456979036,0,-0.1480812877,-0.4111896455,-62.13150406
0.1262357086,0.3248223364,0.00374047365,-0.01318623498,1,-0.8321855664,0.01370649226,-0.7637344003,0,-0.9130906463,-0.4548440576,-74.16322327
0.1262357086,0.3296658993,-0.002224579221,-0.01327595394,1,-0.8735225201,0.01346104406,0.5838959217,0,-1.20467639,0.2905664444,-99.51235962
0.1262357086,0.3345094621,-0.006325413007,-0.01176547538,1,-0.4510326684,0.01335804164,1.17892313,0,-1.444444418,1.040434837,-118.2635803
0.1262357086,0.3393530548,-0.01140546985,-0.01260517538,1,0.2772601843,0.01699927077,0.8945307136,0,0.4184675217,2.139734983,-132.1395721
0.1262357086,0.3441966176,-0.002955601783,-0.01779671945,1,-0.2795327902,0.01804047637,-0.7367870808,0,2.248154163,-1.400558829,-99.42936707
0.1262357086,0.3490402102,-0.001870299573,-0.00939014554,1,0.8966494799,0.009574593976,-0.3592717648,0,-0.44851017,-3.830486059,-101.2645721
0.1310792714,0.237637952,0.008016553707,-0.007289531175,1,1.158712626,0.01083523873,-0.5351284146,0,-0.7812594771,-0.4817382693,-42.28055954
0.1310792714,0.2424815297,0.008930665441,-0.007418830879,1,0.2671857178,0.01161016058,0.2689400911,0,0.1746948063,0.3144323826,-39.71689606
0.1310792714,0.2473251075,0.01015683636,-0.007509876508,1,-0.1332761943,0.0126316892,0.4827507734,0,0.4754003584,0.7582651377,-36.47890091
0.1310792714,0.2521686852,0.01058777049,-0.008753306232,1,-0.09101698548,0.0137375854,0.3052504957,0,0.3249208331,0.503051877,-39.58181381
0.1310792714,0.257012248,0.01128976606,-0.008467941545,1,-0.1783777624,0.01411257777,0.3115150332,0,0.3205039501,0.2744517326,-36.87190247
0.1310792714,0.2618558407,0.01127616968,-0.008573787287,1,-0.2521803081,0.01416551508,0.1279685497,5.810024261,0.05689874291,0.2859306931,-37.24738693
0.1310792714,0.2666994035,0.01034390461,-0.009233043529,1,-0.1793016791,0.01386526041,0.1361714303,0,-0.3024711609,0.3415317535,-41.75232697
0.1310792714,0.2715429962,0.008942665532,-0.009568465874,1,-0.01266261935,0.01309682429,0.4136578739,0,-0.4137034118,0.3895379007,-46.93624115
0.1310792714,0.276386559,0.008278767578,-0.009116216563,1,0.03141374886,0.01231435779,0.4969671071,0,-0.2445456237,0.3050269783,-47.75626755
0.1310792714,0.2812301517,0.00791034475,-0.008638788946,1,-0.05157606676,0.01171333622,0.5129616261,0,-0.1563795358,0.2577114403,-47.52036285
0.1310792714,0.2860737145,0.007271518465,-0.007879892364,1,0.08716724068,0.01072229818,0.4346221685,0,-0.09077403694,0.2541038394,-47.29935837
0.1310792714,0.2909172773,0.007892875001,-0.007764437236,1,0.1881175637,0.01107176393,0.2683949769,0,0.002501703799,0.1673796922,-44.53001022
0.1310792714,0.29576087,0.008194797672,-0.007390616927,1,-0.03073275462,0.01103521325,0.3599253893,0,0.01469295844,0.2695872188,-42.0462532
0.1310792714,0.3006044328,0.007815185003,-0.00732687721,1,-0.1834620982,0.0107126208,0.5656114221,0,0.1019295603,0.5606207252,-43.15293884
0.1310792714,0.3054480255,0.007799888495,-0.007366443984,1,-0.2608872652,0.01072859485,0.5857789516,0,0.1043410599,0.7232095003,-43.36296844
0.1310792714,0.3102915883,0.007056941278,-0.007992533036,1,-0.3649703264,0.01066212915,0.3406743109,0,-0.1361396164,0.9365589619,-48.55736923
0.1310792714,0.315135181,0.005372723565,-0.01025265735,1,-0.3672297895,0.01157510839,-0.04504469037,0,-0.4821887314,0.7870824337,-62.34400558
0.1310792714,0.3199787438,0.002942716703,-0.01202300563,1,-0.3343387842,0.01237789355,-0.42401281,0,-0.6119412184,0.2221029699,-76.24682617
0.1310792714,0.3248223364,0.0007893428556,-0.01338216942,1,-0.08074237406,0.0134054292,-0.3454943299,0,-0.5488623381,0.07876449823,-86.62433624
0.1310792714,0.3296658993,-0.0001068224592,-0.0140779363,1,0.07157462835,0.01407834142,0.1456946731,0,-0.4308052063,0.3086185157,-90.43474579
0.1310792714,0.3345094621,-0.0009506130591,-0.01417130139,1,0.001270264387,0.01420314889,0.6715015173,0,-0.8168489933,0.296833396,-93.83766174
0.1310792714,0.3393530548,-0.004057141487,-0.01226320211,1,-0.6093809009,0.0129169086,0.9594430923,0,-0.8732365966,0.4441035986,-108.3062134
0.1310792714,0.3441966176,-0.00813178625,-0.01167521439,1,-1.562834501,0.01422802079,-0.6272953749,39.59316635,-0.08054476976,-0.5478858948,-124.8572083
0.1310792714,0.3490402102,-0.01201697718,-0.01264782809,1,-1.43004179,0.01744635589,-1.347238541,0,-0.1742181778,-0.9456301332,-133.5348816
0.1359228492,0.237637952,0.008769111708,-0.006863808259,1,0.06083801389,0.01113594137,0.4218256176,0,0.7424207926,0.3480245769,-38.05119705
0.1359228492,0.2424815297,0.01071443502,-0.006685077678,1,0.2260623127,0.01262891106,0.3964008391,0,0.5461800694,0.4870048463,-31.9613533
0.1359228492,0.2473251075,0.01250952762,-0.007302655838,1,0.09608884156,0.01448506396,0.1970301121,0,0.1743931919,0.4852340817,-30.2749939
0.1359228492,0.2521686852,0.0120245358,-0.008081016131,1,-0.07697673887,0.01448765956,0.1044792831,0,-0.0338408649,0.3840229511,-33.90283203
0.1359228492,0.257012248,0.01197277475,-0.008656645194,1,0.0729688704,0.01477446593,0.07919345796,0,-0.1675355732,0.2441497892,-35.8679657
0.1359228492,0.2618558407,0.01156649459,-0.008879994974,1,0.03196960688,0.01458211616,-0.01921827346,0,-0.2980036438,0.1734094322,-37.51468658
0.1359228492,0.2666994035,0.01068421826,-0.009589652531,1,-0.1204056665,0.01435666904,-0.081080392,0,-0.2884694338,0.0913131386,-41.90965652
0.1359228492,0.2715429962,0.009586076252,-0.009714996442,1,-0.2870740592,0.01364822313,0.03102993965,6.554336548,-0.1596138477,-0.1013634205,-45.38269424
0.1359228492,0.276386559,0.008520650677,-0.008948395029,1,-0.2691496313,0.01235618349,0.1053813919,6.503717899,-0.07890119404,-0.2345557809,-46.40265274
0.1359228492,0.2812301517,0.007900265045,-0.008068484254,1,-0.1762779206,0.01129223686,0.1051807553,2.979237795,0.09190474451,-0.2081179768,-45.60354614
0.1359228492,0.2860737145,0.008111982606,-0.00743090827,1,-0.1063995361,0.01100102998,0.1643558443,0,0.2244170606,0.04011583328,-42.49095917
0.1359228492,0.2909172773,0.008471890353,-0.007466719951,1,-0.1370107681,0.01129268948,0.1456435025,0,0.2808893919,0.06310361624,-41.39141464
0.1359228492,0.29576087,0.008808869869,-0.007031119894,1,-0.1927247196,0.01127088442,0.2028334141,0,0.281840086,0.02332407981,-38.59638977
0.1359228492,0.3006044328,0.008903527632,-0.006597252563,1,-0.2273391336,0.01108136028,0.2006687224,0,0.2048173994,0.2758335173,-36.53736115
0.1359228492,0.3054480255,0.008699784055,-0.007395186462,1,-0.04421817511,0.01141818892,0.1108731329,0,0.09612951428,0.5565894842,-40.36595154
0.1359228492,0.3102915883,0.009154964238,-0.00875611417,1,0.007611304522,0.01266818494,0.07465592027,0,-0.09372231364,0.8507202864,-43.7243309
0.1359228492,0.315135181,0.008282698691,-0.01115411427,1,-0.3154788613,0.01389306877,0.1517666876,0,-0.4905631542,1.05363977,-53.40357208
0.1359228492,0.3199787438,0.005250837188,-0.01312440634,1,-0.3342401981,0.014135818,0.2564508319,0,-0.8702722788,1.144119501,-68.19454956
0.1359228492,0.3248223364,0.002448549028,-0.01545360684,1,-0.118861258,0.01564638503,0.2666406035,0,-0.9701929092,0.8003080487,-80.99660492
0.1359228492,0.3296658993,-2.40813697e-05,-0.01570926607,1,0.07655006647,0.01570928469,-0.108405441,0,-0.9196822643,-0.05173499882,-90.08782959
0.1359228492,0.3345094621,-0.001635214547,-0.01572809368,1,-0.003725886345,0.01581287012,-0.2932783663,0,-0.9425191879,-0.6702903509,-95.93558502
0.1359228492,0.3393530548,-0.004607292823,-0.01388317905,1,-0.284660995,0.01462770719,0.08574602008,0,-1.163124204,-0.9694550037,-108.359024
0.1359228492,0.3441966176,-0.008647674695,-0.01061714534,1,-0.3295609355,0.01369328517,0.5349365473,0,-1.398227453,-1.648512006,-129.1628571
0.1359228492,0.3490402102,-0.01297597028,-0.003307475708,1,-1.692570329,0.01339086238,1.731852889,0,-0.09465491772,-1.286431432,-165.7002411
0.1407664269,0.237637952,0.01174538303,-0.003988231998,1,-0.3312096894,0.01240403205,0.07966279984,0,0.9357738495,0.8559830189,-18.75530052
0.1407664269,0.2424815297,0.01320950966,-0.005868315697,1,-0.1636514962,0.01445435174,0.1851518154,0,0.5179460049,0.8339225054,-23.9531517
0.1407664269,0.2473251075,0.01346143615,-0.007130603306,1,-0.1688966751,0.01523337606,-0.0008468925953,3.397797823,0.116117388,0.551649332,-27.91043854
0.1407664269,0.2521686852,0.01295386907,-0.008544374257,1,-0.1294504702,0.01551802363,0.09463179111,2.444022655,0.00443277508,0.6112424731,-33.40885544
0.1407664269,0.257012248,0.01285590418,-0.009632843547,1,0.006502911448,0.01606443152,0.03182213008,0,-0.1986878067,0.3678679466,-36.84397888
0.1407664269,0.2618558407,0.01202300657,-0.01017203834,1,0.04081863165,0.01574874669,-0.05320326984,0,-0.5492106676,0.03231821209,-40.2328186
0.1407664269,0.2666994035,0.01039346773,-0.01004707348,1,-0.1457496881,0.01445572078,-0.01190000772,0,-0.5605477691,-0.2639731765,-44.02913284
0.1407664269,0.2715429962,0.008601999842,-0.008951102383,1,-0.2986140251,0.01241437159,-0.05751121044,3.334717274,-0.267159164,-0.439943403,-46.13936615
0.1407664269,0.276386559,0.007653101347,-0.008194733411,1,-0.2705529928,0.01121265441,-0.1266587526,6.587537766,0.02481737733,-0.4593213201,-46.95743561
0.1407664269,0.2812301517,0.007411760278,-0.007339825388,1,-0.1480179131,0.01043107081,-0.02616938949,0,0.2737084031,-0.4219877124,-44.72060394
0.1407664269,0.2860737145,0.008261892945,-0.006277556531,1,-0.1287696213,0.0103762513,0.09251698107,0,0.436848104,-0.2377192378,-37.22831726
0.1407664269,0.2909172773,0.008903957903,-0.005740305409,1,-0.2973005772,0.0105939405,0.1236483231,0,0.5096056461,-0.12111523,-32.80952835
0.1407664269,0.29576087,0.00929020904,-0.005092025269,1,-0.3076083064,0.01059418265,0.07830622792,0,0.5593236089,-0.02628836222,-28.72744179
0.1407664269,0.3006044328,0.01012316067,-0.005233693402,1,-0.1308573335,0.01139604952,0.06042760611,0,0.4906299114,0.3896540403,-27.3390522
0.1407664269,0.3054480255,0.01103279553,-0.006686659064,1,-0.1208366007,0.0129009299,0.173422724,0,0.4131643176,0.8443435431,-31.21884537
0.1407664269,0.3102915883,0.01153907273,-0.008483350277,1,-0.2076663524,0.01432192139,0.191858381,0,0.2445002645,1.103174925,-36.32275772
0.1407664269,0.315135181,0.01121120341,-0.01110069174,1,-0.2758463621,0.01577708684,0.2826502919,0,-0.09837798029,1.549475908,-44.71621323
0.1407664269,0.3199787438,0.009726488031,-0.01461931877,1,-0.3451040387,0.01755930111,0.5277647972,0,-0.739633739,1.850127935,-56.36348343
0.1407664269,0.3248223364,0.00595719181,-0.01750566065,1,-0.6407997608,0.01849151962,0.4349890351,0,-1.549515605,1.319447994,-71.20651245
0.1407664269,0.3296658993,-0.000882475113,-0.01890326478,1,-0.1449128389,0.01892385259,-0.160895288,0,-2.244841576,0.08949041367,-92.6728363
0.1407664269,0.3345094621,-0.005617733113,-0.0187184196,1,0.0978833437,0.01954323798,-0.7825507522,0,-1.637030721,-1.274987936,-106.7054443
0.1407664269,0.3393530548,-0.00833745487,-0.01651810668,1,-0.151771307,0.01850300096,-0.7447742224,0,-1.480852962,-1.13024044,-116.782196
0.1407664269,0.3441966176,-0.01352547575,-0.01685138419,1,0.4776193798,0.02160804532,0.4816947579,0,-0.791868329,-1.915274382,-128.7516785
0.1407664269,0.3490402102,-0.009859544225,-0.004908200353,1,1.022571921,0.01101367548,3.547416687,0,0.4911521971,-1.384122968,-153.5353241
0.1456100047,0.237637952,0.0133009851,-0.0007270753849,1,0.258534193,0.01332084276,-1.001079202,0,0.7115816474,0.09589162469,-3.12886095
0.1456100047,0.2424815297,0.01565040089,-0.003383707022,1,-0.3328531981,0.0160120111,-0.05921348929,0,0.7202521563,1.013359904,-12.19989681
0.1456100047,0.2473251075,0.01517738216,-0.005922168028,1,-0.3442266583,0.0162918698,0.06040194631,4.286178112,0.3015086055,0.8963202834,-21.31557655
0.1456100047,0.2521686852,0.01544349268,-0.007432542276,1,-0.3225278258,0.01713896543,0.1323320866,7.97377491,0.06059761345,0.9020812511,-25.70027733
0.1456100047,0.257012248,0.01390870474,-0.009650502354,1,-0.286252737,0.01692879945,-0.1273856759,0,-0.5350732803,0.7614831924,-34.75469971
0.1456100047,0.2618558407,0.0114653362,-0.0117378477,1,0.01668047905,0.01640826091,-0.1876989156,0,-0.9582777619,0.2145361751,-45.67288208
0.1456100047,0.2666994035,0.009348005056,-0.01159875933,1,-0.03558340669,0.01489685941,-0.1258569509,0,-0.8498612642,-0.5749475956,-51.1329689
0.1456100047,0.2715429962,0.007176616229,-0.009562642314,1,-0.1578781456,0.01195608359,-0.1526983678,0,-0.5989166498,-0.9952602386,-53.11233902
0.1456100047,0.276386559,0.005682410672,-0.007517745718,1,-0.2405374199,0.009423709475,-0.2095711827,2.845448971,-0.05821590126,-0.9397797585,-52.91559601
0.1456100047,0.2812301517,0.005729581229,-0.006025820039,1,-0.1234378815,0.008314962499,-0.1079302132,0,0.479842484,-0.6914763451,-46.44356155
0.1456100047,0.2860737145,0.00740868412,-0.00469129486,1,-0.08751934767,0.008769084699,-0.0265416503,0,0.6562284827,-0.5359627008,-32.34263611
0.1456100047,0.2909172773,0.008484159596,-0.003558407072,1,-0.2691797614,0.009200175293,-0.006336078048,0,0.6102785468,-0.3901901245,-22.75403976
0.1456100047,0.29576087,0.009060822427,-0.002832067898,1,-0.1548808217,0.009493108839,-0.05529666692,0,0.6915447712,-0.04938703775,-17.35725594
0.1456100047,0.3006044328,0.01108353306,-0.003587030806,1,0.0885874033,0.01164952759,-0.07215049863,0,0.8546392918,0.3359452486,-17.9334507
0.1456100047,0.3054480255,0.01362941414,-0.004808711354,1,-0.008195787668,0.01445284206,0.05766922235,0,0.9050587416,0.6727061272,-19.43379211
0.1456100047,0.3102915883,0.01542755868,-0.00656600995,1,-0.1551975906,0.01676669531,0.2053889036,0,0.883446455,1.337985754,-23.05473137
0.1456100047,0.315135181,0.01715674438,-0.0102945324,1,-0.08757559955,0.02000828087,0.5793644786,0,0.3643930554,2.327933788,-30.96494865
0.1456100047,0.3199787438,0.01676834561,-0.01503534149,1,-0.2841035426,0.02252196521,1.021413088,0,-0.9980980158,2.995266199,-41.8809967
0.1456100047,0.3248223364,0.01094630174,-0.01985504292,1,-1.459663391,0.0226725433,0.4048646688,0,-2.078688383,2.643930912,-61.13157272
0.1456100047,0.3296658993,-0.0003699364024,-0.02588043362,1,-1.075639129,0.02588307671,-0.6369996071,0,-3.579480648,0.2458716035,-90.81892395
0.1456100047,0.3345094621,-0.01160106342,-0.02413128503,1,-0.5554420948,0.02677505463,-0.5814707875,0,-2.194412708,-1.729329824,-115.6758118
0.1456100047,0.3393530548,-0.01368907187,-0.02032068931,1,0.06333208084,0.02450145036,-0.7546895146,0,-0.8871581554,-2.275316954,-123.9662552
0.1456100047,0.3441966176,-0.01559132896,-0.01676600799,1,0.8294438124,0.02289516479,1.434679031,0,1.481076121,-1.546431541,-132.9208984
0.1456100047,0.3490402102,-0.002497889102,-0.005881448276,1,2.852621794,0.006389904767,3.264242887,0,2.553877592,-1.230172992,-113.0112457
0.1504535824,0.237637952,0.007361036725,-0.001793861389,1,3.110226631,0.007576463278,-0.9490785003,0,1.213005304,-1.372874141,-13.69584179
0.1504535824,0.2424815297,0.01783099212,-0.0007675178931,1,0.5999727845,0.0178475026,0.2404244542,0,1.61623168,0.6965073347,-2.464720249
0.1504535824,0.2473251075,0.0180953946,-0.004002934322,1,-0.5587315559,0.0185328573,0.107503593,0,0.5862190723,1.329979777,-12.47368526
0.1504535824,0.2521686852,0.01796413027,-0.006688676309,1,-0.6091566086,0.0191689413,0.001500368118,16.27202988,0.161513716,1.412668228,-20.42206573
0.1504535824,0.257012248,0.01592720486,-0.01083802525,1,-0.6190626025,0.0192649588,-0.2973763347,0,-0.5806983113,1.396753192,-34.23421097
0.1504535824,0.2618558407,0.01215299498,-0.01489432435,1,-0.2382153273,0.01922332309,-0.1191356629,0,-1.605078816,0.5318430662,-50.78734207
0.1504535824,0.2666994035,0.006999066565,-0.0139910914,1,-0.4600871801,0.01564409025,-0.2962892652,0,-1.421006203,-1.082282066,-63.42341614
0.1504535824,0.2715429962,0.003041773336,-0.01108730678,1,-0.294341743,0.01149698906,-0.2144358158,0,-0.7199779153,-1.593467355,-74.65851593
0.1504535824,0.276386559,0.002086130669,-0.007311644964,1,-0.1688916087,0.007603426464,-0.05627727509,0,0.2717080414,-1.433258772,-74.07569885
0.1504535824,0.2812301517,0.003539772704,-0.0044177901,1,-0.04729524255,0.005660994444,0.005553215742,0,0.7598323822,-0.9516913891,-51.29640198
0.1504535824,0.2860737145,0.00553735951,-0.002675156109,1,-0.05636900663,0.006149700377,-0.05211812258,0,0.7673289776,-0.6585331559,-25.78567505
0.1504535824,0.2909172773,0.006983352359,-0.001480580657,1,-0.06034019589,0.00713858055,-0.1312427819,0,0.730465889,-0.4786840975,-11.97034931
0.1504535824,0.29576087,0.008783165365,-0.0009922970785,1,-0.01333862543,0.008839040995,-0.1307317913,0,0.9253749251,-0.1219199374,-6.445783138
0.1504535824,0.3006044328,0.01140087098,-0.001523261541,1,-0.05807334185,0.01150218211,-0.09364435822,0,1.252904892,0.1687531173,-7.610173702
0.1504535824,0.3054480255,0.01457042526,-0.002263239585,1,0.007981002331,0.01474515349,-0.08396700025,0,1.563926697,0.3143615723,-8.829256058
0.1504535824,0.3102915883,0.01901452802,-0.003452596953,1,0.2157726288,0.01932544261,-0.2142178714,0,1.997984409,1.158384562,-10.29145718
0.1504535824,0.315135181,0.02529292926,-0.00891154632,1,0.1218433976,0.02681693435,0.08760476112,0,1.977236986,3.107069016,-19.40906906
0.1504535824,0.3199787438,0.02918158658,-0.01807760634,1,-0.7925266027,0.03432732075,0.852787137,0,-0.1507138908,3.246144295,-31.77766609
0.1504535824,0.3248223364,0.02072427049,-0.02050395682,1,-4.452020645,0.02915317565,-0.9628946185,104.7182007,-2.146101952,1.711411715,-44.69382858
0.1504535824,0.3296658993,-0.002776934067,-0.03103081696,1,-4.286377907,0.03115482256,-0.8305690289,66.08960724,-3.462989569,0.4397654533,-95.11374664
0.1504535824,0.3345094621,-0.01681027561,-0.02665690146,1,-2.265650034,0.03151469305,0.294588089,32.65325165,-1.912375689,-1.751200676,-122.2361908
0.1504535824,0.3393530548,-0.02301352657,-0.02112188004,1,0.3139086366,0.03123709746,-0.006142616272,5.163437843,0.2525151968,-2.682211876,-137.4542084
0.1504535824,0.3441966176,-0.01406675763,-0.01369515248,1,1.475222111,0.01963239349,1.047911406,0,3.274605274,-2.000803471,-135.7668915
0.1504535824,0.3490402102,-7.368168099e-06,-0.006355192047,1,1.851484776,0.006355196238,1.228285074,0,3.953870773,-1.802506685,-90.06642151
0.1552971601,0.237637952,0.002054426819,-0.009916414507,1,4.67730999,0.0101269912,1.353170395,0,2.810575008,-3.376819134,-78.29536438
0.1552971601,0.2424815297,0.02018850297,0.001538621611,1,1.91132462,0.02024704963,0.9088541269,0,2.235510111,-1.060744524,4.358244896
0.1552971601,0.2473251075,0.02213994414,-0.0003765105212,1,-0.5109733343,0.02214314416,0.2445562482,0,0.9454920292,1.326063156,-0.9742746353
0.1552971601,0.2521686852,0.02229312807,-0.003699740861,1,-1.080085754,0.02259804495,0.03897410631,26.78307343,0.4800484776,1.915311337,-9.422856331
0.1552971601,0.257012248,0.01923362166,-0.00946468208,1,-1.688169003,0.02143624052,-0.5942459702,43.61660767,-0.1346181035,2.432156801,-26.2013588
0.1552971601,0.2618558407,0.01346431673,-0.01835835725,1,-2.36929822,0.02276657894,-0.8592603207,53.80738449,-1.050247192,0.542257905,-53.74307632
0.1552971601,0.2666994035,0.002670787508,-0.01625304483,1,-1.680964708,0.01647102274,-0.1959642172,24.09386444,-1.425090551,-1.586282253,-80.66825104
0.1552971601,0.2715429962,-0.001580103068,-0.01162424404,1,-0.6201599836,0.0117311459,0.1028120518,15.49254036,-0.2475994974,-2.141268253,-97.74086761
0.1552971601,0.276386559,-0.001532272901,-0.00538366707,1,-0.3323108852,0.00559747545,0.2726406455,0,0.8953224421,-1.690331697,-105.8871536
0.1552971601,0.2812301517,0.001146887429,-0.002116434742,1,0.0004635453224,0.002407207154,0.08883774281,0,1.134825945,-0.8778067231,-61.54691696
0.1552971601,0.2860737145,0.003966589458,-0.0007016493473,1,-0.06740498543,0.004028168973,-0.03581671417,0,0.9723263979,-0.5289161801,-10.03127384
0.1552971601,0.2909172773,0.005529931281,0.0002719236072,1,-0.04209932685,0.005536613055,-0.02152717113,0,0.8411976099,-0.520396769,2.815140724
0.1552971601,0.29576087,0.007837084122,0.001714664279,1,-0.0217679143,0.008022465743,0.04243956506,0,1.243467569,-0.4718230367,12.34119415
0.1552971601,0.3006044328,0.01144732814,0.002762794495,1,-0.1571677327,0.01177600771,0.03477018327,0,1.583440781,-0.1743661463,13.56876183
0.1552971601,0.3054480255,0.01474534813,0.002727632411,1,-0.333624661,0.0149955079,-0.121669136,0,2.099545717,0.0221342966,10.48025227
0.1552971601,0.3102915883,0.02000070363,0.00206627138,1,0.4525427818,0.0201071538,-0.5576829314,0,3.239985466,0.2754660845,5.898298264
0.1552971601,0.315135181,0.03263039514,-0.001307789702,1,-0.4131718874,0.03265659139,-1.320694685,0,3.844754219,1.568273783,-2.295122385
0.1552971601,0.3199787438,0.03662183881,-0.01192667149,1,-4.270802498,0.03851499036,-1.901974916,104.8662567,0.5424445868,-0.3786471486,-18.03892708
0.1552971601,0.3248223364,0.01457180269,-0.008686145768,1,-6.443697929,0.01696427353,-2.540362597,158.0769653,-1.584388971,-0.4828717709,-30.79886246
0.1552971601,0.3296658993,-0.002262823749,-0.0218922887,1,-7.335348129,0.02200892381,-1.404177666,199.0258636,0.4750914574,1.431344032,-95.90122986
0.1552971601,0.3345094621,-0.01865627989,-0.02242017351,1,-4.073647022,0.02916712128,-2.33642149,88.4254837,-0.9737585783,-2.599498749,-129.7645264
0.1552971601,0.3393530548,-0.02671032585,-0.02061805315,1,-1.130265474,0.03374234214,-0.4501843452,17.92164421,0.810159862,-3.416920662,-142.3349915
0.1552971601,0.3441966176,-0.0202067364,-0.008050555363,1,1.040877581,0.02175140567,1.497712135,0,3.383775711,-3.647178411,-158.2771912
0.1552971601,0.3490402102,-0.005279175472,0.004301623907,1,1.707713723,0.006809820887,0.6498750448,0,4.456124306,-4.450545311,140.8258667
0.1601407379,0.237637952,-0.002440663287,-0.01083553862,1,1.985992432,0.01110701263,2.890578508,0,6.080756187,-1.915058374,-102.6938095
0.1601407379,0.2424815297,0.01709529944,0.0008026998257,1,2.573750019,0.01711413451,0.8204330802,0,3.236722469,-2.046684504,2.688315153
0.1601407379,0.2473251075,0.02570281178,0.003051568754,1,0.5522944927,0.02588332631,0.2140449136,0,1.581368923,0.200572446,6.77075243
0.1601407379,0.2521686852,0.02742986381,0.0008679548046,1,-0.9532043338,0.02744359151,-0.2851822078,13.28544998,0.7728531957,1.028900027,1.812388182
0.1601407379,0.257012248,0.02482926846,-0.003313280875,1,-3.549509525,0.02504936047,-0.4662471414,97.45944214,0.07846057415,1.46896553,-7.600791454
0.1601407379,0.2618558407,0.01061756909,-0.008505398408,1,-5.507895947,0.01360421162,-1.22959888,148.7348633,0.044444561,0.7190566063,-38.69711304
0.1601407379,0.2666994035,-0.001633382752,-0.01275174506,1,-4.284153461,0.01285593025,-1.010726452,113.7817001,0.6816062927,-0.8502289057,-97.29931641
0.1601407379,0.2715429962,-0.006831647363,-0.009282780811,1,-2.414930344,0.01152568497,-0.2796795368,44.99544525,1.765166044,-2.630470276,-126.3511505
0.1601407379,0.276386559,-0.00478056632,-0.001365507604,1,-0.4452338219,0.004971762653,0.3978710771,0,1.797537327,-1.740912199,-164.0586853
0.1601407379,0.2812301517,-0.0002816599736,0.001076582004,1,-0.007811367512,0.001112816739,0.166703701,0,1.57330668,-0.6026390791,104.6613541
0.1601407379,0.2860737145,0.002802031813,0.002360863844,1,-0.2858664095,0.003664022544,-0.07562558353,0,1.243872166,-0.4309744835,40.11595535
0.1601407379,0.2909172773,0.004358501639,0.002797736786,1,-0.2999323606,0.005179176107,0.04512450099,0,1.105407476,-0.5278208256,32.69654083
0.1601407379,0.29576087,0.006703413092,0.005135969259,1,-0.04759770632,0.008444757201,0.1921745688,0,1.361961842,-0.6563250422,37.45833588
0.1601407379,0.3006044328,0.01072472706,0.006907510571,1,-0.09890466928,0.01275670342,0.2561700642,0,1.623584986,-0.6493672132,32.78450775
0.1601407379,0.3054480255,0.01408832055,0.009522009641,1,-0.540776968,0.0170043949,0.08814580739,0,1.970063686,-0.5603596568,34.05396271
0.1601407379,0.3102915883,0.01764758863,0.01004859712,1,-0.2562321424,0.02030792274,-0.5148709416,0,2.817102909,-0.9670240283,29.65733337
0.1601407379,0.315135181,0.02649209835,0.0117120482,1,-2.793574572,0.02896555327,-1.930675983,0,2.894249439,-0.9370162487,23.85002518
0.1601407379,0.3199787438,0.01813521609,0.005235728808,1,-5.014153481,0.01887588203,-3.942286491,82.92697144,0.8000993729,-2.150312424,16.10369873
0.1601407379,0.3248223364,0.006080999505,0.003032482462,1,-4.958973885,0.006795182824,-1.381014943,130.6419067,0.668639183,-1.703902006,26.50458717
0.1601407379,0.3296658993,-0.002645352157,0.006799656432,1,-9.562561035,0.007296109572,-2.590567589,255,-0.09949731827,0.4391921759,111.2581253
0.1601407379,0.3345094621,-0.04071778804,-0.01164234988,1,-7.813717365,0.04234952852,-2.127790213,208.1674042,-0.258579731,1.69643569,-164.0432892
0.1601407379,0.3393530548,-0.04174415022,-0.01172327902,1,-0.9555963278,0.04335907474,0.4484041929,0,4.308474064,-1.470674396,-164.3133087
0.1601407379,0.3441966176,-0.02447786368,-0.002347143833,1,1.259341121,0.02459013835,0.9199208021,0,3.556920767,-2.936779737,-174.5227356
0.1601407379,0.3490402102,-0.01841621101,0.00695694983,1,1.66734302,0.01968644187,-0.03004431725,0,0.8356143236,-3.871859074,159.3053284
0.1649843156,0.237637952,0.006779434625,0.009916891344,1,-0.3935664892,0.01201272104,-0.1282029748,0,3.477908134,2.005389929,55.64251709
0.1649843156,0.2424815297,0.01424905844,0.004749780055,1,1.115184188,0.01501985639,-0.7932009697,0,2.470747948,0.3028897345,18.43528938
0.1649843156,0.2473251075,0.02414817549,0.004607891198,1,0.8672570586,0.02458387613,-0.7263022065,0,1.537230968,-0.7078804374,10.80316067
0.1649843156,0.2521686852,0.02589538321,0.004660552833,1,-0.9666109681,0.02631143667,-0.5005524755,0,0.9546757936,-1.223114729,10.20265293
0.1649843156,0.257012248,0.02409036644,0.008107672445,1,-3.880816698,0.02541810647,0.1971897036,105.041069,0.8037693501,-0.6026906967,18.60078812
0.1649843156,0.2618558407,0.0109914653,0.008534835652,1,-7.125645638,0.01391602401,0.4081053436,195.6983337,0.8424263,0.4718335569,37.82922363
0.1649843156,0.2666994035,-0.006342894398,0.007799000014,1,-7.541973114,0.0100526968,0.2565770745,201.0575409,2.036309958,0.2385031581,129.1213226
0.1649843156,0.2715429962,-0.01567563973,0.008622378111,1,-3.480187893,0.01789053157,-0.4390525222,40.33668518,3.13034296,0.03985592723,151.187027
0.1649843156,0.276386559,-0.008037396707,0.005479369778,1,-0.03565788269,0.009727447294,-0.5229147077,0,3.072883844,0.1130913943,145.7164001
0.1649843156,0.2812301517,-0.0009645994869,0.005541833118,1,-0.01503819227,0.005625154823,0.08968382329,0,1.986768484,-0.1639280617,99.87385559
0.1649843156,0.2860737145,0.001512832474,0.006707758643,1,-0.4703589976,0.00687624095,-0.02343229949,0,1.328519344,-0.3407531381,77.29045868
0.1649843156,0.2909172773,0.003191953991,0.007078796625,1,-0.4833482802,0.007765174378,-0.02923332155,0,1.324896216,-0.4079239368,65.72855377
0.1649843156,0.29576087,0.005588935222,0.008541976102,1,-0.1987780333,0.01020791568,0.2439681739,0,1.509976745,-0.587444067,56.8036499
0.1649843156,0.3006044328,0.009542847052,0.01110580657,1,-0.2055395246,0.01464257017,0.3637194932,0,1.623749256,-0.9466977119,49.32863617
0.1649843156,0.3054480255,0.01245814376,0.0148890838,1,-0.4923693538,0.01941365935,0.1002706885,0,1.169592619,-1.106771469,50.07976151
0.1649843156,0.3102915883,0.01282303035,0.01695220917,1,-0.5154476166,0.02125576511,0.2705226541,0,1.812497377,-2.073311806,52.89532089
0.1649843156,0.315135181,0.01874050498,0.02624162845,1,-2.075616598,0.03224638849,-2.046261072,0,0.8964950442,-1.898210645,54.46740723
0.1649843156,0.3199787438,0.007111863233,0.01623511501,1,-5.161212921,0.01772448979,-2.479665756,120.7960052,1.215630054,-0.8961269259,66.34397125
0.1649843156,0.3248223364,-0.0003702320391,0.01857163571,1,-6.564867496,0.01857532561,-0.7492139935,167.1351471,2.478003979,-2.340533972,91.14205933
0.1649843156,0.3296658993,-0.01268317737,0.02394279651,1,-5.385113716,0.02709465846,-2.926921368,120.8984528,1.178427935,-2.018929958,117.911438
0.1649843156,0.3345094621,-0.02074557915,0.01417372283,1,-5.970540047,0.02512515709,-0.8631685972,153.4778442,2.052239418,3.072747707,145.6584778
0.1649843156,0.3393530548,-0.03166177124,0.004878880456,1,-3.652392387,0.03203546628,0.5433350801,87.57939911,1.74678266,2.83415699,171.2399902
0.1649843156,0.3441966176,-0.02997554839,0.003077949863,1,-0.4908396006,0.03013315797,-0.7895857096,0,2.035859108,0.1613227129,174.1372986
0.1649843156,0.3490402102,-0.02417834848,0.0002730813576,1,2.202912331,0.02417989075,-0.6041809916,0,0.1908479929,0.5539958477,179.35289
0.1698278934,0.237637952,0.00665163761,0.007916249335,1,1.591638207,0.01033979096,0.3332518637,0,1.74011445,0.5594366789,49.96130371
0.1698278934,0.2424815297,0.01472043898,0.007368477527,1,1.410256505,0.01646164618,-0.1732168347,24.36117363,1.088846326,0.161166057,26.59076118
0.1698278934,0.2473251075,0.01875623688,0.006296639796,1,0.06554910541,0.01978494599,-0.751835227,0,0.8347581625,-1.331030726,18.55737114
0.1698278934,0.2521686852,0.01908114739,0.01017385628,1,-0.4857458174,0.02162400447,0.4074811935,0,1.334077954,-2.293054819,28.06604767
0.1698278934,0.257012248,0.02286519296,0.01937687583,1,-1.527994275,0.02997132577,1.041552305,24.98907852,0.6605516672,-3.07001996,40.27927017
0.1698278934,0.2618558407,0.01487962157,0.03008857556,1,-3.994768858,0.03356673196,1.523229957,101.092041,-0.5681011677,-1.421811461,63.68634796
0.1698278934,0.2666994035,0.0007645768346,0.03364141285,1,-4.512954712,0.03365010023,0.167992115,124.5220947,-0.368727684,1.686030269,88.69804382
0.1698278934,0.2715429962,-0.008765187114,0.02273583971,1,-2.557920218,0.02436692268,-0.7295707464,61.97390747,1.003252506,3.389379501,111.0827942
0.1698278934,0.276386559,-0.006765577476,0.01369095594,1,-0.3231600523,0.01527138893,-0.6041487455,0,2.000415802,1.865792394,116.2969208
0.1698278934,0.2812301517,-0.0006412677467,0.01077248808,1,-0.06550770998,0.01079155784,-0.1202228218,0,1.676640987,0.4200978875,93.4066925
0.1698278934,0.2860737145,0.001038071234,0.01107387058,1,-0.445291847,0.01112241857,0.04870309681,0,1.040383577,-0.1130830422,84.64470673
0.1698278934,0.2909172773,0.002241096459,0.01155610941,1,-0.3333929181,0.01177141443,0.1152588427,0,1.159577608,-0.3675630689,79.02477264
0.1698278934,0.29576087,0.005039760843,0.01341245603,1,-0.1677817702,0.01432805508,0.3068629503,0,1.336325169,-0.5626809001,69.40618134
0.1698278934,0.3006044328,0.007901026867,0.01576781273,1,-0.2709721625,0.01763661392,0.07828816772,0,1.132627606,-0.7804563046,63.3852005
0.1698278934,0.3054480255,0.009213255718,0.01757185161,1,-0.4465897083,0.01984071732,-0.03968125582,0,0.6560655832,-1.186843157,62.33112335
0.1698278934,0.3102915883,0.008915639482,0.02132418007,1,-0.9520843625,0.02311296761,0.1815018058,20.41309166,0.5749844909,-1.58080101,67.31019592
0.1698278934,0.315135181,0.007386743091,0.0261077024,1,-0.9535645247,0.02713256516,-0.07933866978,22.05690765,-0.518764019,-3.134576797,74.20201874
0.1698278934,0.3199787438,0.001784301945,0.03612246364,1,-3.79394722,0.03616650403,1.214767456,98.84355927,0.4346166849,-3.06401825,87.17211914
0.1698278934,0.3248223364,-0.008884434588,0.04683233425,1,-5.253702641,0.04766760394,-0.9548591375,142.1342773,-0.6066904068,-1.464444757,100.7417755
0.1698278934,0.3296658993,-0.02660096809,0.03859068081,1,-3.230021954,0.04687058926,-2.95225215,18.25642395,-1.132693529,1.097603559,124.5789032
0.1698278934,0.3345094621,-0.03001552075,0.02721660398,1,-1.234727025,0.04051758721,-2.896027327,0,1.485773444,2.092565298,137.7998047
0.1698278934,0.3393530548,-0.0253850054,0.0144280456,1,-1.222868919,0.02919875085,-1.059155226,0,1.737904787,2.517846584,150.3874664
0.1698278934,0.3441966176,-0.02752090432,0.009891117923,1,-0.724108994,0.02924439125,-1.247430921,0,2.112694025,2.307107925,160.231369
0.1698278934,0.3490402102,-0.0186592862,-0.002788639395,1,1.574119568,0.01886651665,-2.183719158,0,2.084990025,3.051963806,-171.5000305
0.1746714562,0.237637952,0.01110323425,0.0106360456,1,0.09796565771,0.01537554152,-1.158688784,0,1.17689991,1.914675236,43.76887131
0.1746714562,0.2424815297,0.01419068966,0.003193007084,1,0.3218709826,0.01454547886,-0.5087282062,0,0.2885113358,-0.03336961567,12.68077469
0.1746714562,0.2473251075,0.01405966841,0.008333609439,1,-0.04653140903,0.01634390838,0.3548830748,0,0.5774993896,-1.767925858,30.65656281
0.1746714562,0.2521686852,0.01676247455,0.01347499713,1,-0.1872883886,0.0215071179,0.2393835187,0,0.2297513634,-1.90251565,38.79506302
0.1746714562,0.257012248,0.01426534075,0.01870804839,1,-0.1824436188,0.02352639101,-0.1318382025,0,-0.9076144695,-2.53856039,52.67359924
0.1746714562,0.2618558407,0.01148269325,0.02513214201,1,-0.2587009668,0.0276310835,0.3477877378,0,-2.142034054,-1.544162154,65.44468689
0.1746714562,0.2666994035,0.002637193073,0.0278718546,1,-0.1220144033,0.0279963389,0.5405736566,0,-2.82526207,0.3879949749,84.59484863
0.1746714562,0.2715429962,-0.002792668762,0.02587116882,1,-0.2115934193,0.02602146007,-0.003435373306,0,-0.7306295633,2.296121359,96.16094971
0.1746714562,0.276386559,-0.001926537137,0.01673377305,1,0.009381771088,0.016844308,-0.3923739195,0,0.6679140925,2.062653542,96.56746674
0.1746714562,0.2812301517,0.000487866404,0.01398005243,1,-0.1474758983,0.01398856286,-0.09734535217,0,0.7931847572,0.486941874,88.00133514
0.1746714562,0.2860737145,0.001201003673,0.01390373241,1,-0.2728708982,0.01395550743,0.07946534455,0,0.5788511038,0.01132306084,85.06304169
0.1746714562,0.2909172773,0.001969900681,0.01431010384,1,-0.08435571194,0.01444505434,0.201980561,0,0.7344659567,-0.1951414347,82.16204071
0.1746714562,0.29576087,0.004349863157,0.01582722366,1,0.1084153354,0.01641408913,0.2480898798,0,0.75292027,-0.4939518273,74.63257599
0.1746714562,0.3006044328,0.006141846534,0.01790424064,1,-0.01983472705,0.01892839558,0.1174987853,0,0.4673394263,-0.7914674282,71.06604767
0.1746714562,0.3054480255,0.006517386995,0.02022987232,1,-0.3352792263,0.02125380188,0.1722404063,0,0.3153722882,-1.158270717,72.14279938
0.1746714562,0.3102915883,0.006045425776,0.02434867434,1,-0.6227251291,0.02508794889,0.3273105025,14.55669212,-0.06761342287,-1.348670244,76.0562439
0.1746714562,0.315135181,0.003173678648,0.02834761515,1,-0.8685728312,0.02852471732,0.665130496,0,-0.7604994774,-1.888309956,83.61200714
0.1746714562,0.3199787438,-0.001845112885,0.03671646118,1,-0.941234827,0.03676279262,0.6923012733,0,-2.209737539,-1.936365604,92.87686157
0.1746714562,0.3248223364,-0.01208830066,0.04107976705,1,-0.3664896488,0.04282142222,-0.4231452048,0,-3.725771666,0.116766721,106.3972702
0.1746714562,0.3296658993,-0.02166629769,0.03410135582,1,-0.07123160362,0.04040211439,-0.2850466967,0,-2.51960969,2.549459457,122.4298325
0.1746714562,0.3345094621,-0.02463720366,0.02735065855,1,0.1628663838,0.03681100905,-0.4017966986,0,-0.7678323984,2.670675755,132.0122223
0.1746714562,0.3393530548,-0.02459649742,0.01921959594,1,-0.4728182852,0.03121506982,-0.5472205877,0,0.4303444326,1.627298713,141.9960785
0.1746714562,0.3441966176,-0.0248429291,0.01681820489,1,-0.141326189,0.03000038676,-0.7587634921,0,1.095900059,2.642044306,145.9027405
0.1746714562,0.3490402102,-0.01997294463,0.002747518709,1,-0.679176569,0.0201610364,-2.897013903,0,2.690073967,2.913006544,172.1674347
0.179515034,0.237637952,0.01031331159,0.01314214338,1,1.222138166,0.0167056974,-1.442224741,0,-0.4865503311,1.008544445,51.87691498
0.179515034,0.2424815297,0.01209475007,0.007206897717,1,-0.2123513818,0.01407914609,-0.8944453597,0,0.5424282551,-0.1051596999,30.78944016
0.179515034,0.2473251075,0.01191206463,0.009319176897,1,-0.3753418624,0.01512429677,-0.01896297932,9.46065712,0.1546166837,-1.048557281,38.03717422
0.179515034,0.2521686852,0.01102565043,0.01219381765,1,-0.1977545023,0.01643940806,-0.2203707695,0,-0.2112690806,-1.571705103,47.88011169
0.179515034,0.257012248,0.0099309301,0.0158644598,1,0.2249536365,0.01871642098,0.1183446646,0,-0.6256393194,-1.692857981,57.95401382
0.179515034,0.2618558407,0.009084898047,0.02096651867,1,0.466209203,0.02285017073,-0.1586664617,0,-1.430117726,-1.125634313,66.57267761
0.179515034,0.2666994035,0.005262164399,0.02054804377,1,0.4519251585,0.02121113986,0.09048937261,0,-1.844552636,0.2442325205,75.63578033
0.179515034,0.2715429962,0.00233959849,0.02022185177,1,0.4534640312,0.02035674453,0.2708522975,0,-1.266421914,1.028028131,83.40042114
0.179515034,0.276386559,0.001324539771,0.01688060351,1,-0.131441474,0.01693248935,0.01363223791,2.505908012,-0.09438914061,1.023878813,85.51346588
0.179515034,0.2812301517,0.001245770371,0.01532864384,1,-0.2363274395,0.01537918299,0.0462667346,0,0.2679717243,0.3933981061,85.35373688
0.179515034,0.2860737145,0.001477811253,0.01519924589,1,-0.1312802285,0.01527092047,0.1535347402,0,0.3436139822,0.1135877073,84.44662476
0.179515034,0.2909172773,0.002274222206,0.01552212983,1,0.07232283056,0.01568784937,0.2310824245,0,0.4172120094,-0.0445227176,81.66462708
0.179515034,0.29576087,0.003848911263,0.01653416082,1,0.1181366593,0.01697623543,0.1730591655,0,0.3695999384,-0.3648376465,76.89575195
0.179515034,0.3006044328,0.004636612255,0.01812747493,1,0.01012911275,0.0187110547,0.1751498878,0,0.1113590896,-0.6897411346,75.65259552
0.179515034,0.3054480255,0.004437348805,0.02072332799,1,-0.1127135083,0.02119307406,0.266381979,0,-0.02520116419,-0.9487173557,77.91413116
0.179515034,0.3102915883,0.003968611825,0.02401290275,1,-0.1604047716,0.02433864027,0.2467935085,0,-0.4538438618,-0.9729319811,80.61555481
0.179515034,0.315135181,0.001462187851,0.02663116343,1,-0.4317907095,0.02667127363,0.3776624203,0,-1.263242006,-0.8539640903,86.85732269
0.179515034,0.3199787438,-0.004241411109,0.02997838147,1,-0.03377139568,0.03027693741,0.2751120627,0,-2.408759594,-0.5363236666,98.05288696
0.179515034,0.3248223364,-0.01036840025,0.03056141548,1,0.5280524492,0.03227233887,0.2167882323,0,-2.879974365,0.8870763183,108.7402496
0.179515034,0.3296658993,-0.01563312672,0.02673178911,1,0.3761231303,0.03096745349,0.3920363784,0,-2.163576841,2.013304949,120.3196945
0.179515034,0.3345094621,-0.01902604476,0.02270869911,1,0.410416007,0.02962558717,0.3305160403,0,-1.343702197,1.967572689,129.9573212
0.179515034,0.3393530548,-0.02015357092,0.01880257763,1,0.3487486243,0.02756271698,0.2040356994,4.947941303,-0.2193104029,1.613115788,136.9862213
0.179515034,0.3441966176,-0.01839910075,0.01588371024,1,0.425616622,0.02430677228,0.3608989716,5.587505817,-0.1011154652,1.449353456,139.1963806
0.179515034,0.3490402102,-0.01858182438,0.01353056356,1,-0.8653385043,0.02298609167,0.2585899532,0,0.7898888588,1.230243325,143.9393616
0.1843586117,0.237637952,0.009002669714,0.002359879902,1,0.6614381671,0.009306830354,1.265511394,0,-0.518421948,-0.5880609751,14.68852997
0.1843586117,0.2424815297,0.009349024855,0.006848840974,1,-0.02615492046,0.01158925705,0.56026721,0,0.002697349526,-1.203021288,36.22549057
0.1843586117,0.2473251075,0.008889051154,0.01090050489,1,-0.268021524,0.01406542677,0.09061747789,6.985676765,0.006518766284,-1.263897181,50.80373764
0.1843586117,0.2521686852,0.008082415909,0.01340953819,1,-0.3217256069,0.01565698348,-0.1697123647,6.456389904,-0.1428053379,-0.9310578704,58.92110443
0.1843586117,0.257012248,0.006639062893,0.01458813529,1,-0.1311069876,0.01602781378,-0.1744778752,0,-0.4511761069,-0.6983875036,65.52970886
0.1843586117,0.2618558407,0.005262082443,0.01594713517,1,0.3727933168,0.01679287478,-0.1759623438,0,-0.8642933369,-0.6220272779,71.73863983
0.1843586117,0.2666994035,0.004258444533,0.01674868539,1,0.4254022241,0.01728157327,0.145292595,0,-0.7894973159,-0.1837271303,75.73451233
0.1843586117,0.2715429962,0.003498559585,0.01754076779,1,0.3728612959,0.01788626425,0.2203259468,0,-0.6122950912,0.186352402,78.72020721
0.1843586117,0.276386559,0.003098728368,0.01691323891,1,0.02410501987,0.0171947591,0.1159400195,0,-0.206024766,0.3467823863,79.61779785
0.1843586117,0.2812301517,0.002617417136,0.01642266475,1,-0.1372300386,0.01662993617,0.1626714319,0,0.01255022734,0.3091167808,80.94445801
0.1843586117,0.2860737145,0.002494832035,0.01620391943,1,-0.06351868808,0.01639485173,0.1759628206,0,0.116392985,0.2672310472,81.24720764
0.1843586117,0.2909172773,0.002873517107,0.01598060131,1,0.03912417218,0.01623689383,0.1638882011,0,0.1520851403,-0.0098028332,79.80641937
0.1843586117,0.29576087,0.003420969239,0.01704520546,1,-0.0004256814718,0.01738511026,0.1367058456,0,0.1606102586,-0.361676693,78.65151978
0.1843586117,0.3006044328,0.003649383551,0.0183945559,1,-0.1008878797,0.01875307038,0.2057535499,0,0.0578356944,-0.5392617583,78.77852631
0.1843586117,0.3054480255,0.003212442622,0.02065374516,1,-0.1164984852,0.02090208046,0.2931313515,0,-0.1149556339,-0.6427106261,81.15916443
0.1843586117,0.3102915883,0.002528317505,0.02292737924,1,-0.009383574128,0.02306636237,0.1334463209,0,-0.4749212265,-0.6235707402,83.70713043
0.1843586117,0.315135181,0.0008666745271,0.02432041615,1,-0.1504094005,0.02433585189,0.093311131,0,-1.01373601,-0.3785802722,87.95908356
0.1843586117,0.3199787438,-0.003110311693,0.02521302179,1,-0.04992455244,0.02540414408,0.2123609185,0,-1.520881414,0.160269618,97.032547
0.1843586117,0.3248223364,-0.006741646677,0.02457272448,1,0.2810485959,0.02548075095,0.22985515,0,-1.706756592,0.9344789982,105.3418808
0.1843586117,0.3296658993,-0.01001583971,0.02180012129,1,0.1711853743,0.0239908807,0.2946704626,0,-1.567798853,1.475263,114.6759262
0.1843586117,0.3345094621,-0.01350623183,0.01885445043,1,-0.04138535261,0.02319285832,0.3387240767,0,-1.151770592,1.439555645,125.6156082
0.1843586117,0.3393530548,-0.01579498313,0.01646815799,1,0.04541325569,0.02281845175,0.2534740865,0,-0.5757234693,1.2006073,133.8047028
0.1843586117,0.3441966176,-0.01607483067,0.01426693704,1,0.3762271106,0.02149292268,-0.1967424154,5.563266754,0.25002864,0.9807790518,138.4099121
0.1843586117,0.3490402102,-0.01276166458,0.01076474134,1,0.5450333357,0.01669550128,-0.629570365,0,0.8230280876,0.8165445328,139.8516541
0.1892021894,0.237637952,0.01359459572,0.007427399047,1,-3.815977573,0.01549126487,0.6419742107,0,1.911156178,0.6753185987,28.64995956
0.1892021894,0.2424815297,0.00898152031,0.007346645929,1,-1.07067287,0.01160348672,0.3254100382,25.36040878,-0.4499804974,-0.3397047222,39.28225708
0.1892021894,0.2473251075,0.00622919295,0.01064893417,1,0.05064439774,0.01233704388,0.4637986422,0,-0.729385674,-0.7158637047,59.6741066
0.1892021894,0.2521686852,0.005693984218,0.01306043193,1,0.3167431056,0.01424767822,0.2950683534,0,-0.4253518879,-0.4616557062,66.4441452
0.1892021894,0.257012248,0.005703138653,0.01431418024,1,-0.2327531725,0.01540848892,0.3541693091,0,0.1348481029,-0.04102641344,68.27639008
0.1892021894,0.2618558407,0.005219773389,0.01497459318,1,-0.4974912405,0.01585826278,0.1745591313,7.913496017,0.3680136204,0.1024216861,70.78270721
0.1892021894,0.2666994035,0.005076003727,0.0146635836,1,-0.4835182428,0.01551729627,0.1670987308,9.5373106,0.295558691,0.06891157478,70.9059906
0.1892021894,0.2715429962,0.004309376702,0.01545017026,1,0.03169740736,0.01603990234,0.02913975716,0,-0.3434983492,-0.1984540671,74.4151001
0.1892021894,0.276386559,0.003565771738,0.01576595195,1,0.2920363545,0.01616415754,-0.07167683542,0,-0.4527571201,-0.1963668913,77.25587463
0.1892021894,0.2812301517,0.003530913265,0.01605411619,1,0.208417654,0.01643782295,0.0384291783,1.621734142,-0.1963019073,-0.02448095381,77.59596252
0.1892021894,0.2860737145,0.003624455305,0.01607066207,1,-0.03472302854,0.01647430845,0.1316643804,0,-0.07064706087,0.1285367459,77.29058838
0.1892021894,0.2909172773,0.003020546632,0.01606926508,1,-0.1802116036,0.01635068841,0.1565225124,2.4739604,0.001581721008,-0.1002069116,79.35430908
0.1892021894,0.29576087,0.002759247553,0.01731415093,1,-0.2402593046,0.01753263362,0.2214411348,0,0.240402326,-0.3622182608,80.94527435
0.1892021894,0.3006044328,0.003021239303,0.01889626496,1,-0.3127206862,0.01913626678,0.343799293,0,0.3096004426,-0.3615986705,80.91611481
0.1892021894,0.3054480255,0.002744134283,0.02073080093,1,-0.2944837809,0.02091163211,0.2786925733,2.635692358,-4.711747169e-05,-0.3121454418,82.45960236
0.1892021894,0.3102915883,0.001594656031,0.02175803483,1,-0.05885066092,0.02181639336,-0.05805106461,0,-0.4910877943,-0.4129070342,85.80825806
0.1892021894,0.315135181,8.046466246e-05,0.0224495735,1,-0.1017820537,0.02244971693,-0.2028733641,0,-0.7304957509,-0.4290806651,89.79463959
0.1892021894,0.3199787438,-0.002436546143,0.02285368741,1,-0.3991994262,0.0229832083,-0.2285410762,0,-0.5937282443,0.08450175077,96.08559418
0.1892021894,0.3248223364,-0.004728857428,0.02093332633,1,-0.5207223296,0.02146080695,-0.3874323964,0,-0.4338964224,0.5508830547,102.7295074
0.1892021894,0.3296658993,-0.007060316391,0.01830888353,1,-0.8701504469,0.01962302998,-0.1159395874,22.36480904,-0.3033558428,0.6279063225,111.0877609
0.1892021894,0.3345094621,-0.01041280851,0.01733046211,1,-1.29214716,0.02021809854,-0.02242232859,35.77246094,0.04300898314,0.4967868328,120.9990692
0.1892021894,0.3393530548,-0.01311061438,0.01579405367,1,-0.7629229426,0.02052657679,0.2203466147,20.03748322,-0.1018819809,0.6452399492,129.6960144
0.1892021894,0.3441966176,-0.01460155845,0.01527245808,1,-0.1550375819,0.0211294461,0.06973664463,0,-0.7875686288,0.2590596676,133.713501
0.1892021894,0.3490402102,-0.01767620072,0.01487705298,1,0.4153501391,0.02310356684,-0.2658993602,0,-1.684921026,-0.1026300341,139.9145966
0.1940457672,0.237637952,0.01538307965,0.03009969741,1,-5.940978527,0.03380282596,-3.810406685,0,3.420819759,4.548903465,62.92974091
0.1940457672,0.2424815297,0.00927978754,0.009855212644,1,-1.314323783,0.01353660505,-2.310357809,0,-0.2784916162,2.433517694,46.72246933
0.1940457672,0.2473251075,0.007668154314,0.007122368552,1,0.5211933255,0.0104655968,0.2929501235,0,-0.9349887967,0.3012227714,42.88668442
0.1940457672,0.2521686852,0.007275537122,0.009815143421,1,0.7203577757,0.0122176297,1.281015038,0,-0.6196799278,-0.6279635429,53.45207596
0.1940457672,0.257012248,0.008155794814,0.01636864059,1,-0.493519187,0.01828795671,1.572127581,0,0.3548042774,-0.5593819618,63.51488495
0.1940457672,0.2618558407,0.006603660528,0.02013927512,1,-1.350611091,0.021194309,0.7144861817,0,0.781978488,-0.1430544257,71.84570312
0.1940457672,0.2666994035,0.005401578732,0.02052220516,1,-1.614760041,0.02122116648,-0.3886225522,0,0.8043698072,0.5230582952,75.25382996
0.1940457672,0.2715429962,0.002678472549,0.01572347805,1,-0.4281707406,0.01594998315,-1.081663251,0,-0.3153170943,0.4082336724,80.33254242
0.1940457672,0.276386559,0.001800437691,0.01330577396,1,0.5085971355,0.01342703216,-0.4946521223,0,-0.5072543621,-0.2342859209,82.2939682
0.1940457672,0.2812301517,0.00268497644,0.01446237415,1,0.5304119587,0.01470949873,0.1065607965,0,-0.1268468797,-0.4558632672,79.4826355
0.1940457672,0.2860737145,0.003755136393,0.01602991857,1,0.05603276193,0.0164638795,0.2746034861,0,0.03920904547,-0.2206429392,76.81574249
0.1940457672,0.2909172773,0.003146286123,0.01686113141,1,-0.2683723569,0.01715216786,0.3710983992,0,0.0586034283,-0.3191783428,79.43016815
0.1940457672,0.29576087,0.002739104209,0.01937332749,1,-0.3821006119,0.0195660051,0.4652964175,0,0.4681702554,-0.4736139476,81.95256042
0.1940457672,0.3006044328,0.00356317102,0.0214088168,1,-0.4866027534,0.02170330845,0.3912818134,0,0.5508748293,-0.1675085127,80.55060577
0.1940457672,0.3054480255,0.00305041112,0.02207987197,1,-0.6208342314,0.02228958718,0.003875453025,0,-0.06377863884,0.1225917488,82.13417816
0.1940457672,0.3102915883,0.0002471953048,0.0208338052,1,-0.350587517,0.02083527111,-0.3612619638,0,-0.732218504,-0.1951287091,89.32021332
0.1940457672,0.315135181,-0.002194243949,0.0212751925,1,-0.1761518717,0.02138804644,-0.1148341298,0,-0.6610748172,-0.8244338036,95.88845062
0.1940457672,0.3199787438,-0.003807977308,0.02427080646,1,-0.680277586,0.02456771769,0.1006712317,0,-0.09512376785,-0.666959703,98.91674805
0.1940457672,0.3248223364,-0.005949960556,0.0249932725,1,-1.223063231,0.02569174394,-0.2237579376,0,0.4533612132,-0.280457437,103.3907242
0.1940457672,0.3296658993,-0.007536089048,0.02454543486,1,-1.830441236,0.02567627281,-0.06435674429,0,0.7447424531,-0.1320983022,107.0678558
0.1940457672,0.3345094621,-0.01120861061,0.02532138303,1,-2.069565296,0.02769125253,-0.6675931215,0,1.230029106,0.3389921486,113.87677
0.1940457672,0.3393530548,-0.01160244737,0.01966996118,1,-1.138154984,0.02283690311,-1.146035671,0,0.4622766376,1.768784761,120.5344772
0.1940457672,0.3441966176,-0.01448228024,0.01120322384,1,0.5361998081,0.01830979623,-1.944790721,0,-1.144059896,1.994042754,142.2751465
0.1940457672,0.3490402102,-0.01454666536,0.0005919149262,1,2.936001778,0.01455870271,-1.544672489,0,-2.962587357,2.836913586,177.6698761
