PIVlab, ASCII chart output - 13-Mar-2024
FRAME: 25, filenames: A:[25]2 vortices tapados mismo sentido clase 4.mp4 & B:[26]2 vortices tapados mismo sentido clase 4.mp4, conversion factor xy (px -> m): 0.00030272, conversion factor uv (px/frame -> m/s): 0.0090842
x [m],y [m],u [m/s],v [m/s],Vector type [-],vorticity [1/s],magnitude [m/s],divergence [1/s],dcev [1],simple shear [1/s],simple strain [1/s],vector direction [degrees]
0.1262357086,0.237637952,0.0130545916,-0.01078091376,1,-1.179855227,0.01693075523,-0.974388361,0,-0.2576857507,-1.042215824,-39.55102158
0.1262357086,0.2424815297,0.009573170915,-0.01061664987,1,-0.3311925828,0.01429541409,-0.1753340513,0,-0.3267924488,-0.005424588919,-47.95861053
0.1262357086,0.2473251075,0.009867589921,-0.01160388347,1,0.07703094929,0.01523218397,-0.1314319968,0,0.09076439589,0.29722929,-49.62316895
0.1262357086,0.2521686852,0.01038590074,-0.0126929041,1,-0.1606209725,0.01640051045,-0.3247705102,0,0.3567415476,0.2632253766,-50.70843506
0.1262357086,0.257012248,0.0108175138,-0.0144518828,1,-0.4213814139,0.0180520229,-0.5726544857,0,0.6009008288,0.05421289802,-53.1844368
0.1262357086,0.2618558407,0.01125541702,-0.01572918519,1,-0.8683217764,0.01934145018,-0.4536773264,0,0.7249435186,-0.452640146,-54.41342545
0.1262357086,0.2666994035,0.01012304984,-0.01445690636,1,-1.076158285,0.01764874719,-0.2437999398,0,0.2673380375,-0.576218605,-54.99943161
0.1262357086,0.2715429962,0.007337833289,-0.01411908958,1,-0.8005846739,0.0159120243,0.3447907269,0,-0.05154797435,-0.2775598466,-62.5386467
0.1262357086,0.276386559,0.005995679181,-0.01144250296,1,-0.2570714056,0.01291816682,0.7217377424,0,-0.0527357161,-0.0633687675,-62.34621811
0.1262357086,0.2812301517,0.005837258417,-0.0103163654,1,-0.1559717059,0.01185331121,0.4581270814,0,-0.01613033563,0.4617125392,-60.49773026
0.1262357086,0.2860737145,0.005162089597,-0.01145986933,1,-0.2336265892,0.01256884076,0.5885031223,0,0.1790784448,0.8420907259,-65.75085449
0.1262357086,0.2909172773,0.00557305105,-0.01154463273,1,-0.06666982174,0.01281941682,0.5252462029,0,0.1790211797,0.6407952905,-64.23155975
0.1262357086,0.29576087,0.005706272088,-0.01201954018,1,-0.02881938219,0.01330529526,0.06188508123,0,0.1830863953,0.2491116524,-64.60398865
0.1262357086,0.3006044328,0.006320255343,-0.01245147921,1,-0.1084437221,0.01396370213,-0.1527061313,0,0.09927341342,-0.1855154186,-63.08807373
0.1262357086,0.3054480255,0.005661854986,-0.01186062582,1,0.2786746025,0.013142718,0.1368865818,0,-0.9291782379,-0.2442700416,-64.48179626
0.1262357086,0.3102915883,0.00316949049,-0.01060531754,1,0.7670148611,0.01106880419,0.2107905596,0,-1.532875419,0.5361269712,-73.36077881
0.1262357086,0.315135181,0.001952350023,-0.01343641803,1,0.3364425898,0.01357751805,-0.5577862263,0,-0.5265748501,1.088796258,-81.73262024
0.1262357086,0.3199787438,0.00224857009,-0.01858066767,1,-0.9251374602,0.01871623099,-1.421754599,0,0.8536880612,0.3288852572,-83.09980774
0.1262357086,0.3248223364,0.001606279053,-0.02191577852,1,-1.555472016,0.02197456546,-0.8789898157,0,1.258391738,-1.17953527,-85.80810547
0.1262357086,0.3296658993,0.0008096386446,-0.01712495275,1,-0.7087755799,0.01714408211,-0.5781020522,0,-0.01394468546,-2.349140167,-87.29316711
0.1262357086,0.3345094621,-0.001894261921,-0.01333764382,1,-1.065124035,0.01347148698,-1.258908749,0,-0.7441775799,-2.477454901,-98.08329773
0.1262357086,0.3393530548,-0.007953854278,-0.01122283004,1,-0.9176296592,0.01375557017,-0.7710334659,0,-1.072646618,-0.7251163125,-125.3259964
0.1262357086,0.3441966176,-0.01153431926,-0.01356004737,1,-3.370351791,0.01780211739,-1.164682865,0,-0.4462277889,1.9319489,-130.3848419
0.1262357086,0.3490402102,-0.02643975429,-0.02622160688,1,-8.237106323,0.03723752499,0.8964314461,0,2.082404137,6.124599457,-135.2373505
0.1310792714,0.237637952,0.008170817047,-0.008547620848,1,-0.1131557971,0.01182472333,-0.8893478513,0,0.511454761,-0.03940886259,-46.29112625
0.1310792714,0.2424815297,0.009135412984,-0.01060599368,1,0.1599348485,0.0139979599,-0.1594511271,0,0.2732774913,0.4646749496,-49.26021576
0.1310792714,0.2473251075,0.01026911475,-0.01157062408,1,0.07054896653,0.0154704256,0.09332167357,0,0.1568529606,0.2655025423,-48.41043091
0.1310792714,0.2521686852,0.01023685187,-0.01143996511,1,-0.1226066947,0.01535141468,0.05397362262,2.294937372,-0.02339165285,0.1376958787,-48.17678452
0.1310792714,0.257012248,0.009561961517,-0.01197613869,1,-0.3165434599,0.01532511041,-0.05517761409,6.461199284,0.07367800921,0.03374010324,-51.39551544
0.1310792714,0.2618558407,0.00906051416,-0.01187064499,1,-0.4508795738,0.01493335608,-0.07182119042,8.888097763,0.156713292,-0.2313906252,-52.64657211
0.1310792714,0.2666994035,0.008137144148,-0.01120325178,1,-0.3381545842,0.01384651475,-0.2269590795,5.336767197,0.01610702276,-0.1372647583,-54.00835419
0.1310792714,0.2715429962,0.007500651758,-0.01230508648,1,-0.2840445638,0.01441093069,0.08130270243,4.515220642,0.1711033881,0.0285307169,-58.63531113
0.1310792714,0.276386559,0.007590104826,-0.01094764657,1,0.0795224309,0.01332143601,0.4110529423,0,0.03697351366,-0.06945680082,-55.26607513
0.1310792714,0.2812301517,0.008064908907,-0.009977700189,1,0.1619253159,0.01282954589,0.1998492181,0,0.05208392069,0.09925029427,-51.0516243
0.1310792714,0.2860737145,0.008626675233,-0.01046038792,1,-0.09566327929,0.01355873235,0.1673333049,0,0.1642160714,0.367996037,-50.48761749
0.1310792714,0.2909172773,0.008396948688,-0.01094962284,1,-0.3215203881,0.01379865874,0.1233892366,5.736066818,-0.1259250939,0.3393376172,-52.51644897
0.1310792714,0.29576087,0.006459438242,-0.01150635071,1,-0.36790362,0.01319547091,0.02603244781,6.101366043,-0.229958564,0.2322458923,-60.69100571
0.1310792714,0.3006044328,0.005501156673,-0.0119484337,1,-0.1912541986,0.01315400284,-0.3664088845,0,-0.02710556984,0.3106589913,-65.27827454
0.1310792714,0.3054480255,0.00540179573,-0.0147857815,1,0.1518074125,0.01574162394,-0.3921907246,0,-0.259743154,0.4804525077,-69.93087006
0.1310792714,0.3102915883,0.00497836154,-0.01617514901,1,0.3951228857,0.01692393422,0.2902430594,0,-0.8417876959,0.4431622922,-72.89276123
0.1310792714,0.315135181,0.003238340141,-0.01552645769,1,-0.1938904226,0.01586057246,0.5460416675,0,-0.9161324501,0.1532725096,-78.21875763
0.1310792714,0.3199787438,-0.0003981206683,-0.01427274104,1,-0.8389853239,0.01427829266,-0.04288714007,13.89290905,-0.5272276402,-0.1306821406,-91.59777832
0.1310792714,0.3248223364,-0.003379018744,-0.0151012158,1,-1.102309942,0.01547463983,-0.5853964686,19.78245163,-0.1119539142,-0.3439462185,-102.6126404
0.1310792714,0.3296658993,-0.006279502064,-0.01544222422,1,-0.7692525983,0.01667016558,-0.5394343138,0,-0.7923869491,-1.064013958,-112.1288681
0.1310792714,0.3345094621,-0.01094291825,-0.01256038155,1,-0.3349262476,0.01665865071,-0.4778454602,0,-0.7588313818,-1.271468997,-131.0632019
0.1310792714,0.3393530548,-0.01157720201,-0.0115982471,1,0.3615383506,0.01638752408,0.2323564291,5.510492325,-0.1000065655,-1.023311138,-134.9479675
0.1310792714,0.3441966176,-0.009676168673,-0.006478458177,1,-0.3438853621,0.01164468378,1.149325609,0,0.7858831286,-0.9912900925,-146.1966248
0.1310792714,0.3490402102,-0.009436351247,-0.001230008667,1,-2.425956726,0.009516177699,2.974784374,0,2.524981499,0.8076121807,-172.5734863
0.1359228492,0.237637952,0.008556093089,-0.007755568717,1,0.41972965,0.01154796779,-0.1790672839,0,0.6106867194,0.7756394148,-42.19036102
0.1359228492,0.2424815297,0.01105154399,-0.01006766688,1,0.237749368,0.01494973339,0.09407088161,0,0.3918446004,0.8022860289,-42.33269882
0.1359228492,0.2473251075,0.01160558034,-0.01118586399,1,0.0190461874,0.01611871645,0.04182809591,0,0.03519500792,0.4846169353,-43.94498444
0.1359228492,0.2521686852,0.01131426543,-0.0122123491,1,0.04211463034,0.01664794609,0.08633844554,0,-0.2262557894,0.37041682,-47.18609238
0.1359228492,0.257012248,0.01071367972,-0.01256181765,1,-0.002656921744,0.01651006378,0.1665331274,0,-0.3127042055,0.2850235105,-49.53991318
0.1359228492,0.2618558407,0.009786789306,-0.01278626639,1,-0.02324703336,0.01610185765,0.1514508873,0,-0.4629170895,0.188447848,-52.56904602
0.1359228492,0.2666994035,0.008358906023,-0.01274101529,1,0.06613717973,0.01523826737,0.1646161079,0,-0.4619128108,-0.01535787433,-56.7326088
0.1359228492,0.2715429962,0.007869819179,-0.01191454846,1,0.006868578494,0.01427902374,0.1140624955,0,-0.1531823277,-0.1114781573,-56.55436707
0.1359228492,0.276386559,0.007650224026,-0.01164859161,1,0.08817719668,0.01393612567,0.07637645304,0,-0.2087185085,-0.1437415183,-56.70505524
0.1359228492,0.2812301517,0.007285967935,-0.01084838994,1,0.1385780424,0.0130680101,0.02406980097,1.50063467,-0.1169471294,-0.2747725844,-56.11400223
0.1359228492,0.2860737145,0.007754995022,-0.01020112541,1,0.01512476057,0.01281416789,-0.1033832803,0,0.0939547047,-0.1552328616,-52.75754929
0.1359228492,0.2909172773,0.007814301178,-0.01059725322,1,-0.1925986856,0.01316681784,-0.1744008362,1.638699889,0.0278994292,0.06308232248,-53.5953331
0.1359228492,0.29576087,0.006957261357,-0.01135139354,1,-0.3025926352,0.01331381314,0.01275075227,6.314297199,-0.06161633134,0.2314239442,-58.4958992
0.1359228492,0.3006044328,0.006050226744,-0.01165641379,1,-0.1717635244,0.01313305832,-0.004079908133,3.659884214,-0.007423058152,0.5126055479,-62.56856155
0.1359228492,0.3054480255,0.006089357194,-0.01385399979,1,-0.08937693387,0.01513319463,-0.1884158552,0,0.2280273736,0.8314845562,-66.27269745
0.1359228492,0.3102915883,0.00672179088,-0.01659638062,1,-0.03707074746,0.01790593006,0.1297751665,0,-0.1177383065,0.7658026218,-67.95129395
0.1359228492,0.315135181,0.005339527503,-0.01693464816,1,-0.2164674103,0.01775648817,0.4244437814,0,-0.8806381226,0.5223604441,-72.49983978
0.1359228492,0.3199787438,0.001407875097,-0.01707064733,1,-0.2654681206,0.0171286054,0.3397316039,0,-1.434635639,0.3777760863,-85.28528595
0.1359228492,0.3248223364,-0.002895057667,-0.01711891964,1,-0.3024076819,0.01736199111,0.09355539083,0,-1.424549341,0.127901569,-99.59872437
0.1359228492,0.3296658993,-0.006956775673,-0.01723700576,1,-0.3230785728,0.01858792827,0.09284611791,0,-1.219614744,-0.263928771,-111.978775
0.1359228492,0.3345094621,-0.01036718953,-0.01539085805,1,-0.1197481751,0.01855686307,0.3769336641,0,-0.8770611286,-0.4032025635,-123.963974
0.1359228492,0.3393530548,-0.01178489905,-0.01345835533,1,0.05097156763,0.01788885519,0.6012769938,0,-0.1339007318,-0.9064770937,-131.2072296
0.1359228492,0.3441966176,-0.01076886337,-0.008087933995,1,0.6120588183,0.01346785482,0.72284168,0,0.1447057575,-1.593001366,-143.0917053
0.1359228492,0.3490402102,-0.008119450882,-0.00224138936,1,0.8278141618,0.008423141204,0.8178357482,0,0.2661723495,-1.596299648,-164.5677338
0.1407664269,0.237637952,0.01106036082,-0.007622705307,1,0.3851090968,0.01343269181,-0.0004515647888,0,0.6127592325,0.9232112169,-34.57427979
0.1407664269,0.2424815297,0.01347698737,-0.009859621525,1,-0.006375715137,0.01669854298,-0.008441418409,0,0.3694608808,0.7904928923,-36.18880844
0.1407664269,0.2473251075,0.01281899214,-0.01149240602,1,-0.126555264,0.01721632853,-0.09984114766,0,-0.08564444631,0.4948053658,-41.87667084
0.1407664269,0.2521686852,0.01244918164,-0.0127398381,1,-0.01079014689,0.01781251281,0.09008300304,0,-0.2100967169,0.5000018477,-45.66110611
0.1407664269,0.257012248,0.01174911112,-0.01347787678,1,0.01223650575,0.01788000949,0.1740458906,0,-0.371958524,0.4342632592,-48.92025757
0.1407664269,0.2618558407,0.01070684008,-0.01400022116,1,-0.1141103208,0.01762505621,0.1703088284,0,-0.4823543727,0.2287421227,-52.59260941
0.1407664269,0.2666994035,0.008860087954,-0.01376090292,1,-0.08515018225,0.01636653952,0.1424337327,0,-0.5742117763,-0.04749111086,-57.22415543
0.1407664269,0.2715429962,0.007513169199,-0.01308030542,1,0.05615015328,0.01508449856,-0.003180593252,0,-0.3857145905,-0.2871068418,-60.12746048
0.1407664269,0.276386559,0.007263816893,-0.01238568407,1,0.01081583649,0.01435855869,-0.04933637381,0,-0.1476070285,-0.4343718588,-59.60971069
0.1407664269,0.2812301517,0.006850610487,-0.01121535618,1,0.008285003714,0.01314211078,0.01221866906,0,0.01447314676,-0.4641059041,-58.58240891
0.1407664269,0.2860737145,0.007374047767,-0.01007856894,1,0.02745442837,0.01248815935,-0.04058265686,0,0.180483073,-0.3159446418,-53.80870056
0.1407664269,0.2909172773,0.007857768796,-0.009881623089,1,-0.1354843974,0.01262501441,-0.06744548678,0,0.1908297539,-0.01364345849,-51.50862885
0.1407664269,0.29576087,0.007642117329,-0.01033916324,1,-0.2294130772,0.01285691466,0.04080857337,0,0.2513951063,0.3031796813,-53.53031158
0.1407664269,0.3006044328,0.007964240387,-0.01115243789,1,-0.1045253724,0.01370423287,0.1082438231,0,0.2850596309,0.7088837028,-54.46840286
0.1407664269,0.3054480255,0.008516549133,-0.01324840914,1,-0.07703982294,0.01574966498,-0.02615296841,0,0.3561561704,1.091498256,-57.26564789
0.1407664269,0.3102915883,0.009316162206,-0.01656586863,1,-0.2274359465,0.01900575869,-0.05391961336,4.355326653,0.08450662345,1.080574512,-60.6478653
0.1407664269,0.315135181,0.00782425981,-0.01874342002,1,-0.3876387477,0.02031095326,0.1240516901,0,-0.9004542232,0.8197826147,-67.34237671
0.1407664269,0.3199787438,0.003077183617,-0.01993569545,1,-0.2976982594,0.02017178759,0.2303957343,0,-1.793861866,0.6005718112,-81.22533417
0.1407664269,0.3248223364,-0.002306374721,-0.02053639665,1,-0.2467188835,0.02066550218,0.2231058627,0,-1.856135368,0.1919246018,-96.40784454
0.1407664269,0.3296658993,-0.007108154241,-0.0197846666,1,-0.4094968438,0.02102281898,0.4310892224,0,-1.399869442,-0.45832026,-109.762146
0.1407664269,0.3345094621,-0.01107015368,-0.01622848585,1,-0.4410846233,0.01964464411,0.5696005821,0,-0.7867903709,-0.9356867075,-124.2995911
0.1407664269,0.3393530548,-0.01305546239,-0.01249369048,1,-0.5480901003,0.01807034574,0.4252395928,7.340748787,-0.03426900506,-1.120387912,-136.259613
0.1407664269,0.3441966176,-0.01389085501,-0.008742119186,1,0.2368371934,0.01641281508,0.2232797742,0,-0.2681032419,-1.540566325,-147.8160095
0.1407664269,0.3490402102,-0.01320690196,-0.003950364422,1,1.466029882,0.01378505118,-0.1900216341,0,-1.183614254,-2.168616772,-163.3473663
0.1456100047,0.237637952,0.0130255511,-0.006652927492,1,0.200346604,0.01462622359,-0.1494471431,0,0.548653543,0.5088866949,-27.05611801
0.1456100047,0.2424815297,0.01483947132,-0.008247273043,1,-0.2320002019,0.01697726175,-0.2249310762,0,0.3337987363,0.6700234413,-29.06381798
0.1456100047,0.2473251075,0.01351862028,-0.01098770928,1,-0.279312402,0.01742075942,-0.280379951,0,0.1415869296,0.7375521064,-39.1036377
0.1456100047,0.2521686852,0.01417238731,-0.01317770593,1,0.01396473404,0.01935222186,-0.02281725407,0,0.01523935702,0.686367631,-42.91716003
0.1456100047,0.257012248,0.01366007235,-0.01442269608,1,-0.1141006202,0.01986483671,0.1723112464,0,-0.3922944069,0.459739089,-46.55555725
0.1456100047,0.2618558407,0.01171962358,-0.0145698851,1,-0.1638999581,0.01869842596,0.1862773895,0,-0.8356307149,0.3281409144,-51.18774033
0.1456100047,0.2666994035,0.008818767965,-0.01510982309,1,-0.03583210707,0.01749506779,-0.0154251717,0,-1.049281836,-0.1217784435,-59.73025894
0.1456100047,0.2715429962,0.006463789381,-0.01405475475,1,-0.1507690549,0.01546986494,-0.1132608652,0,-0.5741955042,-0.6694402695,-65.30227661
0.1456100047,0.276386559,0.005307345651,-0.01241592504,1,-0.1808546185,0.0135027077,-0.1324541867,1.494165421,-0.1012865007,-0.8006250858,-66.85509491
0.1456100047,0.2812301517,0.005097216927,-0.01081841718,1,-0.1844615489,0.0119590871,-0.05736860633,0,0.3332734108,-0.6676625013,-64.7720108
0.1456100047,0.2860737145,0.006028127391,-0.009459919296,1,-0.001773521304,0.01121732499,-0.04770320654,0,0.4816524386,-0.4196797907,-57.49356079
0.1456100047,0.2909172773,0.007421540562,-0.009016725235,1,-0.02306076884,0.01167821046,-0.04321687296,0,0.5588769913,-0.133513242,-50.54268265
0.1456100047,0.29576087,0.008623395115,-0.009022561833,1,-0.07906082273,0.01248076744,0.07754446566,0,0.6130683422,0.2329467982,-46.29585648
0.1456100047,0.3006044328,0.01000804733,-0.009769428521,1,-0.1286371648,0.01398580521,0.1125093997,0,0.6708076,0.6768070459,-44.30874634
0.1456100047,0.3054480255,0.01124943979,-0.01175578125,1,-0.255014956,0.01627108827,0.06856423616,0,0.6031928658,1.166106939,-46.26086807
0.1456100047,0.3102915883,0.01169447415,-0.01508546248,1,-0.592572391,0.01908748038,-0.1975186467,9.825364113,0.3162523508,1.384520292,-52.21662521
0.1456100047,0.315135181,0.009911062196,-0.01941850968,1,-0.5806413293,0.0218015518,-0.3638932109,0,-0.712151587,1.542129517,-62.9605751
0.1456100047,0.3199787438,0.005432731006,-0.02431743219,1,0.09276759624,0.02491690218,0.6642284989,0,-2.321675301,1.798873901,-77.40641785
0.1456100047,0.3248223364,-0.0008848253055,-0.0249142535,1,0.2637951374,0.02492996119,1.117595792,0,-2.848950863,0.6461509466,-92.03398895
0.1456100047,0.3296658993,-0.007088671438,-0.02203395218,1,0.2812213898,0.02314615063,-0.04624444246,0,-2.605033636,-1.66673398,-107.8338089
0.1456100047,0.3345094621,-0.012140356,-0.01706531085,1,-0.5673173666,0.02094309032,0.07549989223,0,-1.097409248,-2.20882988,-125.4282532
0.1456100047,0.3393530548,-0.01515190396,-0.01096962299,1,-0.9114053249,0.01870595664,0.1103608608,19.12212563,-0.1227243841,-1.238158584,-144.096344
0.1456100047,0.3441966176,-0.0171492435,-0.01053365227,1,-0.6065712571,0.02012596279,-1.50464201,0,-0.3001543283,-0.6570200324,-148.4403381
0.1456100047,0.3490402102,-0.01954369992,-0.01507514622,1,-0.261574775,0.02468230575,-2.615285158,0,-0.7271361351,-0.7400265932,-142.3549957
0.1504535824,0.237637952,0.01280133426,-0.005935653578,1,0.4085212946,0.0141104972,-0.3045034707,0,0.7606526613,0.1841752827,-24.87595558
0.1504535824,0.2424815297,0.01563282683,-0.007119130343,1,0.009206980467,0.01717752218,0.08456513286,0,0.4516108036,0.8109071255,-24.48434067
0.1504535824,0.2473251075,0.01503334101,-0.009453747422,1,-0.3533788621,0.01775879227,-0.1334761083,0,0.359637171,1.025694728,-32.16381836
0.1504535824,0.2521686852,0.01566313952,-0.01273366436,1,-0.3089604378,0.02018613741,-0.1343454719,1.939377785,0.2629520297,0.9746676087,-39.11008072
0.1504535824,0.257012248,0.01481049601,-0.01482533012,1,-0.2947739959,0.0209556967,-0.01917672157,4.30356741,-0.2140800953,0.9140459895,-45.02867508
0.1504535824,0.2618558407,0.01319846511,-0.01725380123,1,-0.3284266293,0.02172310092,0.02828544378,0,-1.037292004,0.8219746947,-52.58546448
0.1504535824,0.2666994035,0.008195531555,-0.01866962574,1,-0.7580362558,0.02038925327,-0.04380784929,0,-1.198445082,-0.4820369482,-66.29964447
0.1504535824,0.2715429962,0.003722095396,-0.01513120439,1,-0.799116075,0.01558227651,0.01278281212,15.55946636,-0.3263240457,-1.364161372,-76.18030548
0.1504535824,0.276386559,0.00274437503,-0.01200028975,1,-0.433571279,0.01231009979,0.09426832199,4.932762146,0.3544501662,-1.231928587,-77.1184082
0.1504535824,0.2812301517,0.003338866169,-0.00870766677,1,-0.2537757456,0.009325850755,0.1123998761,0,0.7422301769,-0.7677825689,-69.02118683
0.1504535824,0.2860737145,0.005110241938,-0.007737057749,1,-0.1346219182,0.00927235838,0.0257614553,0,0.8908620477,-0.3138035536,-56.55567551
0.1504535824,0.2909172773,0.007001762744,-0.007062962279,1,-0.07987383008,0.009945356287,0.01203884184,0,0.9130934477,-0.1428623199,-45.24930573
0.1504535824,0.29576087,0.009146005847,-0.006986781955,1,-0.01182261109,0.01150932442,0.09457757324,0,0.9998512268,0.139441669,-37.37679672
0.1504535824,0.3006044328,0.01178735588,-0.007280264981,1,-0.03333294392,0.01385438628,0.1586838663,0,1.138047218,0.5932450294,-31.70086479
0.1504535824,0.3054480255,0.01449677534,-0.009091612883,1,-0.307472527,0.0171118062,0.1964191794,0,0.9842740893,1.204690456,-32.09376907
0.1504535824,0.3102915883,0.01506549679,-0.01216390543,1,-0.7609351873,0.01936310343,-0.1177380681,10.6625185,0.561571002,2.006474257,-38.9174614
0.1504535824,0.315135181,0.01353113912,-0.01938039996,1,-0.3104227781,0.02363665774,-0.7254657745,0,0.2984306812,3.293532848,-55.07776642
0.1504535824,0.3199787438,0.01500741206,-0.03163023666,1,-0.4713563919,0.03500991687,0.004387378693,0,-1.03469336,3.355799198,-64.61734009
0.1504535824,0.3248223364,0.006236469839,-0.03561322391,1,-2.022724628,0.03615515679,0.357817471,0,-4.256210327,0.7984483838,-80.06726837
0.1504535824,0.3296658993,-0.01540509798,-0.03376446664,1,-2.099069118,0.03711275011,-0.2732083797,0,-3.607386112,-3.745279789,-114.5249252
0.1504535824,0.3345094621,-0.02140310407,-0.01879602671,1,-0.6447594166,0.02848479338,0.6520894766,0,0.002065092325,-4.528133392,-138.7106628
0.1504535824,0.3393530548,-0.01851803809,-0.008673653007,1,-0.9632843733,0.02044871636,-0.01366460323,19.12199402,0.3525935113,-2.395800829,-154.9021149
0.1504535824,0.3441966176,-0.02436103299,-0.007257964928,1,-1.881949782,0.02541924454,-0.330424577,38.69898605,-0.3768305182,-0.8400285244,-163.4094543
0.1504535824,0.3490402102,-0.02945861593,-0.006205346901,1,-2.391452074,0.03010508977,1.102855682,0,0.2865753174,0.6682121158,-168.1047668
0.1552971601,0.237637952,0.01244273223,-0.004947351757,1,1.175872207,0.01339021511,-0.6173014641,0,1.604728818,-0.1395125091,-21.68325233
0.1552971601,0.2424815297,0.01917676069,-0.006104455795,1,0.1721670628,0.02012492344,0.1258540154,0,0.9421783686,0.6599239111,-17.65760994
0.1552971601,0.2473251075,0.01784015074,-0.007534160744,1,-0.5903539658,0.01936580986,-0.02473413944,9.297089577,0.3974784315,0.8636891842,-22.89505577
0.1552971601,0.2521686852,0.01824255288,-0.01040760335,1,-0.6038206816,0.02100259438,-0.09087514877,0,0.6356753111,1.250632763,-29.70529556
0.1552971601,0.257012248,0.01799444109,-0.01403184887,1,-0.6416933537,0.02281869203,-0.08481526375,13.21107769,0.1452363133,1.48339045,-37.94667816
0.1552971601,0.2618558407,0.01583792455,-0.01800332963,1,-1.925135851,0.02397831716,-0.2522689104,39.32211685,-0.4951088428,0.410697341,-48.66120148
0.1552971601,0.2666994035,0.006271797698,-0.0172429774,1,-2.963914394,0.01834818162,0.03404289484,62.85070419,-0.322838068,-1.253967762,-70.01213074
0.1552971601,0.2715429962,-8.171773516e-05,-0.01176474988,1,-1.788312912,0.01176503394,0.1287659407,36.81275558,0.4515329003,-1.655843616,-90.39797211
0.1552971601,0.276386559,-0.0002030001197,-0.008599082008,1,-0.6883833408,0.008601478301,0.01486945152,0,1.102238059,-1.176515222,-91.3523407
0.1552971601,0.2812301517,0.001922819996,-0.00599418534,1,-0.1855097115,0.006295037456,0.1817492843,0,1.183939695,-0.6660071611,-72.21475983
0.1552971601,0.2860737145,0.004632973112,-0.004492907785,1,-0.1901028156,0.006453732029,0.06922161579,0,1.194542527,-0.2997163534,-44.12068558
0.1552971601,0.2909172773,0.006787886843,-0.004207211081,1,-0.1825717688,0.007985990494,-0.02105085179,0,1.240449309,-0.09753699601,-31.79111481
0.1552971601,0.29576087,0.009756885469,-0.004122441169,1,-0.03645819426,0.01059204061,0.04199685901,0,1.453218222,0.01898624375,-22.90484047
0.1552971601,0.3006044328,0.01365007367,-0.00409575738,1,0.09112918377,0.01425130665,-0.04548808187,0,1.618131876,0.2387366593,-16.70207596
0.1552971601,0.3054480255,0.01803582348,-0.005499105901,1,-0.139492929,0.01885553263,-0.1400586963,0,1.624477983,0.806358099,-16.95641518
0.1552971601,0.3102915883,0.02084271424,-0.008679800667,1,-0.590933919,0.0225778129,-0.3935343027,0,1.481571317,1.871397853,-22.60894012
0.1552971601,0.315135181,0.02234969474,-0.01646948047,1,-1.637857795,0.02776243351,-0.925566256,0,1.816515326,2.866299868,-36.38648987
0.1552971601,0.3199787438,0.02170805633,-0.02704599872,1,-4.783601284,0.03468033671,-1.116602778,96.19047546,1.142892361,2.860381603,-51.24826431
0.1552971601,0.3248223364,0.004715638235,-0.03573231399,1,-8.869447708,0.03604213521,-2.022209883,182.7486877,-1.094383001,-1.548674822,-82.48204803
0.1552971601,0.3296658993,-0.02655253187,-0.02933960222,1,-7.297783375,0.03957081214,-0.3720428944,155.4809113,-0.05835413933,-4.872851372,-132.1453094
0.1552971601,0.3345094621,-0.03091427684,-0.01393236592,1,-2.008204699,0.03390875086,0.5102684498,0,1.952501297,-4.598256111,-155.7399902
0.1552971601,0.3393530548,-0.02682233602,-0.00459606573,1,-0.4430241585,0.02721326053,-0.8671832085,0,2.114485502,-3.073997498,-170.2766724
0.1552971601,0.3441966176,-0.02281842381,-0.003243489889,1,0.6549289823,0.02304779179,0.3222632706,0,2.618878365,-0.1922639906,-171.9099731
0.1552971601,0.3490402102,-0.01096539572,-0.002103912877,1,1.751547456,0.01116540842,2.370052338,0,3.142765045,1.89950192,-169.1387482
0.1601407379,0.237637952,0.009135646746,-0.003858453128,1,2.027368069,0.009917041287,-0.4928846955,0,2.226989746,-0.6865152717,-22.89683151
0.1601407379,0.2424815297,0.0194388032,-0.003389520803,1,0.4959486723,0.01973210461,-0.2233138531,0,1.56063807,-0.0559476763,-9.891151428
0.1601407379,0.2473251075,0.01909688488,-0.004669104237,1,-0.4799487591,0.01965938881,-0.1833613813,0,0.8601868153,0.5063246489,-13.73903465
0.1601407379,0.2521686852,0.02128051594,-0.006730068941,1,-0.6006605625,0.02231936902,-0.2771459818,0,1.11427319,1.032770157,-17.54981804
0.1601407379,0.257012248,0.02158460394,-0.01101377513,1,-1.884525895,0.0242321752,0.09256914258,39.35313034,0.3743425608,0.8352608681,-27.03343582
0.1601407379,0.2618558407,0.01396582555,-0.01032735407,1,-3.662732124,0.01736947149,0.3838314414,77.40595245,-0.3214865923,-0.6766260266,-36.48193359
0.1601407379,0.2666994035,0.002286730334,-0.005877366755,1,-3.854080677,0.00630655,0.09552770853,82.07170868,0.2120929956,-1.15252018,-68.74028015
0.1601407379,0.2715429962,-0.003674424253,-0.004282337613,1,-2.095207214,0.005642677657,-0.1805996299,38.75683212,1.02804637,-0.7070889473,-130.6309814
0.1601407379,0.276386559,-0.002882146509,-0.003327275161,1,-0.7400457263,0.004401991609,-0.2005841285,0,1.703744292,-0.6563847065,-130.899704
0.1601407379,0.2812301517,0.0009933254914,-0.002074632095,1,-0.1437112093,0.002300172579,-0.1079368889,0,1.563316584,-0.5821431279,-64.41509247
0.1601407379,0.2860737145,0.003993822727,-0.001030420535,1,-0.1120140553,0.004124607425,0.02490693331,0,1.233925343,-0.3682299256,-14.46702003
0.1601407379,0.2909172773,0.006427373271,-0.0001704489841,1,-0.2867307663,0.006429633126,0.04463795573,0,1.411428213,-0.2152942419,-1.519083858
0.1601407379,0.29576087,0.009441382252,0.0002285812952,1,-0.3089734912,0.009444149211,-0.08914969862,0,1.608838439,-0.1482671201,1.386892796
0.1601407379,0.3006044328,0.01272337046,0.0001158908126,1,-0.08681571484,0.01272389758,-0.3467611074,0,1.796846271,-0.1864944696,0.5218641758
0.1601407379,0.3054480255,0.01772404835,-0.0005476826336,1,-0.1271560192,0.01773250848,-0.46220541,0,2.088572502,0.0005633085966,-1.769907236
0.1601407379,0.3102915883,0.02222364396,-0.002125565428,1,-1.200844765,0.02232506126,-0.3229716122,0,2.275914669,0.110838443,-5.463397026
0.1601407379,0.315135181,0.02293123305,-0.00264887535,1,-2.917691946,0.02308371663,0.3268137574,0,3.171615362,0.4918236136,-6.589252949
0.1601407379,0.3199787438,0.0234535411,-0.002924803644,1,-8.545418739,0.02363520861,0.4637832046,179.0947723,1.527750731,-0.5054964423,-7.108445168
0.1601407379,0.3248223364,-0.01105938852,0.002045905683,1,-12.01813793,0.01124703512,-0.03834059834,255,-1.249470234,-0.9106448889,169.5191803
0.1601407379,0.3296658993,-0.04080915079,0.001300269971,1,-7.722315788,0.04082985967,0.1368380487,161.5862427,1.49875617,0.4791367352,178.1750488
0.1601407379,0.3345094621,-0.04120359197,0.0003879604628,1,-2.625030994,0.04120541736,-0.3525775671,0,3.286049604,-0.8508814573,179.4605408
0.1601407379,0.3393530548,-0.03760745376,0.003713843646,1,0.1614131927,0.03779038414,-0.8000012636,0,3.445883274,-1.185380816,174.3601685
0.1601407379,0.3441966176,-0.02373137139,0.002254576422,1,1.984568834,0.02383822761,-0.3861403763,0,3.967386007,0.270547837,174.5729523
0.1601407379,0.3490402102,-0.008778697811,0.000533123326,1,2.272325039,0.008794871159,-0.9447767138,0,3.901882648,-0.2339600623,176.5247345
0.1649843156,0.237637952,0.006730216555,-0.003980467562,1,2.147473812,0.007819202729,0.6381566525,0,2.433403969,-0.6141893864,-30.60144424
0.1649843156,0.2424815297,0.01782413572,-0.0009475499974,1,1.017609,0.01784930378,-0.295191288,0,1.599099755,-0.9016350508,-3.043040037
0.1649843156,0.2473251075,0.01940444857,-0.001043109922,1,-0.2906453609,0.01943246461,-0.1771487743,0,1.132655501,0.06103018671,-3.077043056
0.1649843156,0.2521686852,0.02190247737,-0.002101188293,1,-0.69573915,0.02200303413,-0.2533172667,0,1.332461476,0.1694563329,-5.479833126
0.1649843156,0.257012248,0.02248845808,-0.003090843558,1,-2.342008591,0.02269987017,-0.1655730754,46.84749222,0.7971327305,-0.2236790806,-7.825777054
0.1649843156,0.2618558407,0.01441975124,-0.001819747384,1,-3.814418316,0.01453412231,0.3883440197,79.96592712,-0.5906486511,-0.7559946775,-7.192605019
0.1649843156,0.2666994035,0.001152172801,0.002451849869,1,-3.446221352,0.00270907185,0.4565778971,72.2779007,-0.4354250431,-0.6134408116,64.83024597
0.1649843156,0.2715429962,-0.004381306004,0.003362971358,1,-2.124291897,0.005523171276,-0.09171322733,40.07648468,0.9875354767,-0.2539394796,142.4911346
0.1649843156,0.276386559,-0.004353795201,0.003237605328,1,-1.027127028,0.005425644573,-0.2411826551,0,1.638590455,-0.01634160429,143.3644714
0.1649843156,0.2812301517,-0.001419636072,0.00227393629,1,-0.1287368536,0.002680700039,-0.5294415355,0,1.640812635,-0.2793471813,121.9768524
0.1649843156,0.2860737145,0.002970061498,0.002026254078,1,0.1746849418,0.003595409682,0.05027402937,0,1.349179983,-0.3097952008,34.30283737
0.1649843156,0.2909172773,0.005961299874,0.004017954227,1,-0.1524243355,0.007188953459,0.2526294291,0,1.316208124,-0.3957293332,33.98022461
0.1649843156,0.29576087,0.008606938645,0.005166630261,1,-0.3318617344,0.01003859844,-0.1131566092,0,1.386022329,-0.3216702044,30.97583008
0.1649843156,0.3006044328,0.01106720883,0.005027906038,1,-0.2162262201,0.01215577777,-0.4090773165,0,1.701261878,-0.4227690995,24.43260956
0.1649843156,0.3054480255,0.01579982415,0.005232947413,1,-0.3108580112,0.01664386317,-0.2687450647,0,2.116965532,-0.9154257774,18.32501984
0.1649843156,0.3102915883,0.01981523074,0.008160154335,1,-0.6107901335,0.02142968588,-0.02753865719,0,2.78170681,-1.636185527,22.38246346
0.1649843156,0.315135181,0.02631482854,0.01302455366,1,-2.681263208,0.02936169505,0.9025048018,0,3.03034091,-1.902039409,26.3331604
0.1649843156,0.3199787438,0.02150601521,0.02174418233,1,-6.680426598,0.03058297187,-0.1701629162,139.8630524,1.272094727,-0.8725378513,45.31550598
0.1649843156,0.3248223364,0.0001191533665,0.0164265614,1,-8.899888992,0.01642699353,0.7182587385,189.0492249,-0.4062533379,2.043890953,89.58439636
0.1649843156,0.3296658993,-0.0235690102,0.01532338001,1,-7.352116585,0.02811235003,1.931988835,151.2346802,-0.2584953308,2.288781643,146.970108
0.1649843156,0.3345094621,-0.03674332425,0.0146984132,1,-3.370621681,0.03957417235,1.327610016,64.31793213,0.7135614157,2.155687809,158.1971436
0.1649843156,0.3393530548,-0.03643868864,0.01131252013,1,0.07330608368,0.03815430775,0.2777559161,0,2.686021805,1.999205112,162.7528687
0.1649843156,0.3441966176,-0.02337830514,0.006360440049,1,1.377749324,0.02422809042,0.01407235861,0,2.702702999,1.154457569,164.7801514
0.1649843156,0.3490402102,-0.01667469926,0.005788975861,1,1.034398913,0.01765100099,-0.01339390129,0,1.733631492,0.2225731611,160.8544617
0.1698278934,0.237637952,0.009251734242,-0.002473527798,1,0.5515600443,0.009576686658,0.3614753485,0,1.261210442,-0.4232762754,-14.96840572
0.1698278934,0.2424815297,0.01364188176,-0.0005730250268,1,0.7373797894,0.01365391165,-0.1233028769,0,1.179121137,-1.093307257,-2.405285835
0.1698278934,0.2473251075,0.01853445545,0.002224764088,1,0.1739245653,0.01866750233,0.0136281848,0,1.319278955,-0.7433956861,6.844691277
0.1698278934,0.2521686852,0.02087432891,0.00309367897,1,-0.8825406432,0.02110233344,-0.2898684442,0,1.123019338,-0.695795536,8.4301548
0.1698278934,0.257012248,0.01969923079,0.004190900363,1,-2.683708906,0.02014009282,-0.1263593882,53.94797134,0.8897358775,-0.579236567,12.01029491
0.1698278934,0.2618558407,0.01218508091,0.005287224893,1,-3.788139343,0.01328273118,0.2679674625,80.60865784,0.0363099575,-0.6641450524,23.45648956
0.1698278934,0.2666994035,0.001526952954,0.008705659769,1,-3.023640633,0.008838557638,0.8030027151,60.8736763,-0.5963490009,-0.3331030011,80.051651
0.1698278934,0.2715429962,-0.005348620005,0.01079004072,1,-1.733873725,0.0120429527,0.1140954047,34.87830353,0.5660514235,-0.06731489301,116.3675995
0.1698278934,0.276386559,-0.004129485227,0.009584334679,1,-0.6846555471,0.01043609716,-0.3654037714,0,1.185218215,0.5210735798,113.3091736
0.1698278934,0.2812301517,-0.002924105618,0.006496318616,1,-0.1507986784,0.007124082185,-0.5025468469,0,1.568407297,0.5144693255,114.2333374
0.1698278934,0.2860737145,0.002736811759,0.004658337682,1,0.2927985787,0.005402800161,0.08933197707,0,1.494803548,-0.002886891365,59.56541824
0.1698278934,0.2909172773,0.005734257866,0.006942986511,1,-0.1254249513,0.009004820138,0.2905845642,0,1.074816704,-0.5127365589,50.44647598
0.1698278934,0.29576087,0.007335264701,0.008549286053,1,-0.3563270569,0.0112648299,-0.04496592283,0,0.9674454927,-0.5529389977,49.37049484
0.1698278934,0.3006044328,0.008694257587,0.009403393604,1,-0.3328107595,0.01280679181,-0.1046991348,0,1.293497324,-0.6543719769,47.24392319
0.1698278934,0.3054480255,0.0119884247,0.01121166907,1,-0.5259485245,0.01641413569,-0.1613622308,0,1.655487418,-1.173602343,43.08241272
0.1698278934,0.3102915883,0.01416526642,0.01430625748,1,-0.5084581971,0.02013265528,0.4246375561,0,1.768164396,-2.425333023,45.28372192
0.1698278934,0.315135181,0.01808990911,0.02501572296,1,-0.6212167144,0.03087120317,0.463719368,0,1.496163368,-3.931295395,54.12774277
0.1698278934,0.3199787438,0.01840313897,0.0355938524,1,-2.980827093,0.04006991163,0.5897041559,62.05807114,-0.2751569748,-3.161607742,62.65961456
0.1698278934,0.3248223364,0.00231929752,0.04318549484,1,-5.86391449,0.04324772954,0.01543426514,116.4682541,-2.140222549,0.002030048985,86.92585754
0.1698278934,0.3296658993,-0.02036552131,0.03565877676,1,-3.880050898,0.04106461629,-0.9416685104,72.45909119,-1.622358561,3.810097218,119.7316437
0.1698278934,0.3345094621,-0.02433196828,0.02017001994,1,-1.35994339,0.03160497546,0.02687501907,28.96015167,0.07715308666,4.009476662,140.342926
0.1698278934,0.3393530548,-0.02657881565,0.01636873558,1,-0.02052748203,0.03121488355,0.6465382576,0,1.313055992,3.020388126,148.3728943
0.1698278934,0.3441966176,-0.01807150617,0.008672093041,1,1.373248816,0.02004456334,-0.7460360527,0,2.510924101,1.824135303,154.3647308
0.1698278934,0.3490402102,-0.007765521761,0.00391991064,1,2.072242022,0.008698794991,-0.2347014546,0,2.183270216,1.727553844,153.216095
0.1746714562,0.237637952,0.006430879235,-0.0005432258477,1,0.6686552763,0.006453781854,0.3337104619,0,1.602607846,-0.3828182518,-4.82839632
0.1746714562,0.2424815297,0.01193139888,0.00119205541,1,0.6442188025,0.01199079957,0.2085930109,0,1.304524422,-0.8335541487,5.705436707
0.1746714562,0.2473251075,0.01586976834,0.004504494835,1,0.1594723463,0.01649666764,0.08946382999,0,0.9134836197,-1.236173391,15.84612942
0.1746714562,0.2521686852,0.01712834463,0.007612882182,1,-0.3186740875,0.01874396391,0.2999719977,0,0.9795680046,-1.705344677,23.96328354
0.1746714562,0.257012248,0.01907085441,0.01421738695,1,-1.412038684,0.02378721535,0.1805744767,28.24367332,0.4566483796,-1.696418285,36.70465469
0.1746714562,0.2618558407,0.01250083745,0.01670424268,1,-2.793395519,0.02086390927,-0.06365829706,58.84667969,-0.4361777306,-0.06184567511,53.19017792
0.1746714562,0.2666994035,0.003428165102,0.01420860738,1,-2.835408688,0.01461632084,0.09680129588,59.06849289,-0.6032805443,0.5513048172,76.43527222
0.1746714562,0.2715429962,-0.004154721275,0.01450281963,1,-1.423792243,0.01508620195,0.2624053359,29.84872818,-0.0271935463,0.6575961113,105.9857788
0.1746714562,0.276386559,-0.003599797376,0.01229447033,1,-0.2511788011,0.0128106419,0.03929361701,0,0.8277841806,0.8448529243,106.319931
0.1746714562,0.2812301517,-0.001361888484,0.01060103066,1,0.1639229655,0.01068815216,0.04949337244,0,1.27892828,0.9674554467,97.32054901
0.1746714562,0.2860737145,0.003388764337,0.007848249748,1,-0.05100244284,0.008548610844,0.01266765594,0,1.340792656,0.1715634316,66.64598846
0.1746714562,0.2909172773,0.004885291215,0.00983140897,1,-0.2439879179,0.0109782815,0.1697832495,0,0.7234227061,-0.6003428698,63.57691574
0.1746714562,0.29576087,0.005710944068,0.01157841552,1,-0.2026200593,0.01291025151,0.01763314009,0,0.7198623419,-0.6169462204,63.74561691
0.1746714562,0.3006044328,0.007390594576,0.01290504355,1,-0.1662003994,0.0148714846,0.2316064835,0,0.914177537,-0.6397473216,60.20064545
0.1746714562,0.3054480255,0.009333829395,0.01579888538,1,-0.3310697377,0.01835007221,0.1943476498,0,0.895554781,-1.102646589,59.42581558
0.1746714562,0.3102915883,0.01012472156,0.01918713562,1,-0.4752784669,0.02169461176,0.03252506256,0,0.5135871768,-1.512066126,62.18015671
0.1746714562,0.315135181,0.009519380517,0.02328023314,1,0.1838205755,0.02515129931,0.3468763828,0,-0.4059503973,-2.886714935,67.76015472
0.1746714562,0.3199787438,0.009048818611,0.03484928608,1,0.2084968686,0.03600491211,-0.4599349499,0,-2.131793737,-2.768619537,75.44425964
0.1746714562,0.3248223364,0.0002037429949,0.03446252644,1,-0.0952681303,0.03446312994,-1.395622015,0,-3.770550489,0.3779872656,89.66127014
0.1746714562,0.3296658993,-0.009675573558,0.02625867166,1,-0.6588816643,0.02798454091,-0.09400427341,0,-2.932837009,2.549387932,110.2274017
0.1746714562,0.3345094621,-0.01719297096,0.02165909111,1,-0.9767163396,0.0276534725,0.3638662696,4.470961571,-0.8818475604,2.116051674,128.4425354
0.1746714562,0.3393530548,-0.01867767237,0.01777182519,1,-0.1314845085,0.02578164451,0.2506382465,0,-0.06743558496,2.271508217,136.4236298
0.1746714562,0.3441966176,-0.01815645583,0.01187085081,1,0.4327194095,0.02169271745,-1.061232924,0,1.473662376,1.301705718,146.822998
0.1746714562,0.3490402102,-0.009443963878,0.006326748058,1,1.05319488,0.01136733033,-1.918649912,0,2.544338226,0.3706024289,146.1808929
0.179515034,0.237637952,0.00901387725,0.002050136914,1,-0.2391065955,0.009244081564,0.1906508803,0,0.900172174,-0.0468076542,12.81350422
0.179515034,0.2424815297,0.01061483845,0.002625211375,1,0.1213847399,0.0109346481,0.1149910092,0,0.6975160837,-0.6750724912,13.89137554
0.179515034,0.2473251075,0.01298028696,0.005876870826,1,0.2000508606,0.01424870081,0.1156332493,0,0.5127421618,-1.2793262,24.35880852
0.179515034,0.2521686852,0.01406730711,0.009381805547,1,-0.2389059365,0.0169087965,0.1136235595,3.816911221,0.1102503017,-1.406979322,33.7002182
0.179515034,0.257012248,0.01235713437,0.01324201748,1,-0.08733293414,0.01811214536,-0.1975291371,0,-0.4267732799,-1.709380388,46.97974777
0.179515034,0.2618558407,0.01157719363,0.01670457423,1,-0.6292108297,0.02032422647,0.1491916776,0,-0.9586720467,-1.146361351,55.27590179
0.179515034,0.2666994035,0.004666100256,0.01951712929,1,-1.498971105,0.02006715722,0.2891646922,21.4035759,-1.075514674,0.1136766076,76.55426788
0.179515034,0.2715429962,-0.0008925283328,0.0175545644,1,-0.5865392089,0.01757723838,0.2190903425,8.971173286,-0.3452429771,1.190843463,92.9105835
0.179515034,0.276386559,0.0001529406582,0.01481036749,1,0.03632330894,0.01481115725,0.0006658434868,0,0.5611866117,1.168736219,89.40834808
0.179515034,0.2812301517,0.002001557499,0.01189692505,1,0.09529367089,0.01206412259,0.1547417641,0,0.6224005222,0.8589262962,80.4499054
0.179515034,0.2860737145,0.003629148006,0.01139959507,1,-0.3623574078,0.01196333952,0.05056241155,0,0.7024489641,0.1059384197,72.34073639
0.179515034,0.2909172773,0.003648812184,0.01162870787,1,-0.2006298006,0.01218772586,-0.006780222058,0,0.3664785922,-0.3407894373,72.57938385
0.179515034,0.29576087,0.004432449583,0.01301739458,1,0.141564399,0.01375133358,0.08533574641,0,0.4919727743,-0.5356044769,71.19618988
0.179515034,0.3006044328,0.006717398763,0.01463628002,1,0.09549170732,0.01610416546,0.2291636467,0,0.5562095046,-0.6246507764,65.34700012
0.179515034,0.3054480255,0.007589015178,0.01715291105,1,-0.07186935842,0.01875674538,0.135050565,0,0.1300095171,-0.785677433,66.13381958
0.179515034,0.3102915883,0.006999005098,0.01909589767,1,-0.03873848915,0.02033812553,-0.02687376738,0,-0.3330924511,-1.060451508,69.87117004
0.179515034,0.315135181,0.005788023118,0.02215912566,1,-0.1065453887,0.02290257625,-0.1302880645,0,-0.7675186396,-1.196151733,75.36125946
0.179515034,0.3199787438,0.002765408019,0.02425849065,1,0.460957408,0.02441560663,-0.599604845,0,-2.194740295,-1.265410423,83.49649048
0.179515034,0.3248223364,-0.002609688323,0.02538400702,1,0.009898781776,0.02551780269,-0.3789381087,0,-2.330106735,-0.4586777687,95.86985779
0.179515034,0.3296658993,-0.008472698741,0.02464471571,1,-0.5043027401,0.02606048062,-0.2529065609,0,-1.500548482,0.7287021875,108.9726486
0.179515034,0.3345094621,-0.01232031081,0.02062952332,1,-0.2205827832,0.02402846701,-0.04664373398,0,-0.9954445958,1.597957611,120.8463745
0.179515034,0.3393530548,-0.01436262205,0.01667896099,1,-0.267344892,0.02201073989,-0.005942583084,0,-0.6795683503,1.421834588,130.7324829
0.179515034,0.3441966176,-0.01690675877,0.01371397357,1,-0.3786165118,0.02176951058,-0.1137089133,6.517255306,0.1926018596,1.029370308,140.952652
0.179515034,0.3490402102,-0.01526359841,0.0111423675,1,-0.4139854908,0.01889787801,-1.091866016,0,1.092473745,-0.03000712395,143.8707123
0.1843586117,0.237637952,0.007127595134,0.004974959418,1,-0.1053746343,0.008692112751,-0.2816872597,0,0.9687882662,0.1280788779,34.91448975
0.1843586117,0.2424815297,0.009218600579,0.003982592374,1,0.03112697601,0.01004209369,-0.118455708,0,0.6100801229,-0.3340153992,23.36516571
0.1843586117,0.2473251075,0.01023333147,0.006019039545,1,0.1279650927,0.01187223289,0.04654026031,0,0.2117167413,-1.052121758,30.46318626
0.1843586117,0.2521686852,0.01086387597,0.009304047562,1,0.09020891786,0.01430346444,0.06150960922,0,-0.1725327075,-1.291674376,40.57743073
0.1843586117,0.257012248,0.009834590368,0.0125732813,1,-0.1461849213,0.01596266218,0.03977644444,0,-0.513019383,-1.1585989,51.96813583
0.1843586117,0.2618558407,0.007670968771,0.01510847174,1,-0.1151112318,0.01694431156,-0.1960406005,0,-0.8047113419,-0.9571247101,63.08189774
0.1843586117,0.2666994035,0.005379358307,0.01625965163,1,0.09710007906,0.01712640561,0.09014763683,0,-1.128685951,-0.02610632032,71.69367218
0.1843586117,0.2715429962,0.002674402436,0.01567155682,1,0.1138447225,0.0158981178,0.2802782059,0,-0.7982698679,0.574062109,80.31558228
0.1843586117,0.276386559,0.002064291853,0.01483668666,1,0.2316658944,0.01497960463,0.002916067839,4.819053173,-0.05132625997,0.5226647854,82.07904816
0.1843586117,0.2812301517,0.003547891509,0.01315411367,1,0.09778830409,0.01362417918,-0.07773661613,0,0.3321617246,0.3002823591,74.90552521
0.1843586117,0.2860737145,0.004146788269,0.01300572231,1,-0.2370035797,0.01365081221,-0.07075367868,3.288233995,0.1655518562,0.04814045504,72.31546021
0.1843586117,0.2909172773,0.003201810643,0.01257824246,1,-0.2763536274,0.01297935937,-0.002807814628,4.96468544,0.1490188837,-0.05853591114,75.71857452
0.1843586117,0.29576087,0.003530032467,0.01327564567,1,0.155138433,0.01373695396,0.1931093186,0,0.3141863942,-0.3350794911,75.10944366
0.1843586117,0.3006044328,0.005475021899,0.01513656601,1,0.2558268011,0.01609632,0.1557630152,0,0.2917921841,-0.567061305,70.11452484
0.1843586117,0.3054480255,0.006182467565,0.01677670144,1,0.02217578143,0.01787961461,-0.06657725573,0,-0.1495290101,-0.6084996462,69.770401
0.1843586117,0.3102915883,0.00485817669,0.01776140928,1,-0.179297626,0.01841383986,-0.07807803154,0,-0.4582065344,-0.7598171234,74.70238495
0.1843586117,0.315135181,0.003094666637,0.02007875778,1,-0.09261894226,0.0203158427,-0.05809283257,0,-0.9072008133,-0.9303405285,81.23815155
0.1843586117,0.3199787438,1.547217835e-05,0.02198620886,1,-0.1982442141,0.02198621444,-0.07208016515,0,-1.236228704,-0.7017325163,89.95967865
0.1843586117,0.3248223364,-0.003853314556,0.02312852815,1,-0.1759728789,0.02344731987,-0.1526233554,0,-1.349034667,-0.03846602887,99.45884705
0.1843586117,0.3296658993,-0.007371020503,0.02143327892,1,0.01484060287,0.02266533487,-0.3072787821,0,-1.217621922,0.7709647417,108.9783707
0.1843586117,0.3345094621,-0.009679061361,0.0179059878,1,-0.02616930008,0.02035457268,-0.1558154821,0,-0.8922982812,1.012347937,118.3933792
0.1843586117,0.3393530548,-0.01181968953,0.0157751888,1,-0.2185268402,0.01971196756,0.07712933421,0,-0.6160457134,0.7519190311,126.8426895
0.1843586117,0.3441966176,-0.01372137852,0.01463759132,1,-0.2959948778,0.02006328292,0.3025906682,0,-0.335388422,0.7468466163,133.1495514
0.1843586117,0.3490402102,-0.01487784367,0.01362340059,1,-0.3316794634,0.02017293498,0.09501826763,0,-0.145844236,0.5137944818,137.5201874
0.1892021894,0.237637952,0.008269863203,0.007252928335,1,0.01281122304,0.01099980064,-0.665630579,0,0.05052884668,0.08733031154,41.25177383
0.1892021894,0.2424815297,0.008423259482,0.005429415964,1,-0.2319295853,0.01002146956,-0.4692556262,0,0.1988572627,-0.2689079046,32.80478668
0.1892021894,0.2473251075,0.008109674789,0.006282528397,1,-0.146465987,0.01025850791,-0.1298601627,0,0.0815653652,-0.6831247807,37.76478195
0.1892021894,0.2521686852,0.008108908311,0.008109196089,1,0.01452261955,0.01146793179,0.01217538118,0,-0.2564193606,-1.057840586,45.00101852
0.1892021894,0.257012248,0.006938030943,0.0114652263,1,0.1566999257,0.01340103336,0.004087209702,0,-0.5938067436,-1.080905557,58.82032013
0.1892021894,0.2618558407,0.005991747603,0.01336444262,1,0.4155423045,0.014646139,-0.2687003613,0,-0.8205614686,-0.7053018808,65.85163879
0.1892021894,0.2666994035,0.004976289347,0.01357993949,1,0.5038833618,0.01446299534,-0.3707723618,0,-1.070863366,-0.3237459064,69.87493896
0.1892021894,0.2715429962,0.003245535539,0.01313666627,1,0.4227955937,0.01353164855,-0.05445046723,0,-0.8930383325,-0.02549119294,76.12244415
0.1892021894,0.276386559,0.00269863219,0.013439673,1,0.5433622599,0.01370793302,0.1305796653,0,-0.5776469707,0.1521619409,78.64621735
0.1892021894,0.2812301517,0.003079475136,0.0130321309,1,0.4095390439,0.01339102723,-0.3224915564,1.666583538,-0.2400389314,-0.3038546145,76.70495605
0.1892021894,0.2860737145,0.003519619117,0.01334940363,1,0.153792128,0.01380558964,-0.2283366024,0,-0.09759094566,-0.3639603257,75.22987366
0.1892021894,0.2909172773,0.003351689084,0.01368903276,1,-0.2830691934,0.01409338228,0.1010670885,0,0.3295610547,0.01056537032,76.24208069
0.1892021894,0.29576087,0.00374480593,0.01378775574,1,-0.2382181734,0.0142872585,0.142748028,0,0.5218007565,-0.0887850225,74.8048172
0.1892021894,0.3006044328,0.004725243431,0.01481048111,1,0.07300566882,0.01554600522,-0.2056006193,0,0.04558886588,-0.7286623716,72.30486298
0.1892021894,0.3054480255,0.004319227766,0.01632124558,1,-0.1186572686,0.016883092,-0.3947743475,0,-0.2497994602,-1.000628114,75.17713165
0.1892021894,0.3102915883,0.002940594684,0.01774498075,1,-0.4681847692,0.01798697934,-0.3847121,3.31210947,-0.21700266,-0.7754129171,80.59078979
0.1892021894,0.315135181,0.001000469201,0.01821363531,1,-0.4600470662,0.01824109256,-0.05242364109,6.272269726,-0.3499345183,-0.3592115641,86.85591888
0.1892021894,0.3199787438,-0.0009826141177,0.019230932,1,-0.2983500957,0.0192560181,0.4633942842,0,-0.6380886436,0.1560687423,92.92501068
0.1892021894,0.3248223364,-0.003535244614,0.01970219053,1,-0.1456013918,0.02001684904,0.5275175571,0,-0.9371076822,0.6422560215,100.172554
0.1892021894,0.3296658993,-0.006226799916,0.0186751876,1,-0.07302185893,0.01968592592,0.1769498587,0,-0.8842041492,0.8516246676,108.439743
0.1892021894,0.3345094621,-0.008171629161,0.0164343603,1,-0.2292835265,0.01835384779,0.01298341155,0,-0.6213814616,0.8226411343,116.4378662
0.1892021894,0.3393530548,-0.01034706179,0.0147535475,1,-0.1841285676,0.018020235,0.03814843297,0,-0.5698798895,0.639190197,125.0430145
0.1892021894,0.3441966176,-0.01182372775,0.01352316793,1,0.3194250762,0.01796320081,0.16222018,0,-0.7256753445,0.721945405,131.1642303
0.1892021894,0.3490402102,-0.01231476665,0.01204247493,1,0.703468442,0.01722424664,0.6618647575,0,-0.906226635,1.273267508,135.6405029
0.1940457672,0.237637952,0.004326552618,0.005157647654,1,0.7044330835,0.006732041948,-0.6259456277,0,-0.1607458889,-1.002317905,50.00799942
0.1940457672,0.2424815297,0.005643248092,0.006069141906,1,0.07118408382,0.008287384175,-0.3710215092,0,0.3353383541,-0.776894927,47.08250809
0.1940457672,0.2473251075,0.00629557576,0.007123527117,1,-0.1575416923,0.009506782517,-0.1760703623,0,0.1897217333,-0.5730036497,48.53063965
0.1940457672,0.2521686852,0.005799114704,0.00799171906,1,-0.1488246024,0.009874071926,-0.2895553112,0,-0.1973329782,-0.6641998291,54.03384781
0.1940457672,0.257012248,0.00461893715,0.008938143961,1,0.2279681861,0.0100610638,-0.3621908724,0,-0.8155093193,-0.5954044461,62.67157364
0.1940457672,0.2618558407,0.002953313524,0.009121307172,1,0.6072720289,0.009587507695,-0.6588898897,0,-1.144794583,-0.5957340002,72.05899048
0.1940457672,0.2666994035,0.002015405102,0.008632243611,1,0.9527335167,0.008864394389,-0.5930392146,0,-1.090258837,-0.6295629144,76.85832977
0.1940457672,0.2715429962,0.002287198789,0.009298212826,1,0.9389004707,0.009575387463,-0.117880404,0,-0.646065712,-0.2778339982,76.1805954
0.1940457672,0.276386559,0.003433772828,0.009406991303,1,0.6495507956,0.01001410466,0.225030005,0,-1.015615702,0.07852273434,69.94673157
0.1940457672,0.2812301517,0.0005141350557,0.0100078322,1,0.4018492699,0.01002102997,-0.2838338614,0,-0.8469377756,-0.7754410505,87.05911255
0.1940457672,0.2860737145,0.001277952106,0.01178812888,1,0.6556037664,0.01185719762,0.1088467538,0,0.01092547178,-1.034471154,83.81272125
0.1940457672,0.2909172773,0.003742511151,0.0155455647,1,-0.123835057,0.01598971523,0.6142537594,0,0.6427602172,-0.4528763294,76.46393585
0.1940457672,0.29576087,0.003791406518,0.01695685647,1,-0.942574501,0.01737555116,-0.04630801454,0,0.3660039306,0.06555023044,77.39646149
0.1940457672,0.3006044328,0.0009498466388,0.01500377059,1,-0.4907796085,0.01503380667,-0.8636329174,0,-0.410966903,-0.6952960491,86.37759399
0.1940457672,0.3054480255,-0.0005762727233,0.01614150405,1,-0.1394983828,0.01615178771,-0.600459218,0,-0.2137168646,-1.420980573,92.04465485
0.1940457672,0.3102915883,-0.0007609788445,0.01897802949,1,-0.08144240081,0.01899328083,-0.3027260602,0,0.4277054667,-1.225719929,92.29621124
0.1940457672,0.315135181,0.001100879395,0.02061209641,1,-0.1052996218,0.02064147405,0.1613940895,0,0.8850679398,-0.1199329197,86.94277191
0.1940457672,0.3199787438,0.003015889553,0.02034065872,1,-0.1556451321,0.02056302503,0.6895436645,0,0.3025809228,0.9615101218,81.56625366
0.1940457672,0.3248223364,0.001812574221,0.01929480582,1,-0.4738397598,0.01937975548,0.8113045692,0,-0.6420562267,1.396905661,84.63332367
0.1940457672,0.3296658993,-0.002389039611,0.01750425436,1,-0.5267159939,0.01766653545,0.4529230297,0,-1.010215282,1.131756902,97.77189636
0.1940457672,0.3345094621,-0.005631648935,0.01600683108,1,-0.546584487,0.01696862094,0.1530354619,0,-0.7231190205,0.8957678676,109.3832932
0.1940457672,0.3393530548,-0.008538947441,0.01390677225,1,-0.2181914449,0.01631906629,-0.290594697,0,-0.5678400993,1.037197471,121.5504837
0.1940457672,0.3441966176,-0.009438853711,0.009575566277,1,1.128222942,0.01344557293,-0.3417212367,0,-0.5018125176,1.326478481,134.5880585
0.1940457672,0.3490402102,-0.0055048801,0.005826717243,1,2.095500469,0.008015880361,0.6319810152,0,-0.4710972905,2.179943085,133.3731537
