PIVlab, ASCII chart output - 13-Mar-2024
FRAME: 48, filenames: A:[48]2 vortices tapados mismo sentido clase 4.mp4 & B:[49]2 vortices tapados mismo sentido clase 4.mp4, conversion factor xy (px -> m): 0.00030272, conversion factor uv (px/frame -> m/s): 0.0090842
x [m],y [m],u [m/s],v [m/s],Vector type [-],vorticity [1/s],magnitude [m/s],divergence [1/s],dcev [1],simple shear [1/s],simple strain [1/s],vector direction [degrees]
0.1262357086,0.237637952,0.0108292345,-0.001874920446,1,-0.005681082606,0.01099034306,0.003560233861,0,0.2161779553,0.03014614806,-9.822536469
0.1262357086,0.2424815297,0.01133901346,-0.001939305919,1,0.129594788,0.01150365733,-0.09412790835,0,0.03478489444,0.01057858393,-9.705365181
0.1262357086,0.2473251075,0.0116254203,-0.002382074483,1,0.1739569604,0.01186695695,-0.2702491879,0,-0.0518136695,0.1496677846,-11.57975006
0.1262357086,0.2521686852,0.01193062402,-0.003973206505,1,-0.05396221951,0.01257482264,-0.2596879303,0,0.1193992049,0.2083986402,-18.41909218
0.1262357086,0.257012248,0.01194236893,-0.004649284761,1,-0.05731400847,0.01281546056,-0.3284139633,0,0.06001092494,0.1311341822,-21.2714653
0.1262357086,0.2618558407,0.01194368675,-0.006199063733,1,-0.3568428755,0.01345659886,-0.4029485285,0,0.2312796712,0.1355402172,-27.43041039
0.1262357086,0.2666994035,0.01133419387,-0.007257496938,1,-0.5539693832,0.01345864777,-0.2192559242,0,0.1843551397,-0.07897379994,-32.63219833
0.1262357086,0.2715429962,0.01015343145,-0.006878531072,1,-0.3922599554,0.01226402726,-0.05676072836,0,0.01220472157,-0.1888429672,-34.1160202
0.1262357086,0.276386559,0.009493366815,-0.006617746316,1,-0.204613477,0.01157232001,-0.04361017793,0,0.1075644419,-0.04654552042,-34.88002777
0.1262357086,0.2812301517,0.009683366865,-0.006864313502,1,-0.113311775,0.0118695572,-0.130368948,0,0.2491630912,-0.07032033056,-35.3319397
0.1262357086,0.2860737145,0.01015137322,-0.006908596493,1,-0.05452805012,0.01227921341,-0.2986605167,0,0.07816278189,-0.2587983012,-34.23755264
0.1262357086,0.2909172773,0.009797843173,-0.007057388779,1,-0.06342174113,0.01207495201,-0.4563734531,0,-0.1564220488,-0.2475569248,-35.76521683
0.1262357086,0.29576087,0.009086542763,-0.007920015603,1,-0.07444936782,0.01205370948,-0.4374976158,0,-0.2969421148,-0.103444472,-41.07606888
0.1262357086,0.3006044328,0.00799897965,-0.008675401099,1,-0.08222262561,0.01180026494,-0.3123492897,0,-0.4275925756,0.04025644064,-47.32301712
0.1262357086,0.3054480255,0.006617213134,-0.00962788891,1,0.01876877248,0.01168262586,-0.2240943462,0,-0.5137631297,0.3397389352,-55.49940491
0.1262357086,0.3102915883,0.0056014359,-0.01140637137,1,0.03863884509,0.01270753331,-0.2792349458,0,-0.5291292667,0.5196608901,-63.84528732
0.1262357086,0.315135181,0.004241484683,-0.01349740289,1,-0.2864834368,0.01414814778,-0.6042963862,0,-0.6179511547,0.5190027356,-72.55496216
0.1262357086,0.3199787438,0.001220736885,-0.01684715785,1,-1.297376752,0.01689132676,-0.238623485,0,0.4750416279,0.4881675243,-85.85562134
0.1262357086,0.3248223364,0.0002584407339,-0.01701767184,1,-0.706512928,0.01701963507,-0.01511031389,0,0.5622586012,-0.3196927905,-89.12993622
0.1262357086,0.3296658993,0.0005220299354,-0.01537188888,1,-0.4043907523,0.01538075041,-0.7614707351,0,0.07687883079,-1.316204071,-88.05498505
0.1262357086,0.3345094621,-0.001327883801,-0.01433078572,1,-0.7004380226,0.01439217478,-1.130023837,0,-0.08944603801,-1.722061157,-95.29388428
0.1262357086,0.3393530548,-0.003303834936,-0.01250430942,1,-0.4907900393,0.01293340884,-1.679645538,0,-1.20090723,-1.61595118,-104.8002319
0.1262357086,0.3441966176,-0.009521750733,-0.01463929377,1,-2.787394047,0.01746346615,-1.939064384,0,-1.322136402,1.300959706,-123.0409546
0.1262357086,0.3490402102,-0.02320866473,-0.0281976182,1,-6.263228893,0.03652051091,-0.7169594765,0,0.6116743088,4.881498337,-129.4568481
0.1310792714,0.237637952,0.01091086399,-0.001337626367,1,-0.04821045697,0.01099255215,-0.199519679,0,0.1414519697,0.1437342018,-6.989346981
0.1310792714,0.2424815297,0.01113667525,-0.002168914769,1,0.02844759449,0.0113459127,-0.1811931729,0,0.05878844485,0.1473274529,-11.02064323
0.1310792714,0.2473251075,0.01133339852,-0.002928841626,1,0.1318078041,0.01170572639,-0.1593167037,0,0.00646545738,0.1265150458,-14.4896946
0.1310792714,0.2521686852,0.0118064126,-0.003553363029,1,-0.01249121781,0.0123295486,-0.1810894608,0,0.0395790711,0.1154496148,-16.75016212
0.1310792714,0.257012248,0.01146460045,-0.00436514942,1,-0.1072459221,0.01226750109,-0.1848107129,0,0.001883655787,0.06735752523,-20.84434319
0.1310792714,0.2618558407,0.01129608229,-0.004774759524,1,-0.2420912385,0.01226375997,-0.2232272029,1.792373896,0.06605324149,0.00476270169,-22.91337395
0.1310792714,0.2666994035,0.01061194669,-0.005469436292,1,-0.3811181784,0.01193851512,-0.2651862502,7.359285831,0.02240620553,-0.033075504,-27.26674652
0.1310792714,0.2715429962,0.00955863297,-0.005899006035,1,-0.2738226652,0.01123235282,-0.1519595385,6.144481182,-0.002195864916,-0.07096914202,-31.68035698
0.1310792714,0.276386559,0.009275029413,-0.005861719605,1,-0.1470172256,0.01097205188,-0.08915771544,2.475253105,0.07242532074,-0.07109820843,-32.29244995
0.1310792714,0.2812301517,0.009197341278,-0.005986478645,1,-0.1908851117,0.01097401511,-0.1825165153,0,0.09308560193,-0.03272461891,-33.05979538
0.1310792714,0.2860737145,0.008801329881,-0.006587248296,1,-0.209269464,0.01099341828,-0.3272471428,0,-0.0187163502,-0.0596473217,-36.81257248
0.1310792714,0.2909172773,0.008093077689,-0.007282615174,1,-0.154964447,0.01088734996,-0.3897589445,0,-0.05662101507,-0.003351166844,-41.98269653
0.1310792714,0.29576087,0.00777649926,-0.008458844386,1,-0.08212481439,0.01149025653,-0.3683810234,0,-0.07334856689,0.09185653925,-47.40663147
0.1310792714,0.3006044328,0.007340030279,-0.009511811659,1,-0.02857486159,0.01201459952,-0.2783713341,0,-0.1529480219,0.2292535454,-52.3435173
0.1310792714,0.3054480255,0.006897279061,-0.01091756485,1,0.07407434285,0.01291377842,-0.2174310684,0,-0.312810123,0.4576009512,-57.71694946
0.1310792714,0.3102915883,0.006183695048,-0.01278138161,1,-0.02395385504,0.01419865433,-0.2165069133,0,-0.5670053959,0.481857121,-64.1820755
0.1310792714,0.315135181,0.004034921993,-0.01430014521,1,-0.3150000572,0.01485849079,0.08801227808,0,-0.5848754644,0.04122173786,-74.24308777
0.1310792714,0.3199787438,0.001825078041,-0.01255474798,1,-0.6755312681,0.01268670987,0.1279324591,16.32501602,-0.2715581059,0.05460633337,-81.72887421
0.1310792714,0.3248223364,-0.0005523792352,-0.01394498441,1,-0.7347887754,0.01395592,-0.3538368344,7.924804211,-0.5730714202,-0.01284690201,-92.26837158
0.1310792714,0.3296658993,-0.004509644583,-0.01420635916,1,-0.7064232826,0.01490494981,-0.4998550117,0,-0.8797296286,-0.7256985903,-107.6114426
0.1310792714,0.3345094621,-0.008235010318,-0.01285109669,1,-0.5917472243,0.01526322681,-0.776861608,0,-0.8070958257,-0.7732074857,-122.6518402
0.1310792714,0.3393530548,-0.01128504984,-0.01422405802,1,-0.160867393,0.01815698668,-0.8034332991,0,-0.4238430262,-1.166870475,-128.4277039
0.1310792714,0.3441966176,-0.0110671008,-0.01109076012,1,-0.5219910741,0.0156679824,-0.1264293492,13.10980797,0.142516911,-0.6789036989,-134.9388275
0.1310792714,0.3490402102,-0.01312306244,-0.01154810563,1,-2.746904373,0.01748066023,1.097980738,0,1.897963524,1.286826372,-138.6526947
0.1359228492,0.237637952,0.0105590336,-0.0009562771302,1,0.01976494491,0.0106022479,-0.2689140141,0,0.2345713526,0.07631456107,-5.174865723
0.1359228492,0.2424815297,0.01117498241,-0.001792347874,1,-0.04758137465,0.01131780632,-0.2686952353,0,0.2349448502,0.151015535,-9.112025261
0.1359228492,0.2473251075,0.01146654319,-0.002989178989,1,-0.02657938004,0.01184976008,-0.1361342371,0,0.1169486195,0.2620533407,-14.61108112
0.1359228492,0.2521686852,0.01161269285,-0.003721000394,1,-0.0009666299447,0.01219428051,-0.1487001181,0,-0.01824792847,0.08491453528,-17.76677132
0.1359228492,0.257012248,0.01137347613,-0.004120707978,1,-0.07745586336,0.01209694985,-0.1460819244,0,-0.07267165184,0.05739244446,-19.91588783
0.1359228492,0.2618558407,0.01088553853,-0.004706544336,1,-0.121312499,0.01185944863,-0.2078945041,0,-0.1850589514,0.03619991243,-23.38204765
0.1359228492,0.2666994035,0.009889542125,-0.005302998237,1,-0.1889849752,0.01122162398,-0.2243752927,0,-0.1850934178,-0.04757557809,-28.20122528
0.1359228492,0.2715429962,0.009073660709,-0.005562887527,1,-0.1715999842,0.01064316835,-0.1272909641,2.454717636,-0.07044962049,-0.07529166341,-31.51166534
0.1359228492,0.276386559,0.008717156015,-0.005554860923,1,-0.07746312767,0.01033659931,-0.1303271651,0,-0.01189837605,-0.1456063986,-32.50663757
0.1359228492,0.2812301517,0.008640831336,-0.005488881376,1,-0.09794698656,0.01023678575,-0.2304006219,0,0.007160115987,-0.1414626241,-32.42477798
0.1359228492,0.2860737145,0.008277422749,-0.005985639058,1,-0.2032053769,0.01021487173,-0.2291805744,0,0.04897085577,-0.003690756857,-35.87176132
0.1359228492,0.2909172773,0.007893786766,-0.006581055466,1,-0.2223908156,0.01027726382,-0.2442466617,0,0.1129168421,0.1463464797,-39.81799316
0.1359228492,0.29576087,0.007747177035,-0.007877507247,1,-0.1972492188,0.01104870439,-0.2451592535,0,0.1698495299,0.3116101325,-45.47790909
0.1359228492,0.3006044328,0.00776107423,-0.009277811274,1,-0.1330640614,0.01209595241,-0.1481263041,0,0.1399424076,0.6001394987,-50.0868454
0.1359228492,0.3054480255,0.007780492771,-0.01150179096,1,-0.1663410962,0.01388622541,-0.1804639101,0,-0.0141857788,0.8020470738,-55.92325211
0.1359228492,0.3102915883,0.006886678282,-0.01403667964,1,-0.2010023892,0.01563504711,-0.115159601,0,-0.4004237354,0.5667273998,-63.86649704
0.1359228492,0.315135181,0.004867438693,-0.01480456349,1,-0.3058000803,0.01558419224,0.1632967293,0,-0.6814457774,0.3395725787,-71.80019379
0.1359228492,0.3199787438,0.00210487633,-0.01489048544,1,-0.107355237,0.01503851917,0.008704185486,0,-1.21089685,0.3039032221,-81.95413971
0.1359228492,0.3248223364,-0.001517617609,-0.01623438299,1,0.1352711916,0.0163051635,-0.2562554181,0,-1.687615752,0.01644071937,-95.34057617
0.1359228492,0.3296658993,-0.005414025392,-0.0162113104,1,-0.023478508,0.01709146611,-0.2840451002,0,-1.487420678,-0.4617120624,-108.4675674
0.1359228492,0.3345094621,-0.008835752495,-0.01537384186,1,-0.3310868442,0.01773204841,-0.1489427686,0,-1.203546047,-0.6513110995,-119.8871155
0.1359228492,0.3393530548,-0.0128471395,-0.01377805043,1,-0.5018287897,0.01883835718,-0.1457461119,4.859128475,-0.4451335073,-0.9619071484,-132.9975586
0.1359228492,0.3441966176,-0.01342243794,-0.01142070256,1,0.1110452861,0.0176236853,0.2288182974,0,0.1345284283,-1.438993812,-139.6066742
0.1359228492,0.3490402102,-0.01165768411,-0.005699872971,1,-0.289870441,0.01297652349,1.212123871,0,1.018566608,-1.1501019,-153.9442902
0.1407664269,0.237637952,0.009977993555,-0.0002971948124,1,0.0006852224469,0.009982418269,-0.1013825759,0,0.2423957735,0.1064316556,-1.706052065
0.1407664269,0.2424815297,0.01056668442,-0.0008004769916,1,0.1644980907,0.01059696078,-0.2204470336,0,0.2412565053,0.1793520153,-4.332155704
0.1407664269,0.2473251075,0.01194329746,-0.002233652631,1,0.04953843728,0.01215037331,-0.1896369755,0,0.1426289678,0.3960022926,-10.59316444
0.1407664269,0.2521686852,0.01149746217,-0.003637066344,1,-0.1232104972,0.01205901615,-0.1494563967,0,-0.06431055814,0.285826683,-17.55406189
0.1407664269,0.257012248,0.01103502605,-0.004341976717,1,-0.06256869435,0.01185852289,-0.140925318,0,-0.1507025808,0.1577080786,-21.47826004
0.1407664269,0.2618558407,0.01046446618,-0.005083520431,1,-0.07395479083,0.01163388323,-0.2088079154,0,-0.2853446007,0.02007464319,-25.90996361
0.1407664269,0.2666994035,0.009294731542,-0.005450587254,1,-0.09676812589,0.01077501476,-0.1743116081,0,-0.2928318977,-0.1070976853,-30.38807869
0.1407664269,0.2715429962,0.008577408269,-0.005409076344,1,-0.06363815814,0.010140514,-0.1129737571,0,-0.2163631022,-0.09365654737,-32.23631287
0.1407664269,0.276386559,0.007938523777,-0.005544151645,1,-0.1042422354,0.009682860225,-0.1258611232,0,-0.1396302879,-0.1117583588,-34.92990112
0.1407664269,0.2812301517,0.007396192756,-0.005477384198,1,-0.0372133702,0.009203554131,-0.1207670569,0,-0.01752390712,-0.1575866342,-36.52246857
0.1407664269,0.2860737145,0.007673399523,-0.005365813151,1,-0.05003063008,0.00936338678,-0.09597016871,0,0.09600873291,-0.05857161805,-34.96411514
0.1407664269,0.2909172773,0.00761889061,-0.005658526439,1,-0.1288979053,0.009490332566,-0.1755996644,0,0.2166346312,0.09588560462,-36.60115814
0.1407664269,0.29576087,0.00809835922,-0.006680773105,1,-0.02670633793,0.01049838774,-0.1752764434,0,0.4211463034,0.3472623229,-39.52106094
0.1407664269,0.3006044328,0.009529391304,-0.008189483546,1,-0.1141620874,0.01256490871,-0.125933364,0,0.4877715111,0.5966349244,-40.67550278
0.1407664269,0.3054480255,0.009907965548,-0.01018058881,1,-0.4933874905,0.01420606021,-0.2214903533,9.717021942,0.2542063296,0.9259694815,-45.77751541
0.1407664269,0.3102915883,0.008370898664,-0.01374729443,1,-0.5255006552,0.01609534211,-0.2472626269,11.47957611,-0.1841725111,0.9789023399,-58.6622467
0.1407664269,0.315135181,0.006470608525,-0.01611961424,1,-0.2572126985,0.01736982353,-0.07275933027,0,-0.7816231847,0.7845703363,-68.12887573
0.1407664269,0.3199787438,0.003339216346,-0.01789983734,1,-0.1086034775,0.0182086397,-0.4074151516,0,-1.581169844,0.9665000439,-79.43292999
0.1407664269,0.3248223364,-0.001713940408,-0.02277427912,1,-0.1247769594,0.02283868194,-0.2540971041,0,-2.241447926,0.4472934008,-94.30383301
0.1407664269,0.3296658993,-0.008121777326,-0.02129707672,1,-0.4287695289,0.02279317379,0.2951289117,0,-1.717824221,-0.8811453581,-110.8746719
0.1407664269,0.3345094621,-0.01211110223,-0.01707692072,1,-0.7153318524,0.02093561552,0.01068258286,0,-1.045407414,-1.506300688,-125.3445969
0.1407664269,0.3393530548,-0.0166500546,-0.01394945011,1,-0.5617736578,0.02172122151,-0.07239758968,9.460103989,-0.4328584671,-1.331777215,-140.0436554
0.1407664269,0.3441966176,-0.01692868024,-0.01097701769,1,0.3862603009,0.02017610334,0.1591485143,0,0.4039408267,-1.645067692,-147.0395203
0.1407664269,0.3490402102,-0.0128226541,-0.005210588686,1,1.031491637,0.01384090632,0.9488402605,0,0.663954854,-1.432214141,-157.8852386
0.1456100047,0.237637952,0.0105834892,0.0002144667233,1,-0.05254808068,0.01058566198,-0.1955833137,0,0.2145961821,0.479549557,1.160898447
0.1456100047,0.2424815297,0.0109759355,-0.001420562505,1,0.1711776108,0.01106748171,-0.08768987656,0,0.2175021321,0.4806409478,-7.374522686
0.1456100047,0.2473251075,0.0124660898,-0.002538287779,1,0.08895717561,0.01272188313,-0.1183818579,0,0.1788773686,0.2976642251,-11.50897312
0.1456100047,0.2521686852,0.01227321289,-0.003435713938,1,-0.1571864933,0.01274503395,-0.1172206998,2.458094358,-0.05161094666,0.2976186574,-15.63884544
0.1456100047,0.257012248,0.01145476475,-0.004547591321,1,-0.1236774027,0.01232445613,-0.2357118428,0,-0.3515536785,0.2380522788,-21.6532917
0.1456100047,0.2618558407,0.009971394204,-0.005730427336,1,-0.07641851902,0.01150071714,-0.3153347969,0,-0.5281450152,0.03668950498,-29.88540649
0.1456100047,0.2666994035,0.008526514284,-0.006252648309,1,-0.006011962891,0.01057341322,-0.2609165013,0,-0.3859634697,-0.1427816451,-36.25327682
0.1456100047,0.2715429962,0.008072830737,-0.006302622613,1,-0.01729182154,0.01024175994,-0.1136848032,0,-0.1809679568,-0.222361207,-37.97988129
0.1456100047,0.276386559,0.007566227578,-0.005726265721,1,-0.133541882,0.009488831274,-0.09978792071,2.27577734,-0.02754298598,-0.2874815464,-37.11913681
0.1456100047,0.2812301517,0.007292603608,-0.005393513944,1,-0.119104892,0.009070394561,-0.09723342955,0,0.1113957167,-0.1897228509,-36.48614502
0.1456100047,0.2860737145,0.007528887596,-0.005278286058,1,-0.131733343,0.009194805287,-0.06724815071,0,0.1761390716,-0.167602405,-35.03319168
0.1456100047,0.2909172773,0.007507685572,-0.004907441791,1,-0.1012629718,0.008969299495,-0.08451979607,0,0.3183166981,0.004260055721,-33.17086792
0.1456100047,0.29576087,0.008580204099,-0.00570829818,1,-0.02594789863,0.01030556019,-0.101189211,0,0.5489637852,0.1991790682,-33.63530731
0.1456100047,0.3006044328,0.01004095376,-0.006362298969,1,-0.1344780028,0.01188695151,-0.05711515248,0,0.6738495827,0.3914095163,-32.35977936
0.1456100047,0.3054480255,0.01119269244,-0.007880762219,1,-0.4021951556,0.01368878223,-0.283380717,0,0.482606411,0.9597357512,-35.14933777
0.1456100047,0.3102915883,0.01043043192,-0.01238343026,1,-0.6834130287,0.01619083807,-0.4014615417,14.7235899,0.08931872249,1.552429676,-49.89291763
0.1456100047,0.315135181,0.008315150626,-0.01734458655,1,-0.6662475467,0.01923477091,-0.3617280126,7.10874176,-0.493553102,1.628442526,-64.38652039
0.1456100047,0.3199787438,0.004812847357,-0.02202297561,1,-0.391059041,0.02254273556,-0.1411866546,0,-1.445807695,1.746272802,-77.67253113
0.1456100047,0.3248223364,-0.0005818564096,-0.02648664266,1,-0.9848649502,0.02649303339,0.2320566177,0,-1.712581038,0.3212410212,-91.258461
0.1456100047,0.3296658993,-0.008252441883,-0.02245494723,1,-1.004734039,0.02392336726,0.100597322,0,-2.194984674,-1.863670349,-110.1789398
0.1456100047,0.3345094621,-0.0160798952,-0.01697258838,1,-1.304592848,0.02338015661,-0.1074259877,20.75042915,-1.048198462,-2.02776432,-133.4529114
0.1456100047,0.3393530548,-0.0196483694,-0.01315363962,1,-0.7007449865,0.02364480123,-0.3339042068,15.34570599,-0.2365182936,-1.497821331,-146.1996002
0.1456100047,0.3441966176,-0.02061960287,-0.01133506559,1,0.3542898893,0.02352980524,-0.278594017,0,0.8120846748,-1.449954033,-151.2014008
0.1456100047,0.3490402102,-0.01399894338,-0.00748006627,1,1.397870183,0.01587204449,1.271940827,0,1.335910201,-0.3198525608,-151.8830414
0.1504535824,0.237637952,0.01135340612,0.0009967391379,1,0.06434321404,0.01139707491,-0.1233247221,0,0.3967074156,0.5261290073,5.017251968
0.1504535824,0.2424815297,0.01246997342,-0.000576100545,1,-0.05113321543,0.01248327363,-0.02927663922,0,0.3522039056,0.5477464199,-2.645128012
0.1504535824,0.2473251075,0.01281166542,-0.001798117184,1,-0.1806935072,0.01293723285,-0.03578113019,2.031493187,0.1603077948,0.4906070828,-7.989277363
0.1504535824,0.2521686852,0.01237123366,-0.003125702962,1,-0.291174829,0.01275999378,-0.1544650942,6.358077526,-0.0732884109,0.5986149311,-14.17953968
0.1504535824,0.257012248,0.01104636211,-0.005445713177,1,-0.3166318536,0.0123157585,-0.3101793826,0,-0.3556826711,0.5457561016,-26.24270058
0.1504535824,0.2618558407,0.009114826098,-0.007271492854,1,-0.3941341341,0.01165996026,-0.4495991468,0,-0.3712038696,-0.06864136457,-38.58165359
0.1504535824,0.2666994035,0.007339388132,-0.007290911861,1,-0.2939507663,0.01034524105,-0.2150676101,3.489042521,-0.1530499756,-0.435904026,-44.81015396
0.1504535824,0.2715429962,0.006949743256,-0.006201854441,1,-0.1698285639,0.00931460876,-0.01918298006,3.784880877,-0.09374397993,-0.4858161807,-41.7452774
0.1504535824,0.276386559,0.006062753964,-0.005030737724,1,-0.1040613949,0.007878153585,-0.1971533,0,-0.09072139859,-0.5772272348,-39.68513107
0.1504535824,0.2812301517,0.006006297655,-0.004360936582,1,-0.2090044916,0.007422491442,-0.2945674658,0,0.3066861331,-0.5332605243,-35.98192978
0.1504535824,0.2860737145,0.006535882596,-0.003874609247,1,-0.2363530397,0.007598049473,-0.2435185313,0,0.4890283346,-0.3951995969,-30.66035652
0.1504535824,0.2909172773,0.007230146322,-0.003626259742,1,-0.1579434574,0.008088558912,-0.2129862458,0,0.5785206556,-0.2085403055,-26.6359272
0.1504535824,0.29576087,0.008572980762,-0.00389614352,1,-0.07258680463,0.009416789748,-0.2301175147,0,0.8815808296,-0.09632672369,-24.44026566
0.1504535824,0.3006044328,0.01114857197,-0.004274285864,1,-0.002112716436,0.01193985716,-0.1718844026,0,0.954087317,0.2407940477,-20.97648048
0.1504535824,0.3054480255,0.01318394393,-0.005894983653,1,-0.3466601074,0.01444185618,-0.2715091705,0,0.9241528511,0.9115465879,-24.09101868
0.1504535824,0.3102915883,0.01394570246,-0.01000450831,1,-1.146814704,0.01716312207,-0.2595183849,11.8225708,1.027500987,1.678753614,-35.65528107
0.1504535824,0.315135181,0.01260603871,-0.01528315526,1,-1.491271019,0.01981128566,-0.1468746662,31.69496727,0.90655303,2.537935257,-50.48308563
0.1504535824,0.3199787438,0.01111357566,-0.02300859429,1,-2.235924721,0.02555204369,0.4326217175,59.00394821,-0.1672655344,2.706947327,-64.21860504
0.1504535824,0.3248223364,0.0009659996722,-0.02629902773,1,-3.452684402,0.02631676197,0.137609154,69.80413818,-2.281699657,0.9745016098,-87.89639282
0.1504535824,0.3296658993,-0.016661359,-0.02706214786,1,-2.615416527,0.03177987784,-0.2303977013,36.79383087,-2.219673395,-2.390785456,-121.6193619
0.1504535824,0.3345094621,-0.02245306224,-0.01583505422,1,-1.642376423,0.02747524157,-0.08955204487,43.95002747,-0.1870152354,-3.261012554,-144.8065491
0.1504535824,0.3393530548,-0.02552215941,-0.01170093194,1,-0.9023063183,0.02807654627,-0.7626891136,9.862521172,0.3143163025,-2.223469019,-155.3703613
0.1504535824,0.3441966176,-0.02530103736,-0.008759653196,1,1.027111292,0.02677450329,0.8283073902,0,2.546903372,-0.4497221708,-160.9032745
0.1504535824,0.3490402102,-0.008211140521,-0.005510696676,1,2.87351656,0.009888913482,1.608809233,0,4.183186054,0.2672610283,-146.1334839
0.1552971601,0.237637952,0.01253450289,0.001824298641,1,-0.1422596574,0.0126665635,-0.08880797029,0,0.5356389284,0.4443790615,8.280809402
0.1552971601,0.2424815297,0.01348718442,0.000533032231,1,-0.05834142864,0.01349771395,-0.1386298984,0,0.4990428686,0.4210638404,2.263230801
0.1552971601,0.2473251075,0.01466907468,-0.0008866214775,1,-0.1198787913,0.01469584461,-0.02853947878,0,0.3133932948,0.5729572773,-3.458837509
0.1552971601,0.2521686852,0.01442448702,-0.002380364109,1,-0.4709528089,0.01461957488,-0.06231898069,12.53934002,0.04290576279,0.7325730324,-9.37063694
0.1552971601,0.257012248,0.01259579882,-0.004736736882,1,-1.273263454,0.01345699932,-0.169097513,33.75318909,-0.1643579602,0.499622792,-20.6091156
0.1552971601,0.2618558407,0.007461255882,-0.005619362928,1,-1.505013585,0.009340641089,-0.2889318466,39.84210205,0.01390171051,-0.1168591529,-36.98482895
0.1552971601,0.2666994035,0.005373482592,-0.005570184439,1,-0.8286188245,0.007739590947,-0.2641599178,17.36610031,0.4498846531,-0.1991794109,-46.02972794
0.1552971601,0.2715429962,0.005626827944,-0.005934101064,1,-0.6409134269,0.008177697659,-0.2659246624,13.16402912,0.3192447424,-0.2470402867,-46.52248001
0.1552971601,0.276386559,0.003815455129,-0.005661652423,1,-0.6785287857,0.006827298552,-0.1795511544,16.85263824,0.1946151853,-0.806850791,-56.02350235
0.1552971601,0.2812301517,0.003282954451,-0.002895726357,1,-0.3986626565,0.004377558827,-0.1717608273,0,0.5266159177,-0.9762916565,-41.41386795
0.1552971601,0.2860737145,0.004435206763,-0.00176484487,1,-0.257181108,0.004773440771,-0.3049560785,0,0.7078894973,-0.6260844469,-21.69845772
0.1552971601,0.2909172773,0.005465989001,-0.001340320799,1,-0.3281824887,0.005627920851,-0.3240349889,0,0.8575100899,-0.4640414119,-13.77770805
0.1552971601,0.29576087,0.006999046076,-0.001086713048,1,-0.188254714,0.007082908414,-0.3126444817,0,1.201706767,-0.2320121527,-8.825609207
0.1552971601,0.3006044328,0.010374723,-0.001730869757,1,0.05849707127,0.01051811688,-0.2340347171,0,1.447356224,-0.1021553278,-9.471721649
0.1552971601,0.3054480255,0.01429276355,-0.001725481125,1,-0.3193634152,0.01439653989,0.1068209931,0,1.750100374,0.1318217963,-6.883669376
0.1552971601,0.3102915883,0.0173046086,-0.001851963112,1,-1.051008463,0.01740342565,-0.05936530232,0,2.207937479,0.7675147653,-6.108622074
0.1552971601,0.315135181,0.01989643835,-0.005730539095,1,-2.028075218,0.02070524916,-0.237467289,0,2.588608265,1.858359575,-16.06737137
0.1552971601,0.3199787438,0.02001959458,-0.01200326346,1,-4.608390808,0.02334228903,-0.3705329895,117.1889572,1.492574096,2.743765831,-30.94587898
0.1552971601,0.3248223364,0.004804738332,-0.02081488818,1,-7.369838715,0.02136223391,0.06662666798,196.6197815,-1.088360071,1.828727722,-77.00198364
0.1552971601,0.3296658993,-0.0209483467,-0.02053813636,1,-7.626763344,0.02933680825,0.3307455182,205.5427856,-0.03564429283,-1.917899847,-135.5665131
0.1552971601,0.3345094621,-0.03230861574,-0.009923433885,1,-3.194007874,0.03379824013,-0.1302243471,85.12553406,0.4762417078,-2.871442318,-162.9259186
0.1552971601,0.3393530548,-0.03411205858,-0.007260833401,1,0.1149950027,0.03487624228,-0.8560134172,0,2.676891565,-2.084361553,-167.9837952
0.1552971601,0.3441966176,-0.01878589578,-0.003973833751,1,1.857067347,0.01920159534,1.036557674,0,4.171535492,-0.2278492451,-168.0561371
0.1552971601,0.3490402102,-0.004912051372,-0.001136580016,1,1.952110291,0.005041831173,-0.1856617332,0,3.776630878,-1.357211113,-166.9718323
0.1601407379,0.237637952,0.01307564229,0.004280193709,1,-0.396440804,0.01375836041,-0.2786569595,0,0.7112172246,0.6118253469,18.12539291
0.1601407379,0.2424815297,0.01383796427,0.002123633632,1,-0.06024439633,0.0139999669,-0.291729629,0,0.5501618385,0.529919982,8.724788666
0.1601407379,0.2473251075,0.0154485954,0.0003004698374,1,-0.2371306568,0.01545151696,0.04410898685,0,0.6045650244,0.6140229702,1.114242673
0.1601407379,0.2521686852,0.01561766118,-0.0006367890746,1,-0.8062747717,0.01563063823,0.1227770299,20.59829712,0.2279187143,0.2002225965,-2.334865093
0.1601407379,0.257012248,0.01264728699,-7.464317605e-05,1,-1.731358767,0.01264750771,-0.02956715971,46.69584656,-0.01700079441,-0.1786884964,-0.3381507397
0.1601407379,0.2618558407,0.007149345707,8.549170161e-05,1,-1.701984644,0.007149857003,-0.03735136986,45.73957825,0.1427821517,0.1740084291,0.6851089001
0.1601407379,0.2666994035,0.005095168017,-0.001098380773,1,-1.10855329,0.00521221431,-0.08950644732,25.78339005,0.5543785691,0.2484143376,-12.16525745
0.1601407379,0.2715429962,0.004465157632,-0.001551253838,1,-1.236855149,0.004726946354,-0.1447475553,30.83001709,0.4502199292,-0.2060212493,-19.15789223
0.1601407379,0.276386559,0.001285039238,-0.000801596907,1,-1.298907042,0.001514557167,-0.1052321494,32.55139923,0.4690368176,-0.4504266083,-31.95557594
0.1601407379,0.2812301517,0.0004456161987,0.0001207223104,1,-0.5326576233,0.0004616791848,-0.1636134833,0,0.685700655,-0.4942331314,15.15821171
0.1601407379,0.2860737145,0.002026315313,0.0007997851935,1,-0.1979982555,0.002178442199,-0.156830579,0,0.8106507063,-0.568926394,21.539114
0.1601407379,0.2909172773,0.003413036931,0.002116734162,1,-0.171166271,0.004016140476,-0.05940669775,0,0.9781273603,-0.4798516035,31.80680847
0.1601407379,0.29576087,0.005934894085,0.002836242784,1,-0.02755326033,0.006577784196,-0.1551574469,0,1.28843379,-0.2245332301,25.54279709
0.1601407379,0.3006044328,0.009520209394,0.002452761168,1,-0.009247362614,0.009831095114,-0.1467282027,0,1.744521499,-0.4135521054,14.44734478
0.1601407379,0.3054480255,0.01433982886,0.004128625151,1,-0.3847498894,0.0149223404,0.02031767368,0,2.006582022,-0.6667134166,16.06180573
0.1601407379,0.3102915883,0.01737567969,0.005780449603,1,-0.7972406149,0.01831195876,0.01756304502,0,2.060176373,-0.5913844705,18.40098
0.1601407379,0.315135181,0.0204569567,0.007078109775,1,-1.529664755,0.02164686285,-0.3476118445,0,2.610030413,-0.5048210621,19.0856266
0.1601407379,0.3199787438,0.02260851488,0.006541904528,1,-4.457542896,0.02353596129,-0.7522755265,100.5023804,2.328814268,-0.142745018,16.1381073
0.1601407379,0.3248223364,0.01014629565,0.004125801381,1,-9.45907402,0.01095306128,-0.2476704121,255,-0.2356982231,-0.9009315968,22.12819672
0.1601407379,0.3296658993,-0.02434886433,0.009706025943,1,-9.422916412,0.02621209994,-0.2946278155,253.9300995,-0.3092098236,0.1562213004,158.2666168
0.1601407379,0.3345094621,-0.03699186817,0.001942085335,1,-3.92386651,0.03704281524,-0.9737554193,100.5699768,0.7412540913,0.884006083,176.9947052
0.1601407379,0.3393530548,-0.0397640951,0.0007078137132,1,-0.08798766136,0.03977039456,-0.09520130605,0,3.310372829,-0.2001998127,178.9802246
0.1601407379,0.3441966176,-0.02138399519,0.002450653818,1,1.439603209,0.0215239618,-0.2990230024,0,3.531913757,-0.8396764994,173.4622955
0.1601407379,0.3490402102,-0.01568416506,0.003326511243,1,0.631325841,0.01603304967,-0.2873374224,0,1.722228885,-0.6489934921,168.0253906
0.1649843156,0.237637952,0.01414822973,0.007189326454,1,-0.5204455256,0.01587006077,-0.5508334637,0,0.7238687873,0.9768571854,26.93708992
0.1649843156,0.2424815297,0.01464087795,0.003489582334,1,-0.1449183822,0.01505099703,-0.3218941092,0,0.9105834365,0.5037620664,13.40604877
0.1649843156,0.2473251075,0.01785678789,0.003190196818,1,-0.5739540458,0.01813952066,-0.1206303388,0,0.8522778153,0.05707914755,10.12928772
0.1649843156,0.2521686852,0.01598896086,0.00262883259,1,-1.400028825,0.01620363072,-0.09415438771,37.57367706,0.1055928469,-0.1719259918,9.336778641
0.1649843156,0.257012248,0.01158709638,0.003566889092,1,-1.501317382,0.01212367509,0.03307225928,40.35411453,-0.1226465702,-0.1087807268,17.11008644
0.1649843156,0.2618558407,0.008123164997,0.003315908602,1,-1.196023703,0.008773885667,0.2157613784,31.67483139,0.07207542658,0.4392601848,22.20547867
0.1649843156,0.2666994035,0.006143165287,0.002484355355,1,-1.132632256,0.006626499817,0.07268340141,29.63131523,0.2664723992,0.2953556776,22.01888275
0.1649843156,0.2715429962,0.003927852027,0.002237378154,1,-1.248174548,0.00452038506,-0.04669300467,33.15773773,0.2119392157,-0.132820636,29.66665077
0.1649843156,0.276386559,0.001124078757,0.002901521279,1,-1.088874817,0.003111652099,0.1293774098,28.03642082,0.2978832424,-0.029205475,68.82313538
0.1649843156,0.2812301517,9.662327648e-05,0.00300548668,1,-0.6919847727,0.003007039428,0.01009841356,6.409204483,0.6498398781,-0.03513749689,88.15863037
0.1649843156,0.2860737145,0.0009199464694,0.003120624926,1,-0.3430515528,0.003253398463,-0.07854925096,0,0.912348628,-0.3306127787,73.57471466
0.1649843156,0.2909172773,0.002854049439,0.004226372112,1,-0.07735240459,0.005099786445,0.11142122,0,0.9527462721,-0.3359232247,55.96902466
0.1649843156,0.29576087,0.005159984808,0.005287372507,1,-0.09795868397,0.00738794636,0.0236865133,0,1.090388775,-0.500156343,45.69858932
0.1649843156,0.3006044328,0.00766096171,0.006763645913,1,-0.2622852325,0.01021945383,0.03027099371,0,1.501433611,-0.9131944776,41.44036865
0.1649843156,0.3054480255,0.01116189547,0.009857120924,1,-0.3185756207,0.01489129756,-0.112847209,0,1.735771418,-1.191494584,41.44786835
0.1649843156,0.3102915883,0.01452525984,0.01198815834,1,-0.5652816296,0.01883345656,-0.2739802897,0,1.516173482,-1.195463419,39.53393936
0.1649843156,0.315135181,0.01576761343,0.01432039589,1,-1.188400865,0.02130003273,-0.1650508046,0,1.427734971,-1.998164415,42.24622726
0.1649843156,0.3199787438,0.01568449289,0.02086698636,1,-3.809838295,0.02610429935,-0.6119252443,100.8700256,0.3978524208,-2.581306458,53.06995773
0.1649843156,0.3248223364,-0.0007586049614,0.02385924757,1,-6.628519058,0.02387130447,-1.067827344,174.0843353,-1.073065758,-1.63307488,91.82109833
0.1649843156,0.3296658993,-0.02161872946,0.02360480651,1,-5.153295994,0.03200869262,-0.267262578,133.2012329,-1.450256228,2.042360783,132.4853821
0.1649843156,0.3345094621,-0.03274332359,0.01267244108,1,-3.597259045,0.0351100564,-0.1483278275,94.97754669,0.7224982977,2.825799465,158.842392
0.1649843156,0.3393530548,-0.0355428569,0.009199389257,1,-0.6204330921,0.036714077,0.7010236979,0,2.363369465,2.045485497,165.4888458
0.1649843156,0.3441966176,-0.02430127561,0.006160435267,1,2.050213337,0.02506996132,-1.054156303,0,3.337460041,-0.01110583544,165.7750244
0.1649843156,0.3490402102,-0.009447243065,0.004147293512,1,2.955546141,0.01031748299,-0.6372185946,0,3.17793107,0.1940411329,156.2987518
0.1698278934,0.237637952,0.01513912156,0.01030712668,1,-0.4794559181,0.01831474341,-0.6088016033,0,0.3059206307,0.6593055725,34.2481041
0.1698278934,0.2424815297,0.01471885573,0.0072360388,1,-0.5764119625,0.01640137099,-0.425922364,0,0.5767544508,0.2138096392,26.17951393
0.1698278934,0.2473251075,0.01514078025,0.007208534982,1,-0.6767147183,0.01676920429,-0.4437703192,0,0.5962007046,-0.3239761889,25.45914841
0.1698278934,0.2521686852,0.01432888024,0.006655806676,1,-0.99799788,0.0157992579,-0.2313013375,23.77025604,0.4074845016,-0.1062946022,24.91500664
0.1698278934,0.257012248,0.01228058711,0.006603056099,1,-1.131019473,0.01394321211,0.1272217184,29.18819809,0.3037618101,0.215622887,28.26613998
0.1698278934,0.2618558407,0.01032199338,0.006227628794,1,-1.363397121,0.01205516141,0.2128388584,35.70688629,0.24794209,0.4037648141,31.10408783
0.1698278934,0.2666994035,0.00687779393,0.005678291433,1,-1.573576927,0.008918914944,-0.005278602242,42.15441132,0.1848671436,0.1406276077,39.54300308
0.1698278934,0.2715429962,0.003595669288,0.005520920735,1,-1.359247684,0.006588581484,-0.1163963005,35.59523773,0.3047453761,-0.1653233618,56.92457581
0.1698278934,0.276386559,0.001770229777,0.005915273447,1,-1.109286547,0.006174477749,0.04008006305,27.51867676,0.4338907599,-0.1868253052,73.33944702
0.1698278934,0.2812301517,0.0003243374522,0.006619954482,1,-1.025995255,0.006627894938,0.0437133722,20.93458557,0.669704318,-0.1555484831,87.19509888
0.1698278934,0.2860737145,4.450721462e-05,0.006880413741,1,-0.6340454817,0.006880558096,-0.1048139483,0,1.047234297,-0.2051827163,89.62937164
0.1698278934,0.2909172773,0.002325644018,0.007106096949,1,-0.3125635684,0.007476980332,-0.04115457833,0,1.052216887,-0.3945467472,71.87805176
0.1698278934,0.29576087,0.003627075348,0.008592096157,1,-0.3955209255,0.009326295927,0.1579853743,0,0.9979798794,-0.6450105309,67.11341095
0.1698278934,0.3006044328,0.005243700929,0.01099546999,1,-0.2533861399,0.01218182128,0.1998856068,0,1.160788298,-0.9329378605,64.50369263
0.1698278934,0.3054480255,0.008022148162,0.01407901477,1,-0.153119266,0.01620412059,-0.1435892582,0,1.188431263,-1.148356676,60.32574081
0.1698278934,0.3102915883,0.01025831513,0.01586213894,1,-0.4501418471,0.01889022067,-0.3265339732,0,0.8542043567,-1.497270346,57.10856628
0.1698278934,0.315135181,0.009979256429,0.01974956691,1,-1.158414245,0.02212760597,0.05836701393,27.94705772,0.5149917603,-2.225077868,63.19299316
0.1698278934,0.3199787438,0.00714184856,0.02692218125,1,-2.151698828,0.02785336226,-0.2825014591,55.84114456,-0.5147165656,-2.612288475,75.14291382
0.1698278934,0.3248223364,-0.002935734577,0.031034071,1,-2.897772789,0.03117261827,-0.3311082423,59.97764587,-1.828668714,-0.4797186553,95.40393066
0.1698278934,0.3296658993,-0.01575103775,0.02764198743,1,-2.540519476,0.03181469068,0.059920609,47.97533035,-1.813215971,1.746469259,119.6754913
0.1698278934,0.3345094621,-0.02402332611,0.02286516689,1,-2.067941189,0.0331652835,0.2767454386,55.14748383,-0.1432601213,2.853744507,136.4149475
0.1698278934,0.3393530548,-0.02646116354,0.01516009308,1,-1.008451819,0.03049625456,0.08904016018,23.68355751,0.4881031811,3.016552925,150.1908112
0.1698278934,0.3441966176,-0.02654367499,0.008685532026,1,0.4205464423,0.02792857215,-0.7557470798,0,1.361284018,1.465016842,161.8810425
0.1698278934,0.3490402102,-0.01783072948,0.004403649829,1,1.559405446,0.01836646535,-1.701324463,0,2.038314819,0.06673598289,166.1272736
0.1746714562,0.237637952,0.01439284906,0.01099335309,1,-0.1835477203,0.01811098866,-0.7297965288,0,-0.1382615119,0.06231546402,37.37282944
0.1746714562,0.2424815297,0.01361349504,0.009075025097,1,-0.2706241608,0.01636102982,-0.5852665901,0,0.2180400491,-0.2471485436,33.68820953
0.1746714562,0.2473251075,0.01413815375,0.009355652146,1,-0.267051369,0.01695333607,-0.2974227965,0,0.4198921621,-0.3720289171,33.49383545
0.1746714562,0.2521686852,0.01435379125,0.009436385706,1,-0.6259938478,0.01717779599,-0.1221032068,11.49132156,0.4421490133,-0.3617406487,33.32148743
0.1746714562,0.257012248,0.0132476883,0.01051635295,1,-1.178131342,0.0169143416,0.1115146503,28.51187897,0.5083654523,-0.2361948788,38.4434433
0.1746714562,0.2618558407,0.01110972837,0.01112054382,1,-1.616996765,0.01571917906,0.0282111764,42.92760086,0.2855530977,-0.07195241749,45.02787399
0.1746714562,0.2666994035,0.006798737682,0.0110015031,1,-1.903641701,0.01293274574,-0.1357515603,51.08390427,0.139159739,0.03426713124,58.28465652
0.1746714562,0.2715429962,0.002563323127,0.01029704511,1,-1.652197123,0.01061130408,-0.2389398068,43.17146683,0.3338679075,-0.1098009795,76.02105713
0.1746714562,0.276386559,0.000413307891,0.01037600916,1,-1.227220297,0.01038423739,-0.1770803481,28.3867588,0.6061131358,-0.367369771,87.71894073
0.1746714562,0.2812301517,-0.0004450579581,0.01121872663,1,-0.9680934548,0.01122755092,-0.1522523165,15.55076313,0.7626973391,-0.3355906308,92.27178192
0.1746714562,0.2860737145,-0.0005815441255,0.01126402244,1,-0.7630357146,0.01127902418,-0.3308801949,0,1.008466125,-0.2520240247,92.95546722
0.1746714562,0.2909172773,0.0007436995511,0.01083678193,1,-0.3944992125,0.0108622713,-0.2184461802,0,1.092864871,-0.3780120015,86.07409668
0.1746714562,0.29576087,0.002801044146,0.01203689165,1,-0.2943920791,0.01235850342,0.0633752197,0,0.989471674,-0.5098616481,76.90013123
0.1746714562,0.3006044328,0.004110371694,0.01361329947,1,-0.2078600377,0.01422030479,0.1722038984,0,0.6420887113,-0.7193114161,73.19894409
0.1746714562,0.3054480255,0.004904264584,0.01635501534,1,-0.123240009,0.01707449369,-0.08187255263,0,0.449685514,-1.050691843,73.30796051
0.1746714562,0.3102915883,0.005691535771,0.01830585115,1,-0.2180593461,0.01917023025,-0.2233146429,0,0.294187367,-1.476652622,72.72882843
0.1746714562,0.315135181,0.005272996612,0.02242565528,1,-0.4630945325,0.02303724177,0.1525263786,6.347026825,-0.368555367,-2.013222694,76.76826477
0.1746714562,0.3199787438,0.001663374715,0.02879582532,1,-0.6059962511,0.02884382755,-0.2042433619,0,-1.450107455,-1.56932354,86.6940155
0.1746714562,0.3248223364,-0.004685902037,0.02903752774,1,-0.680488348,0.02941318974,-0.4762273729,0,-2.319923401,-0.1317975819,99.16701508
0.1746714562,0.3296658993,-0.01286935341,0.02712755278,1,-0.7583060861,0.0300253965,-0.2058238387,0,-1.903923035,1.248221159,115.3797379
0.1746714562,0.3345094621,-0.01758057624,0.02199476957,1,-0.2986861467,0.02815753035,-0.07595872879,0,-1.276873469,2.128918648,128.6356049
0.1746714562,0.3393530548,-0.02050069906,0.01644805819,1,-0.3102768064,0.026283402,-0.1430059671,0,-0.3680031896,2.185398102,141.2593384
0.1746714562,0.3441966176,-0.02086587809,0.01071696356,1,-0.1126737297,0.02345715649,-0.091997087,0,0.7601727247,1.968697309,152.8144379
0.1746714562,0.3490402102,-0.01736448705,0.006466924213,1,-0.232978344,0.01852961071,-0.642773807,0,1.678761005,1.112138152,159.5735474
0.179515034,0.237637952,0.01190613024,0.01052647363,1,-0.113281101,0.01589221694,-0.7444474101,0,-0.3901218474,-0.3630948663,41.48061371
0.179515034,0.2424815297,0.01068699453,0.00960291829,1,-0.1913264692,0.01436759811,-0.5399312973,0,0.1896982491,-0.5418556929,41.94163513
0.179515034,0.2473251075,0.0118982438,0.01053579431,1,-0.157800734,0.01589248702,-0.2693721056,0,0.4258575439,-0.7290558219,41.52462006
0.179515034,0.2521686852,0.01198534854,0.0118294321,1,-0.517455399,0.016839955,-0.02613082528,5.694634914,0.4717134833,-0.9006772041,44.62488556
0.179515034,0.257012248,0.01167668961,0.01477172133,1,-0.8636936545,0.01882946864,0.08590584993,19.29290581,0.4765378833,-0.6600985527,51.67448044
0.179515034,0.2618558407,0.0101101296,0.01544276252,1,-1.32052815,0.01845788769,-0.1041943505,34.97337723,0.2282688618,-0.269572556,56.78787231
0.179515034,0.2666994035,0.006386246998,0.01557274349,1,-1.659382343,0.01683135517,-0.1502403468,44.56981659,-0.03432655334,-0.08784916997,67.70189667
0.179515034,0.2715429962,0.001906518824,0.01514056604,1,-1.667390466,0.01526013017,-0.2139182091,44.37145996,0.1699230671,-0.05337757617,82.82301331
0.179515034,0.276386559,-0.0008668525261,0.01479515247,1,-1.259184003,0.01482052542,-0.2235212028,31.20161057,0.4446862936,-0.1951528192,93.35314178
0.179515034,0.2812301517,-0.002038564067,0.0150031615,1,-0.9060484171,0.01514102425,-0.1995805204,19.44621849,0.511303544,-0.3370108604,97.73770905
0.179515034,0.2860737145,-0.00277883024,0.0154608069,1,-0.5211798549,0.01570854709,-0.3427461088,0,0.8257533908,-0.1996876895,100.1892014
0.179515034,0.2909172773,-0.0005633429973,0.01431024913,1,-0.1355604529,0.0143213328,-0.2770518064,0,1.01163125,-0.142806828,92.25435638
0.179515034,0.29576087,0.001464486937,0.01481058076,1,-0.09811371565,0.01488280948,-0.2190683484,0,0.7499232888,-0.384649992,84.35288239
0.179515034,0.3006044328,0.00259374734,0.01511225663,1,-0.1465833485,0.01533322595,-0.1332056671,0,0.3679085672,-0.5550919771,80.26109314
0.179515034,0.3054480255,0.002536492888,0.01685401984,1,-0.08947163075,0.01704381965,-0.1049427986,0,-0.0280743558,-0.7720086575,81.44134521
0.179515034,0.3102915883,0.002024404239,0.01834324189,1,-0.1175042018,0.01845461316,-0.2835960388,0,-0.2065640092,-0.9759466648,83.70218658
0.179515034,0.315135181,0.0009668432758,0.02020747401,1,-0.02183625102,0.02023058943,-0.204447031,0,-0.6951857805,-1.131536007,87.26072693
0.179515034,0.3199787438,-0.001448547933,0.02283366956,1,0.2430307269,0.02287956886,-0.1523523331,0,-1.656776905,-0.748167634,93.62992096
0.179515034,0.3248223364,-0.005880746059,0.02309335209,1,0.06417608261,0.0238303598,-0.1582051516,0,-1.974657536,-0.005310341716,104.2867813
0.179515034,0.3296658993,-0.01070211362,0.02209311165,1,0.127182126,0.02454874292,-0.1262155473,0,-1.819928646,0.8990843296,115.845993
0.179515034,0.3345094621,-0.01407967042,0.01812724769,1,0.08897846937,0.02295286953,-0.206635654,0,-1.300186634,1.282474279,127.8369598
0.179515034,0.3393530548,-0.01656869426,0.01488049142,1,-0.0633957088,0.02226994932,0.143224895,0,-0.6332122087,1.219706535,138.0727081
0.179515034,0.3441966176,-0.01745374501,0.01291322522,1,-0.01858212054,0.02171139419,0.3820480406,0,0.2273873091,0.6333494186,143.5039673
0.179515034,0.3490402102,-0.0155573301,0.01366329379,1,-0.6107187271,0.0207054615,0.4977064133,0,1.393779993,0.1879906058,138.7086487
0.1843586117,0.237637952,0.009028381668,0.009652453475,1,-0.04033003002,0.01321671437,-0.5706567764,0,-0.2299685776,-1.094275713,46.91337204
0.1843586117,0.2424815297,0.008373775519,0.01092054788,1,-0.3048843741,0.013761485,-0.1801400483,0,0.3614146709,-0.7025210857,52.51934052
0.1843586117,0.2473251075,0.009302190505,0.01218264643,1,-0.2016587257,0.01532800123,-0.1301164329,0,0.5094784498,-0.8128666878,52.63607025
0.1843586117,0.2521686852,0.009864724241,0.01422750205,1,-0.2855983377,0.01731284522,0.09378230572,0,0.5259892941,-0.9024295807,55.26426315
0.1843586117,0.257012248,0.01046654116,0.01700786874,1,-0.3679453433,0.01997037977,0.1145195663,6.56114006,0.2512206733,-0.7928180695,58.39210892
0.1843586117,0.2618558407,0.009299359284,0.0186222624,1,-0.9185029864,0.02081506141,-0.1218277812,24.47087288,-0.07683742046,-0.5068155527,63.46393204
0.1843586117,0.2666994035,0.005645532627,0.01887258701,1,-1.26614213,0.01969889738,-0.1952587068,32.0483017,-0.3918686509,-0.3137565553,73.34601593
0.1843586117,0.2715429962,0.001268655295,0.01919621602,1,-1.404070735,0.01923809201,-0.156643495,37.55252838,-0.09484291077,-0.1063192338,86.21888733
0.1843586117,0.276386559,-0.001614572247,0.01862883754,1,-0.9632091522,0.0186986737,-0.175850898,25.47110176,0.07280635834,0.05382126942,94.95347595
0.1843586117,0.2812301517,-0.003044079989,0.018083781,1,-0.5737190247,0.0183381997,-0.09914878011,13.74213219,0.2445630729,0.07444995642,99.55513
0.1843586117,0.2860737145,-0.00320886448,0.01778799854,1,-0.1162545979,0.01807511225,-0.1700948179,0,0.478418082,0.1789223254,100.2258835
0.1843586117,0.2909172773,-0.001289918437,0.01639329456,1,-0.01238012314,0.01644396596,-0.3129876852,0,0.6494612694,0.0263428539,94.49908447
0.1843586117,0.29576087,-0.0001231125061,0.01614442468,1,0.009071588516,0.01614489406,-0.2220152766,0,0.4175690413,-0.1625523418,90.43690491
0.1843586117,0.3006044328,0.0007765486371,0.01610528119,1,-0.1018269882,0.01612399146,-0.2339632064,0,0.2628225684,-0.3388387859,87.23950195
0.1843586117,0.3054480255,0.0006566821248,0.01665239781,1,-0.1336589605,0.01666534133,-0.1456701159,0,-0.1111406833,-0.5109376907,87.74172974
0.1843586117,0.3102915883,-0.000409157481,0.01787448302,1,-0.06343723834,0.01787916571,-0.1103981435,0,-0.3194663525,-0.6289893389,91.31130219
0.1843586117,0.315135181,-0.001197941252,0.0191642344,1,0.04704023898,0.01920163818,-0.181888774,0,-0.5196674466,-0.5368901491,93.57685089
0.1843586117,0.3199787438,-0.002698363969,0.01959395967,1,0.08955079317,0.01977888867,-0.2414340228,0,-0.9731870294,-0.2410302311,97.84111023
0.1843586117,0.3248223364,-0.005477902014,0.01916227862,1,-0.0330811739,0.01992988586,-0.1781301945,0,-1.293941975,0.2136027664,105.9535904
0.1843586117,0.3296658993,-0.009125903249,0.01769657061,1,-0.05904132128,0.01991107129,-0.1455054581,0,-1.363829851,0.6588689089,117.2795944
0.1843586117,0.3345094621,-0.01236966811,0.01526624057,1,-0.08088812232,0.01964858174,-0.03617784381,0,-0.9046089649,0.791405201,129.016571
0.1843586117,0.3393530548,-0.01389923505,0.01368810795,1,-0.1778007299,0.0195077695,0.176528424,0,-0.5609205365,0.869797945,135.4384918
0.1843586117,0.3441966176,-0.0159477219,0.01190833561,1,0.05865046382,0.01990322396,0.8324539661,0,-0.08838577569,0.3188332319,143.2509155
0.1843586117,0.3490402102,-0.01404326037,0.01617586985,1,0.5117900968,0.02142129652,1.615730762,0,0.2745938003,-0.1464050412,130.9632568
0.1892021894,0.237637952,0.003841900267,0.009607944638,1,0.401085943,0.01034759823,-0.1090188622,0,0.6600538492,-1.43954134,68.20516205
0.1892021894,0.2424815297,0.006411756855,0.01283018943,1,-0.1729438007,0.01434309594,0.1515709162,0,0.8932648897,-0.7511290908,63.44687653
0.1892021894,0.2473251075,0.007330831606,0.01398024242,1,-0.3613141477,0.01578569785,0.1091045439,0,0.703384757,-0.495867759,62.32879639
0.1892021894,0.2521686852,0.008068602532,0.01576041989,1,-0.2144348323,0.01770573854,0.2081232816,0,0.433378011,-0.5744518638,62.8896637
0.1892021894,0.257012248,0.008391298354,0.01777070016,1,-0.1324361265,0.01965226978,-0.09551137686,1.436190963,-0.07471563667,-0.8715937734,64.72338867
0.1892021894,0.2618558407,0.007065246813,0.01951943524,1,-0.2596623898,0.02075875737,-0.3898873925,0,-0.6633136272,-0.8103731275,70.10179138
0.1892021894,0.2666994035,0.003920792136,0.01980735548,1,-0.420673579,0.02019168064,-0.1838516742,0,-0.9073547125,-0.589022696,78.80325317
0.1892021894,0.2715429962,0.0006328383461,0.02148191258,1,-0.4955395162,0.02149123326,-0.1520862579,0,-0.6149422526,-0.1532876194,88.31259918
0.1892021894,0.276386559,-0.001457912498,0.01981317438,1,-0.3152168393,0.01986674033,-0.2393237352,0,-0.2610169649,0.279990375,94.20840454
0.1892021894,0.2812301517,-0.00215819478,0.01896657422,1,-0.191419512,0.01908896863,-0.008788228035,4.77347517,-0.07246825099,0.295124352,96.49172211
0.1892021894,0.2860737145,-0.002736073453,0.01834115013,1,0.1301087886,0.01854410581,0.01817500591,2.551303625,-0.08748205006,0.3176745474,98.48462677
0.1892021894,0.2909172773,-0.00195172953,0.01751592942,1,0.3876927495,0.01762433164,-0.07935868204,9.911057472,0.09498293698,0.2410615236,96.35800171
0.1892021894,0.29576087,-0.0003981961927,0.01678916998,1,0.3039144576,0.01679389179,-0.008841913193,8.023870468,0.06173794717,0.1227682829,91.35865021
0.1892021894,0.3006044328,-0.0001806635992,0.01687846519,1,-0.1649371088,0.0168794319,-0.1799329072,0,0.1142221391,-0.2158400267,90.61325836
0.1892021894,0.3054480255,-0.0006438380806,0.01696308888,1,-0.2929194868,0.01697530225,-0.2138637751,5.394289494,0.00878803432,-0.260250926,92.17362976
0.1892021894,0.3102915883,-0.001556876348,0.0171031449,1,-0.06057959795,0.01717385836,-0.03845420852,0,-0.3256597221,-0.1415789127,95.20121765
0.1892021894,0.315135181,-0.002514618216,0.0174625814,1,0.05190439522,0.01764270477,-0.03797046095,0,-0.5120033026,-0.1583507359,98.19428253
0.1892021894,0.3199787438,-0.003785401117,0.01768621616,1,-0.09458366036,0.018086778,-0.2211873233,0,-0.5649110079,-0.1228496134,102.0808182
0.1892021894,0.3248223364,-0.005708931945,0.01698627509,1,-0.3743129373,0.01791997254,-0.2042082697,0,-0.5403408408,0.190737322,108.5770264
0.1892021894,0.3296658993,-0.008215597831,0.01577326655,1,-0.5210447907,0.01778459921,0.008239358664,6.991160393,-0.4519447982,0.5963979959,117.5130234
0.1892021894,0.3345094621,-0.01042166818,0.01413749158,1,-0.3927420378,0.01756359451,0.3010278344,0,-0.285503149,0.8684690595,126.3963547
0.1892021894,0.3393530548,-0.01150073111,0.01302482095,1,0.04618091881,0.01737563685,0.4352098107,0,-0.3467289805,0.8350067735,131.444046
0.1892021894,0.3441966176,-0.01187739614,0.01220104378,1,1.153610706,0.01702756621,0.5201614499,23.94582367,-0.5218060613,0.6255392432,134.2299194
0.1892021894,0.3490402102,-0.008440536447,0.0125144152,1,2.668210983,0.0150948083,0.06522960216,0,-1.249074459,-0.06416667253,123.9982834
0.1940457672,0.237637952,0.001527809771,0.0109067848,1,0.5456955433,0.01101327222,0.5912854671,0,1.082009792,-1.546814919,82.02596283
0.1940457672,0.2424815297,0.005469768774,0.01608481258,1,-0.06278246641,0.01698939502,0.4695741236,0,1.28110981,-0.8585379124,71.21899414
0.1940457672,0.2473251075,0.007428872865,0.01733959839,1,-0.4230444431,0.01886398159,0.1524187326,0,0.9640938044,-0.1119357347,66.80806732
0.1940457672,0.2521686852,0.008090383373,0.01736523397,1,-0.5013041496,0.0191573929,-0.0008871876635,0,0.1613523215,0.009880887344,65.01940918
0.1940457672,0.257012248,0.005782292224,0.01728744246,1,-0.3755554557,0.01822884008,-0.6107158661,0,-0.5751011968,-0.466589421,71.50597382
0.1940457672,0.2618558407,0.003485803958,0.01666714624,1,0.1883257926,0.01702775992,-0.8187149763,0,-0.9894354343,-0.6593010426,78.18730164
0.1940457672,0.2666994035,0.001902055577,0.01651530899,1,0.2981104553,0.01662447676,-0.2154130638,0,-1.061234474,-0.6181594133,83.43023682
0.1940457672,0.2715429962,-0.0002104468003,0.0186178796,1,0.2486189306,0.01861906797,0.07117460668,0,-0.9339915514,-0.4193821549,90.64761353
0.1940457672,0.276386559,-0.001417600201,0.01889135875,1,0.0409706831,0.01894447207,0.01266374625,0,-0.3396635056,0.00398192415,94.29140472
0.1940457672,0.2812301517,-0.001657188754,0.01865993068,1,0.04632280767,0.01873337291,-0.119257547,0,-0.08029580116,0.3261319101,95.07511902
0.1940457672,0.2860737145,-0.001582151046,0.01673408039,1,0.4505588412,0.01680870727,-0.1421020925,0,-0.213029027,0.6185773611,95.40106201
0.1940457672,0.2909172773,-0.0005066981539,0.01497553196,1,0.7320667505,0.01498410106,0.1163815558,0,-0.3169088364,0.4802977741,91.93785858
0.1940457672,0.29576087,0.0004286987241,0.01497142389,1,0.3098723888,0.01497756038,0.4269229174,0,-0.4407075047,-0.0854831934,88.35980988
0.1940457672,0.3006044328,-0.001140408334,0.01745741069,1,-0.3330512047,0.01749462076,0.1262319386,0,-0.09399425238,-0.5225276947,93.7375412
0.1940457672,0.3054480255,-0.001639729249,0.01811374165,1,-0.2520924807,0.01818780787,-0.2950965464,0,0.2230326533,-0.1161247417,95.17254639
0.1940457672,0.3102915883,-0.001281161909,0.01659054682,1,0.05327541381,0.01663994044,-0.1165883094,0,-0.1583855152,0.2304357439,94.4157486
0.1940457672,0.315135181,-0.002148838248,0.01643290371,1,-0.1057293266,0.01657280326,0.150395602,0,-0.5309016705,0.0006414949894,97.44997406
0.1940457672,0.3199787438,-0.004364733584,0.0173158925,1,-0.2739363313,0.01785751991,0.07912962139,0,-0.4268496037,-0.3183463812,104.1475525
0.1940457672,0.3248223364,-0.005543149542,0.01835810952,1,-0.4724018574,0.01917672344,0.1080744714,0,0.09405313432,-0.03961994126,106.8014603
0.1940457672,0.3296658993,-0.006197295152,0.01803126186,1,-0.5861332417,0.01906653866,0.1511432827,0,0.3462334573,0.6822500229,108.9677048
0.1940457672,0.3345094621,-0.006705119275,0.01578566059,1,-0.5002381802,0.01715067774,0.122518301,0,0.1803203225,1.412111282,113.0138474
0.1940457672,0.3393530548,-0.007746842224,0.01178501826,1,-0.1252903342,0.01410319936,-0.4629386067,0,-0.6372270584,2.01298666,123.3187943
0.1940457672,0.3441966176,-0.01039843168,0.003793324344,1,1.086404562,0.01106872596,-1.200031996,0,-2.385293484,1.810722947,159.9581451
0.1940457672,0.3490402102,-0.01403811201,-0.002797807334,1,2.409903049,0.0143141998,-2.516463518,0,-3.912787914,0.2051244974,-168.7285919
