PIVlab, ASCII chart output - 13-Mar-2024
FRAME: 32, filenames: A:[32]2 vortices tapados mismo sentido clase 4.mp4 & B:[33]2 vortices tapados mismo sentido clase 4.mp4, conversion factor xy (px -> m): 0.00030272, conversion factor uv (px/frame -> m/s): 0.0090842
x [m],y [m],u [m/s],v [m/s],Vector type [-],vorticity [1/s],magnitude [m/s],divergence [1/s],dcev [1],simple shear [1/s],simple strain [1/s],vector direction [degrees]
0.1262357086,0.237637952,0.004209568258,-0.004247540142,1,0.8906756639,0.005980139133,0.1013965011,0,1.041068196,1.780240059,-45.25724792
0.1262357086,0.2424815297,0.00888784416,-0.008313344792,1,0.28790012,0.01216985937,-0.7067453861,0,0.9672255516,0.6325843334,-43.08709717
0.1262357086,0.2473251075,0.01028886717,-0.01073468756,1,-0.5582786798,0.01486924011,-0.74923563,0,0.7542878389,-0.02675145864,-46.21481323
0.1262357086,0.2521686852,0.009837229736,-0.01181275304,1,-0.8477154374,0.01537244953,-0.4934132099,0,0.6635648608,-0.1941498667,-50.21369934
0.1262357086,0.257012248,0.009396920912,-0.01218419056,1,-0.8869476914,0.01538689807,-0.1798874736,0,0.567946732,-0.1439251602,-52.35919571
0.1262357086,0.2618558407,0.008292123675,-0.01198693924,1,-0.9025056362,0.01457552891,0.2282662392,0,0.3299722373,0.03752344102,-55.32593918
0.1262357086,0.2666994035,0.006623810623,-0.01126031298,1,-0.5602068901,0.01306405477,0.3111727834,0,0.03330215812,0.179745242,-59.53408813
0.1262357086,0.2715429962,0.005740019493,-0.01135035977,1,-0.2542359233,0.01271921769,0.1762557626,0,-0.04405526817,0.3142211735,-63.17370224
0.1262357086,0.276386559,0.005179014057,-0.01192855928,1,-0.3135924339,0.01300433464,0.1393061578,0,0.03102570772,0.3989082277,-66.53099823
0.1262357086,0.2812301517,0.004371385556,-0.01260776259,1,-0.4331350923,0.01334408764,0.299965024,0,0.306938231,0.5458363891,-70.87746429
0.1262357086,0.2860737145,0.004567769822,-0.01311945636,1,-0.4613494575,0.01389189158,0.3536218703,0,0.6178346872,0.3439240158,-70.80353546
0.1262357086,0.2909172773,0.005129331723,-0.0125607904,1,-0.1922941059,0.0135677373,0.2355107367,0,0.2365701944,0.01188423485,-67.78682709
0.1262357086,0.29576087,0.00478222454,-0.01203630399,1,0.05960539356,0.0129515361,0.09796324372,0,-0.1427302063,-0.09373961389,-68.33125305
0.1262357086,0.3006044328,0.004726710264,-0.01163226273,1,0.2630629539,0.01255592797,-0.06612949073,0,-0.5947283506,0.1166071594,-67.88588715
0.1262357086,0.3054480255,0.003175777383,-0.01292140316,1,0.1750462651,0.01330594718,0.1305386722,0,-1.012444615,0.6452950239,-76.19173431
0.1262357086,0.3102915883,0.0006707066204,-0.01412552502,1,0.5672874451,0.01414143946,0.5348869562,0,-0.9785079956,1.078447342,-87.28153229
0.1262357086,0.315135181,0.001183998771,-0.01555418037,1,1.152672768,0.01559917908,-0.0005511939526,0,-0.5786144733,0.5909512043,-85.64698792
0.1262357086,0.3199787438,0.00345120253,-0.01699051261,1,0.8192666769,0.01733748242,-0.8861774802,0,-0.6043556929,-0.4593115449,-78.51799774
0.1262357086,0.3248223364,0.002224936616,-0.01762173884,1,-0.2173538804,0.01776164398,-1.424084187,0,-0.9338955283,-0.9128023982,-82.8038559
0.1262357086,0.3296658993,-0.002124963328,-0.0194669459,1,-1.594910145,0.01958258078,-1.01439023,0,-0.3271326423,-0.8205673099,-96.229599
0.1262357086,0.3345094621,-0.007084598299,-0.01856053248,1,-1.343872547,0.01986667886,0.211137861,0,-0.3513414264,-0.6318515539,-110.8919678
0.1262357086,0.3393530548,-0.01033586357,-0.01538386103,1,-0.37037009,0.01853357069,0.3843433857,0,-0.3994755745,-0.3068870306,-123.8957367
0.1262357086,0.3441966176,-0.01081340574,-0.01521250419,1,0.06626853347,0.01866413839,1.71865797,0,-0.08483892679,-1.538452625,-125.4061127
0.1262357086,0.3490402102,-0.0104258107,0.0003922076721,1,3.562142849,0.01043318585,3.179140091,0,-3.402098179,-3.264305115,177.8456116
0.1310792714,0.237637952,0.008766480722,-0.003883322235,1,0.005054391921,0.009588085115,-0.05488997698,0,-0.02910206839,1.09502244,-23.89209175
0.1310792714,0.2424815297,0.008708242327,-0.006668167189,1,-0.2484630495,0.01096804161,-0.3925538659,0,0.1747810096,0.365690589,-37.44238663
0.1310792714,0.2473251075,0.008409596048,-0.007555938326,1,-0.400251478,0.01130546443,-0.3187831044,0,0.2895605862,-0.01227511466,-41.93938065
0.1310792714,0.2521686852,0.008172102273,-0.008152762428,1,-0.3431769609,0.01154343039,-0.2288030386,0,0.3851132393,-0.0007035508752,-44.93212128
0.1310792714,0.257012248,0.008612717502,-0.008660754189,1,-0.2195406407,0.01221423689,-0.1735191792,0,0.377214551,0.001843929291,-45.15933609
0.1310792714,0.2618558407,0.008935808204,-0.009002147242,1,-0.2755175829,0.01268413663,-0.1413510293,4.105833054,0.1103481799,0.098597534,-45.21189499
0.1310792714,0.2666994035,0.007812706754,-0.009822963737,1,-0.271127075,0.01255105529,-0.1074883565,3.993065357,-0.1434344053,0.2722311318,-51.50297165
0.1310792714,0.2715429962,0.006927847397,-0.01084134821,1,-0.148867473,0.01286584232,-0.02561416477,1.480123878,-0.1257755905,0.2367963493,-57.42057419
0.1310792714,0.276386559,0.006482451688,-0.01109396946,1,-0.1005681306,0.01284905989,0.09519743174,0.63075459,-0.004336897284,0.08985397965,-59.7013092
0.1310792714,0.2812301517,0.00641973177,-0.01081546675,1,-0.2225478292,0.01257725246,0.2385324538,0,0.1760164797,0.1171219349,-59.30791855
0.1310792714,0.2860737145,0.006257073488,-0.01050590817,1,-0.3545736372,0.01222804468,0.1119581908,5.130068779,0.2118556798,0.2578648329,-59.22295761
0.1310792714,0.2909172773,0.005728468299,-0.01152217481,1,-0.312841922,0.01286762767,-0.1836897433,4.966501713,0.01045796275,0.2334416509,-63.5648613
0.1310792714,0.29576087,0.004792453256,-0.01252631657,1,-0.07540772855,0.01341179386,-0.1835829616,0,-0.1061754376,0.2680400014,-69.06361389
0.1310792714,0.3006044328,0.00484895613,-0.01370964572,1,0.2299431711,0.01454189699,-0.2328622043,0,-0.1758047491,0.4424504936,-70.52185822
0.1310792714,0.3054480255,0.005054676905,-0.01579724625,1,0.2563174963,0.01658622175,-0.1042206883,0,-0.3122897744,0.7545366883,-72.25678253
0.1310792714,0.3102915883,0.004577849992,-0.0178691037,1,0.1535537243,0.01844618097,0.1529375911,0,-0.6574907899,0.968395412,-75.6305542
0.1310792714,0.315135181,0.002613818506,-0.0197469797,1,0.06725078821,0.0199192185,0.1046042144,0,-0.9725996852,0.635020256,-82.4598465
0.1310792714,0.3199787438,0.0001927221601,-0.02043821476,1,-0.07404226065,0.02043912373,-0.2075789124,0,-1.174685478,-0.288084209,-89.45974731
0.1310792714,0.3248223364,-0.003434491577,-0.01935704611,1,-0.2814569771,0.01965937391,-0.1356764138,0,-1.114525914,-0.9700903893,-100.0611954
0.1310792714,0.3296658993,-0.006568829529,-0.01639666595,1,-0.4942933619,0.01766352728,-0.1233021617,1.813860416,-0.4696630836,-0.7840155959,-111.8320236
0.1310792714,0.3345094621,-0.008103474975,-0.01615683921,1,-0.526394248,0.01807511412,-0.1304606646,9.098718643,-0.212615639,-0.3250105977,-116.6360779
0.1310792714,0.3393530548,-0.01014828123,-0.01545434818,1,-0.2033164203,0.01848849654,-0.04805687442,0,-0.2660706937,-0.1674697995,-123.2913895
0.1310792714,0.3441966176,-0.01037698798,-0.01557845343,1,0.1313899308,0.01871817559,-0.3677611649,0,-0.2312708646,-0.157314688,-123.668045
0.1310792714,0.3490402102,-0.01063206233,-0.01647366211,1,2.132060766,0.01960669085,-0.8560715318,0,-2.237385035,-0.4864249825,-122.8381119
0.1359228492,0.237637952,0.009247522801,-0.004412979353,1,0.1339353025,0.01024651434,-0.5228490829,0,-0.3361794949,0.241194874,-25.51078796
0.1359228492,0.2424815297,0.008757730015,-0.006263332441,1,-0.1173340827,0.01076694764,-0.182665661,0,0.00127125904,0.4326966405,-35.57150269
0.1359228492,0.2473251075,0.008685363457,-0.007393534295,1,-0.03912751377,0.01140613388,0.05049346387,0,0.03249366581,0.4679319263,-40.40654373
0.1359228492,0.2521686852,0.008725598454,-0.008285228163,1,0.03395786136,0.0120325014,0.04264833033,0,-0.05872546881,0.4349685311,-43.5170784
0.1359228492,0.257012248,0.008565399796,-0.00929376483,1,0.1198285446,0.01263883431,-0.0621650368,0,-0.2520767152,0.3162211776,-47.33544159
0.1359228492,0.2618558407,0.008085044101,-0.01011797134,1,0.1623595655,0.01295149699,-0.1985975206,0,-0.398475498,0.07972145081,-51.37243271
0.1359228492,0.2666994035,0.007421753835,-0.01064182445,1,0.09742970765,0.01297423802,-0.2336192876,0,-0.3703991771,-0.002273514867,-55.10755539
0.1359228492,0.2715429962,0.006762895267,-0.01123851258,1,-0.04629047215,0.01311643701,-0.1999087334,0,-0.2316921204,-0.03048188984,-58.96212769
0.1359228492,0.276386559,0.006075323559,-0.01146245655,1,-0.08975129575,0.01297295187,-0.0500603579,1.1124897,-0.04834344238,-0.165930137,-62.07554626
0.1359228492,0.2812301517,0.006094022654,-0.01067728829,1,-0.07371996343,0.01229396649,0.08556723595,0,0.132294476,-0.1387587786,-60.28459549
0.1359228492,0.2860737145,0.006359033752,-0.01037591603,1,-0.1936572194,0.01216950826,-0.01684554853,3.685968876,0.04423952848,0.04872113466,-58.49733353
0.1359228492,0.2909172773,0.005370308645,-0.01099486463,1,-0.2860572338,0.01223630924,-0.2046055049,3.823525906,0.04496777058,0.1689641327,-63.96736526
0.1359228492,0.29576087,0.005191298202,-0.01218532957,1,-0.08945884556,0.01324506849,-0.1087543815,0,0.16617015,0.4285894632,-66.92461395
0.1359228492,0.3006044328,0.00574186584,-0.01359753124,1,0.02802854031,0.01476014499,-0.04890811443,0,0.2061641216,0.6716672778,-67.10700226
0.1359228492,0.3054480255,0.006325628608,-0.01567549258,1,-0.05796959624,0.01690368727,-0.06067326665,0,0.1323146075,0.8593790531,-68.02414703
0.1359228492,0.3102915883,0.006101961713,-0.01805387624,1,-0.2362915576,0.01905718632,-0.07355886698,4.074690819,-0.08562064916,0.9412439466,-71.32545471
0.1359228492,0.315135181,0.004766421858,-0.02059076913,1,-0.5338453054,0.02113524452,0.01198372245,3.14519906,-0.509090066,0.8930844069,-76.96653748
0.1359228492,0.3199787438,0.001050423365,-0.02232155576,1,-0.5038224459,0.02234625816,0.1804561019,0,-1.126654983,0.4005408287,-87.3057251
0.1359228492,0.3248223364,-0.003130922327,-0.02165676653,1,-0.2698059082,0.02188191563,0.4356597066,0,-1.293097496,-0.1783303469,-98.22625732
0.1359228492,0.3296658993,-0.006519620772,-0.0193476472,1,-0.0945289135,0.02041658387,0.3934470415,0,-1.177217484,-0.5595791936,-108.6223907
0.1359228492,0.3345094621,-0.009290705435,-0.01704072393,1,-0.3227243423,0.01940885,0.02373254299,0,-0.6806994677,-0.7318724394,-118.5994873
0.1359228492,0.3393530548,-0.01137978211,-0.01568781585,1,-0.4327561557,0.01938058436,-0.4183371961,0,-0.4066939652,-0.4331292808,-125.956749
0.1359228492,0.3441966176,-0.01335664745,-0.01696907729,1,-0.5356376171,0.02159512974,-1.211848021,0,-0.6099009514,-0.1622736454,-128.2068939
0.1359228492,0.3490402102,-0.01692828722,-0.0207715109,1,-0.9082422256,0.0267959442,-1.563778162,0,-0.5665472746,0.006309986115,-129.1792297
0.1407664269,0.237637952,0.007402266841,-0.00616035983,1,0.6583713889,0.009630347602,-0.1869509965,0,0.3809512258,-0.2144789249,-39.76811218
0.1407664269,0.2424815297,0.009919286706,-0.006093692966,1,0.3186357021,0.01164153591,0.2970181108,0,0.4077618718,0.5135266185,-31.56356049
0.1407664269,0.2473251075,0.01092062984,-0.007209035568,1,-0.02251750976,0.01308550127,0.1956350803,0,0.1394125223,0.713431716,-33.43000031
0.1407664269,0.2521686852,0.01048547681,-0.008601681329,1,-0.1150056571,0.01356223226,0.1189562082,0,-0.1074277163,0.7905828357,-39.36348343
0.1407664269,0.257012248,0.009843258187,-0.01046210621,1,-0.03658528626,0.01436472777,-0.01046040654,0,-0.4022337794,0.6330543756,-46.7456665
0.1407664269,0.2618558407,0.008360022679,-0.0117185954,1,0.003077536821,0.01439497992,-0.06216226518,0,-0.6581958532,0.2737099528,-54.49601746
0.1407664269,0.2666994035,0.006670141593,-0.0120889293,1,0.06537371874,0.01380699128,-0.1227699891,0,-0.5914497375,-0.1184838787,-61.11201096
0.1407664269,0.2715429962,0.005811932497,-0.01173935551,1,0.002832233906,0.01309927646,-0.1185482889,0,-0.2575729787,-0.3653745055,-63.66085815
0.1407664269,0.276386559,0.005436284933,-0.01089340728,1,-0.09981966019,0.01217454392,0.0989548713,0,0.1721137166,-0.2978046536,-63.47880936
0.1407664269,0.2812301517,0.006162094418,-0.009817619808,1,-0.03761831671,0.01159124915,0.1293775886,0,0.238953054,-0.1885218173,-57.88528824
0.1407664269,0.2860737145,0.006411465351,-0.009353636764,1,-0.2160525471,0.01134007983,-0.02175765485,3.823628426,0.09088478982,-0.0008619586006,-55.57125092
0.1407664269,0.2909172773,0.005555836484,-0.009918829426,1,-0.2637062967,0.01136883814,-0.09484248608,0,0.2492818534,0.3045566678,-60.74549484
0.1407664269,0.29576087,0.006341599394,-0.01128815766,1,-0.07765106857,0.01294752397,-0.04105618596,0,0.5544684529,0.5634561777,-60.67306137
0.1407664269,0.3006044328,0.007865338586,-0.01284683216,1,-0.05489316583,0.01506335475,0.09232985973,0,0.5879023075,0.8329873681,-58.52338409
0.1407664269,0.3054480255,0.00892327074,-0.01487558987,1,-0.2073264718,0.01734669879,0.1489789486,0,0.3962801099,1.035200953,-59.04214478
0.1407664269,0.3102915883,0.008780550212,-0.01713931747,1,-0.4274330139,0.01925757714,0.1428609192,7.885809422,0.02985818684,1.123847723,-62.87372971
0.1407664269,0.315135181,0.006997586228,-0.01962707564,1,-0.7346998453,0.0208371859,-0.02208852768,11.27833557,-0.4573372006,1.281831026,-70.37746429
0.1407664269,0.3199787438,0.003006825922,-0.02345495299,1,-0.5318578482,0.02364689857,0.1080975831,0,-1.364608645,1.075639248,-82.69476318
0.1407664269,0.3248223364,-0.002188096754,-0.02431343868,1,-0.3769043088,0.0244116988,0.4431607127,0,-1.766207695,0.06860256195,-95.1424942
0.1407664269,0.3296658993,-0.007373503409,-0.02164075151,1,-0.2852903008,0.02286243066,0.2884188294,0,-1.644138336,-1.037613153,-108.8151627
0.1407664269,0.3345094621,-0.01153340563,-0.0178907197,1,-0.3585778475,0.02128608152,0.008097827435,0,-1.065766335,-1.295202732,-122.808197
0.1407664269,0.3393530548,-0.01427242532,-0.01532811392,1,-0.5363947749,0.02094404958,-0.5264436603,0,-0.5989741683,-0.9295684695,-132.9574585
0.1407664269,0.3441966176,-0.01703265309,-0.01593815349,1,-0.9082196951,0.02332672291,-0.878242135,4.074169636,0.1023370028,-0.9834284782,-136.9012909
0.1407664269,0.3490402102,-0.01817578077,-0.01481863577,1,-0.9478629827,0.02345103398,-0.4069584012,0,0.475846529,-0.8692259192,-140.8097839
0.1456100047,0.237637952,0.007303165738,-0.00575668551,1,0.9295916557,0.009299228899,0.3725016415,0,1.292113304,0.4034529626,-38.24677658
0.1456100047,0.2424815297,0.01268366631,-0.005831643008,1,0.3946585655,0.01396006625,0.8724727035,0,0.799775362,1.048484802,-24.69182587
0.1456100047,0.2473251075,0.0130884992,-0.006609213538,1,-0.06550855935,0.01466255542,0.1867264658,0,0.157869041,0.685713172,-26.79210663
0.1456100047,0.2521686852,0.01313102152,-0.008248523809,1,-0.1732414365,0.01550683286,0.06974968314,1.533539057,-0.1379994154,0.9896491766,-32.13584137
0.1456100047,0.257012248,0.01158098225,-0.01106481161,1,-0.182771638,0.01601715386,-0.1293912232,0,-0.6474679112,0.9178464413,-43.69427109
0.1456100047,0.2618558407,0.009109691717,-0.0133209005,1,-0.1828732491,0.0161379315,-0.1089845449,0,-0.9170905352,0.460509479,-55.63316345
0.1456100047,0.2666994035,0.006253222004,-0.01382320002,1,-0.1301468313,0.01517180447,-0.01509421319,0,-0.8382930756,-0.1846166253,-65.65936279
0.1456100047,0.2715429962,0.004418977536,-0.01249980554,1,0.0572623536,0.01325792167,0.1350691617,0,-0.2928408682,-0.6242607832,-70.53029633
0.1456100047,0.276386559,0.005112179089,-0.01014532614,1,-0.03219424188,0.01136054657,0.1509553045,0,0.3188780546,-0.501891017,-63.25669098
0.1456100047,0.2812301517,0.005807552952,-0.009337693453,1,-0.044478558,0.01099637151,0.004895880818,0,0.2792832553,-0.2544341087,-58.12056732
0.1456100047,0.2860737145,0.006249473896,-0.008889241144,1,-0.1283276975,0.0108662108,0.01315321773,0,0.2477692664,-0.1576975882,-54.8913269
0.1456100047,0.2909172773,0.006386075635,-0.008510166779,1,-0.1877480894,0.01063977927,0.09314965457,0,0.4916782975,0.1415370852,-53.11523819
0.1456100047,0.29576087,0.007721583359,-0.009123609401,1,-0.1048487127,0.01195253525,0.03295470774,0,0.8971630335,0.4404911399,-49.75776291
0.1456100047,0.3006044328,0.01022371184,-0.01048410125,1,-0.1235003769,0.01464379299,-0.005077540874,0,1.019472957,0.7440108657,-45.72042465
0.1456100047,0.3054480255,0.01206129603,-0.01275187731,1,-0.3905338049,0.01755235717,0.006553590298,0,0.8062702417,1.112110138,-46.59420013
0.1456100047,0.3102915883,0.01223736349,-0.01583895087,1,-0.6081622839,0.02001562901,0.04488450289,9.554643631,0.361812681,1.385931253,-52.30989838
0.1456100047,0.315135181,0.01086808275,-0.0192473419,1,-0.5401559472,0.02210374177,-0.0006557703018,0,-0.5857512355,2.170486927,-60.54859543
0.1456100047,0.3199787438,0.006783944555,-0.02635504864,1,-0.02217054367,0.02721416019,0.4529300332,0,-2.356286049,2.339680672,-75.56509399
0.1456100047,0.3248223364,-0.0006521570613,-0.02838596515,1,-0.3802753687,0.02839345485,0.3427737951,0,-3.115559101,0.2548811436,-91.31611633
0.1456100047,0.3296658993,-0.01014840137,-0.02592933364,1,-0.1439408064,0.02784457617,-0.4574130177,0,-2.926679373,-2.092556238,-111.3747253
0.1456100047,0.3345094621,-0.01552489866,-0.02046604641,1,-0.1454201937,0.02568816021,-0.4951570034,0,-1.564821482,-2.547030687,-127.1828079
0.1456100047,0.3393530548,-0.01843209006,-0.01599092409,1,-0.8651520014,0.02440187708,-0.3458983302,11.23473549,-0.5488636494,-2.078435659,-139.0564423
0.1456100047,0.3441966176,-0.02237379365,-0.01207436714,1,-1.285855889,0.02542394586,-0.7655190825,19.28150558,0.32014516,-1.202233553,-151.6457825
0.1456100047,0.3490402102,-0.02310958505,-0.01387566328,1,-1.268409491,0.02695527673,-0.07071238756,0,0.9645888209,0.6730727553,-149.0181732
0.1504535824,0.237637952,0.01116066333,-0.004404457752,1,1.189096928,0.01199831907,0.4014060199,0,2.140231133,0.2886879146,-21.53623581
0.1504535824,0.2424815297,0.01922359318,-0.004131478257,1,0.05411547422,0.01966254413,0.6841880083,0,0.7687670588,1.039840579,-12.12933826
0.1504535824,0.2473251075,0.01514635887,-0.006127088796,1,-0.5181302428,0.01633870788,-0.0955067575,8.952607155,-0.226533249,0.7921646833,-22.02458763
0.1504535824,0.2521686852,0.0156167578,-0.008430983871,1,-0.2570684552,0.017747242,-0.2596991062,0,-0.04934944212,1.100002408,-28.36318016
0.1504535824,0.257012248,0.01366220228,-0.01271289866,1,-0.5224747062,0.01866208762,-0.2750922441,0,-0.6242182851,1.137881875,-42.93867874
0.1504535824,0.2618558407,0.01006266102,-0.01527483389,1,-0.738634944,0.01829146594,-0.01111337543,0,-0.9046493769,0.5682088137,-56.62415314
0.1504535824,0.2666994035,0.00570282666,-0.01551889069,1,-0.8081401587,0.01653354801,-0.006566360593,11.4615984,-0.5586525202,-0.3863943219,-69.82281494
0.1504535824,0.2715429962,0.003442494664,-0.01343510766,1,-0.4120438397,0.01386913471,0.3353895545,4.696899891,0.006078183651,-0.9706552625,-75.62822723
0.1504535824,0.276386559,0.003736500395,-0.009192961268,1,-0.05627122521,0.009923304431,0.1423539519,0,0.36821872,-0.9282706976,-67.8806076
0.1504535824,0.2812301517,0.004953436553,-0.0082494542,1,-0.091751948,0.009622370824,-0.1300882101,0,0.4994780421,-0.4730122685,-59.01702118
0.1504535824,0.2860737145,0.005711353384,-0.007531981915,1,-0.2368055433,0.009452529252,0.02550135553,0,0.5958642364,-0.3092685938,-52.82767487
0.1504535824,0.2909172773,0.006692559924,-0.006627975032,1,-0.1528881192,0.009419151582,0.147116363,0,0.7564539313,-0.079399243,-44.7222023
0.1504535824,0.29576087,0.00863477122,-0.006434835959,1,-0.03963512182,0.01076876931,0.06229675561,0,1.020699024,0.2032621503,-36.6943512
0.1504535824,0.3006044328,0.01144441962,-0.007310751826,1,-0.08734256029,0.01358020026,-0.05743202567,0,1.265569687,0.4884331524,-32.57064438
0.1504535824,0.3054480255,0.01434160583,-0.009078776464,1,-0.4454831779,0.01697367989,-0.04079148173,0,1.326319218,1.018428922,-32.33535004
0.1504535824,0.3102915883,0.01571081765,-0.01244116854,1,-0.7304219007,0.0200402718,-0.0465773344,0,1.384014249,2.176808834,-38.37519455
0.1504535824,0.315135181,0.01750733145,-0.01984792016,1,-0.7361428738,0.02646595053,-0.7251650095,0,0.9059005976,3.882844925,-48.58532333
0.1504535824,0.3199787438,0.01653305255,-0.034760423,1,-2.304186583,0.03849193081,-0.09730374813,38.98136902,-1.164456129,3.559926033,-64.56290436
0.1504535824,0.3248223364,0.0007066914113,-0.03756199777,1,-4.307630539,0.03756864369,0.4896712601,56.26296997,-3.178060532,0.5637359619,-88.92216492
0.1504535824,0.3296658993,-0.01972447708,-0.03511916101,1,-2.881091118,0.04027915746,-0.3866205215,18.87685966,-2.688191414,-3.028538704,-119.3204956
0.1504535824,0.3345094621,-0.02626847848,-0.0247657001,1,-0.9711007476,0.03610225767,-0.1409769058,17.72956276,-0.3276084065,-4.543303967,-136.686676
0.1504535824,0.3393530548,-0.02601487562,-0.01379614696,1,-0.6405592561,0.02944668755,0.05252563953,5.252039909,0.5796254277,-3.376001596,-152.0622101
0.1504535824,0.3441966176,-0.02656361647,-0.008159362711,1,0.2135815024,0.0277885031,0.4136437774,0,2.007230282,-1.608252525,-162.9249725
0.1504535824,0.3490402102,-0.0152582014,-0.004002934787,1,1.023128271,0.01577454247,1.982176542,0,3.645065546,0.2659182549,-165.2999268
0.1552971601,0.237637952,0.01064568944,-0.001149793738,1,1.399828076,0.01070760097,-0.2104837149,0,2.889746189,0.2934324741,-6.164367676
0.1552971601,0.2424815297,0.02103413269,-0.002370172413,1,0.1248478293,0.02116725035,-0.3236812353,0,1.07614994,0.5118678808,-6.429095268
0.1552971601,0.2473251075,0.01646281593,-0.005196840968,1,-0.9384542704,0.01726358756,-0.24466905,17.54785919,0.1470894814,0.7612502575,-17.51941872
0.1552971601,0.2521686852,0.01720109582,-0.007242420688,1,-0.5577018857,0.01866361126,0.1176959872,6.993691444,0.4125930071,1.430936575,-22.83324051
0.1552971601,0.257012248,0.01575997099,-0.01155761443,1,-1.278138399,0.01954367198,-0.04207122326,24.86565399,0.164691031,1.378899813,-36.25455093
0.1552971601,0.2618558407,0.01180802658,-0.01412500441,1,-2.382056236,0.01841046661,0.001007445157,46.75438309,0.02634227276,0.2192703187,-50.10551453
0.1552971601,0.2666994035,0.00434988644,-0.01261478756,1,-2.232551813,0.01334370114,0.07930520177,43.77231598,0.07175076008,-0.6743537188,-70.9745636
0.1552971601,0.2715429962,0.001342018833,-0.01047459897,1,-1.241233349,0.01056021918,0.1012171507,21.09554672,0.612698853,-0.8331152201,-82.69896698
0.1552971601,0.276386559,0.00130553043,-0.008089276031,1,-0.4605505168,0.008193949237,-0.04351732135,0,0.7793995142,-0.8694716096,-80.8320694
0.1552971601,0.2812301517,0.002886388917,-0.006474025082,1,-0.2474732697,0.00708831707,-0.1060836017,0,0.9844274521,-0.7735934258,-65.97071075
0.1552971601,0.2860737145,0.004875025246,-0.004856140353,1,-0.2265084088,0.006880986039,0.07074032724,0,1.016769648,-0.4182235599,-44.8888092
0.1552971601,0.2909172773,0.006714068819,-0.004105697852,1,-0.1976651549,0.007869909517,0.06376025081,0,1.05092144,-0.1155167967,-31.44606018
0.1552971601,0.29576087,0.009007838555,-0.003987798002,1,-0.04041397572,0.009851074778,0.02417712845,0,1.196012378,-0.0118566025,-23.87911987
0.1552971601,0.3006044328,0.01231129933,-0.003931165673,1,0.0262042284,0.01292370539,0.04349116236,0,1.581846714,0.08111139387,-17.7089901
0.1552971601,0.3054480255,0.0167965591,-0.004170014523,1,0.05018150806,0.01730645448,0.1883642226,0,2.064785004,0.5323969722,-13.94269848
0.1552971601,0.3102915883,0.02255530469,-0.005597515032,1,-0.4563770294,0.02323949151,0.2546027899,0,2.390069723,1.725408554,-13.9374342
0.1552971601,0.315135181,0.02616254985,-0.01129397657,1,-2.297536612,0.02849619277,0.2787826061,0,2.504020452,3.424630642,-23.34912491
0.1552971601,0.3199787438,0.02355542593,-0.02083467506,1,-6.802074432,0.03144744411,0.3243126869,125.3545456,2.319345474,2.723536968,-41.49262238
0.1552971601,0.3248223364,0.004450102802,-0.02291480638,1,-9.251415253,0.02334291674,-0.4349495769,180.0522461,-1.122202396,0.4239885211,-79.00984192
0.1552971601,0.3296658993,-0.02668999135,-0.02499500848,1,-8.883781433,0.03656646237,-1.703024268,171.1387024,0.07545566559,-2.852088451,-136.8783264
0.1552971601,0.3345094621,-0.03821357712,-0.0173492413,1,-3.380306482,0.0419675298,-0.2667256594,56.38521576,1.761748075,-3.345884323,-155.581604
0.1552971601,0.3393530548,-0.03452960402,-0.01008086465,1,-0.2561737299,0.03597106412,0.2675849199,0,2.331830025,-2.615108728,-163.7249146
0.1552971601,0.3441966176,-0.02815997414,-0.003386690514,1,1.243822217,0.02836289443,0.9802018404,0,3.362037659,-0.8582652211,-173.1421967
0.1552971601,0.3490402102,-0.0122207636,-0.001176106394,1,2.609213829,0.0122772269,1.080801964,0,3.972351313,0.1680150926,-174.5028687
0.1601407379,0.237637952,0.01156243216,0.002812075894,1,1.323702216,0.01189947966,-0.4160483479,0,2.216101408,0.5484651923,13.66940022
0.1601407379,0.2424815297,0.02013508976,0.0004762276949,1,0.190361172,0.02014072053,-0.635192275,0,1.066153884,0.1248345375,1.354885936
0.1601407379,0.2473251075,0.01764846034,-0.0008691729745,1,-0.3614123464,0.0176698491,-0.234481737,0,0.9771948457,0.6341969967,-2.819494486
0.1601407379,0.2521686852,0.0231176801,-0.003731285222,1,-0.4974447191,0.02341686562,-0.006271541119,0,1.011275411,0.9961436987,-9.168693542
0.1601407379,0.257012248,0.02013723552,-0.005724441726,1,-2.517881155,0.02093507722,0.3340241313,48.97930145,0.04283332825,0.3088944554,-15.86893845
0.1601407379,0.2618558407,0.01112959348,-0.003609567648,1,-3.521525621,0.01170029212,0.1197390258,69.07582855,-0.05363595486,-0.1624118984,-17.96899796
0.1601407379,0.2666994035,0.002820663154,-0.004357821774,1,-2.603403568,0.005191026255,-0.02912859991,50.7929306,0.2844350338,0.1455099434,-57.0864563
0.1601407379,0.2715429962,-0.0001025105594,-0.004455443006,1,-1.486787558,0.00445662206,-0.08243022859,24.99708939,0.7628813386,-0.3241224289,-91.31802368
0.1601407379,0.276386559,-0.0006856326945,-0.00318716676,1,-0.8464907408,0.00326008047,-0.2434539348,0,1.010659337,-0.6920469403,-102.1406097
0.1601407379,0.2812301517,0.0006926525966,-0.002282647649,1,-0.3182319701,0.002385423984,-0.3062106967,0,1.291463852,-0.6524627805,-73.11997223
0.1601407379,0.2860737145,0.004028291442,-0.001510068076,1,-0.08349585533,0.00430202717,-0.04496203363,0,1.270477533,-0.396418035,-20.54929733
0.1601407379,0.2909172773,0.006441873033,-0.0005803484237,1,-0.2924546897,0.006467962172,0.01727550477,0,1.255824208,-0.2023884356,-5.147880554
0.1601407379,0.29576087,0.008694446646,-0.0004461086646,1,-0.2693719268,0.008705884218,-0.003373116255,0,1.426795006,-0.1694636196,-2.937247992
0.1601407379,0.3006044328,0.0120479418,0.0002241238399,1,0.07328981161,0.0120500261,-0.06463566422,0,1.813377857,-0.2969476283,1.065731287
0.1601407379,0.3054480255,0.0178326685,0.0006791123888,1,0.3289126158,0.01784559339,-0.0466831848,0,2.40733242,-0.2782669663,2.180912018
0.1601407379,0.3102915883,0.02530115657,0.001345817815,1,0.3441625834,0.02533692494,-0.005113184452,0,3.292081833,-0.5686807632,3.044804573
0.1601407379,0.315135181,0.03544510156,0.003408795688,1,-2.571728945,0.03560863808,1.186284542,0,3.80932498,-0.4806788564,5.493305683
0.1601407379,0.3199787438,0.03129554912,0.009419884533,1,-8.52702713,0.03268249705,0.1741654575,165.2489929,1.344010353,0.5037395954,16.75166893
0.1601407379,0.3248223364,0.0006536005531,0.001812477829,1,-13.14150906,0.001926725148,-0.3758502901,255,-1.947144985,-0.1396023333,70.17010498
0.1601407379,0.3296658993,-0.04178752005,0.008275599219,1,-9.812234879,0.04259908944,-0.3122934401,192.094223,0.6412930489,0.03295613825,168.7980804
0.1601407379,0.3345094621,-0.04376643524,0.0001402397902,1,-3.11397028,0.04376665875,-0.8232703805,0,4.022850513,1.145635366,179.8164062
0.1601407379,0.3393530548,-0.03738528863,-0.001260948833,1,0.1819318533,0.03740654886,0.4089130163,0,3.491680861,0.004224911332,-178.0682373
0.1601407379,0.3441966176,-0.02597300708,0.002100378042,1,1.947958469,0.02605779469,0.8091843128,0,3.869194031,0.01215422153,175.3766785
0.1601407379,0.3490402102,-0.009209458716,0.002599528292,1,2.257458687,0.009569308721,0.6842936277,0,4.664489746,0.4781861603,164.2373657
0.1649843156,0.237637952,0.01128706057,0.003172611352,1,1.475949526,0.01172447018,-0.2010664195,0,1.528075695,0.3360628486,15.69981956
0.1649843156,0.2424815297,0.01856217533,0.001871797605,1,0.5370025635,0.01865631156,-0.6071470976,0,0.931293726,-0.2178059369,5.758203983
0.1649843156,0.2473251075,0.01839886792,0.001286807237,1,-0.1635026932,0.01844381168,-0.1770078689,0,0.8723678589,0.1959839612,4.000722408
0.1649843156,0.2521686852,0.02199561894,6.518267764e-05,1,-0.773963511,0.0219957158,-0.5295780301,0,0.8720583916,-0.4384465814,0.1697920561
0.1649843156,0.257012248,0.01887399703,0.000845405506,1,-2.135237217,0.01889292151,0.00278699398,41.91187668,-0.01075541973,-0.5354114771,2.564682484
0.1649843156,0.2618558407,0.01160133723,0.002671988914,1,-2.430351496,0.01190506388,0.2922928631,46.52084351,-0.4518997669,0.1834315956,12.97003174
0.1649843156,0.2666994035,0.00491358852,0.00137268356,1,-2.519700289,0.00510172639,0.214789629,49.27892685,-0.004980564117,0.6793515682,15.60848999
0.1649843156,0.2715429962,-0.0006271505845,0.0004218471004,1,-2.016219616,0.0007558259531,-0.1269928813,38.94379425,0.3358026743,-0.03063670918,146.0736084
0.1649843156,0.276386559,-0.003225640859,0.0009059749427,1,-0.9850975871,0.003350455081,-0.2637254596,11.37164879,0.7518258691,-0.4497066736,164.3117218
0.1649843156,0.2812301517,-0.001757020364,0.001322661643,1,-0.04060685635,0.002199216746,-0.2531828284,0,1.271681786,-0.4175159335,143.0280609
0.1649843156,0.2860737145,0.002737166593,0.001701934962,1,0.1644789577,0.003223144915,0.02636913955,0,1.39934516,-0.4011777341,31.87281799
0.1649843156,0.2909172773,0.005817459896,0.003393511754,1,-0.2025800943,0.006734891329,0.155887574,0,1.324379802,-0.365583092,30.25638962
0.1649843156,0.29576087,0.008170690387,0.004227718804,1,-0.4711910486,0.009199662134,0.03384741396,0,1.450319052,-0.1939954162,27.35817337
0.1649843156,0.3006044328,0.01055994257,0.004497086164,1,-0.2252158523,0.01147763804,-0.09401163459,0,1.681153536,-0.4386440217,23.06734848
0.1649843156,0.3054480255,0.01522263791,0.005896972492,1,-0.01218867302,0.01632491872,-0.2331334651,0,1.914944649,-1.096931934,21.17545891
0.1649843156,0.3102915883,0.01977608912,0.008680961095,1,0.2097723484,0.02159751765,0.128786087,0,2.75447607,-2.703042507,23.69967079
0.1649843156,0.315135181,0.02958020568,0.01961315423,1,-0.9102565646,0.03549174964,-0.5042384863,0,2.368439674,-4.281508446,33.54636765
0.1649843156,0.3199787438,0.0268389117,0.02697646059,1,-4.870724678,0.03805334121,-1.038805246,91.96499634,-0.8330626488,-3.452890635,45.14644241
0.1649843156,0.3248223364,0.00195346796,0.03130596504,1,-9.385894775,0.03136685491,-0.1215350777,180.2203674,-1.944963694,0.1549114734,86.42942047
0.1649843156,0.3296658993,-0.02804298326,0.02563747019,1,-6.442223549,0.03799590468,1.526216984,119.1353149,-1.528282404,4.434708118,137.5658112
0.1649843156,0.3345094621,-0.03665217757,0.01721850596,1,-2.759986162,0.04049517214,0.2964205742,40.06640244,1.833903074,4.361041546,154.8367462
0.1649843156,0.3393530548,-0.03252853826,0.005950161722,1,0.09100949764,0.03306826577,0.5045890808,0,2.483620644,2.837480783,169.6339874
0.1649843156,0.3441966176,-0.02418175712,0.005918963812,1,2.19652462,0.02489561215,0.7233840227,0,3.158676863,-0.2123648226,166.2461548
0.1649843156,0.3490402102,-0.006590202451,0.01048253383,1,2.821903706,0.01238201465,0.8598445654,0,4.441941738,-1.024529457,122.1569214
0.1698278934,0.237637952,0.01221629791,0.003064552555,1,0.6360375881,0.01259481721,0.05235613883,0,0.9838674068,0.3325393796,14.08248711
0.1698278934,0.2424815297,0.01613936573,0.002386007924,1,0.1544260085,0.01631478406,-0.1736599207,0,0.986068666,-0.3973776102,8.409567833
0.1698278934,0.2473251075,0.01774037257,0.004148146603,1,-0.4276074767,0.01821888983,0.1777800322,0,0.9003183246,-0.2052718699,13.16074753
0.1698278934,0.2521686852,0.01842897758,0.004241349641,1,-0.8675042391,0.01891074516,-0.1679797173,3.718570709,0.8297334909,-0.2541771829,12.96069241
0.1698278934,0.257012248,0.01755742729,0.004565650132,1,-1.413921833,0.01814134605,0.08178364486,26.66998863,0.382623136,-0.2757758796,14.57641315
0.1698278934,0.2618558407,0.01343380194,0.005973217078,1,-2.093605995,0.01470191684,0.3885751069,40.3669281,-0.05478966236,-0.2838139236,23.97188568
0.1698278934,0.2666994035,0.007151505444,0.007822418585,1,-2.850510597,0.01059878618,0.391946137,55.38500595,-0.1018118858,0.1930143237,47.56544495
0.1698278934,0.2715429962,-0.0008660017629,0.006936758757,1,-2.491275311,0.006990606431,-0.0435577929,48.7929039,0.1597957611,0.4925462306,97.11611938
0.1698278934,0.276386559,-0.004141196609,0.005225757137,1,-1.210038185,0.006667686626,-0.14230901,16.45067787,0.861137569,0.4488312602,128.3953705
0.1698278934,0.2812301517,-0.002555929124,0.004073524848,1,-0.1437636018,0.004808989353,0.07685391605,0,1.455619097,0.232659176,122.1061707
0.1698278934,0.2860737145,0.00221287692,0.004471102264,1,0.2143970132,0.004988745321,0.2814819217,0,1.433589339,-0.2846458554,63.66786575
0.1698278934,0.2909172773,0.005426196381,0.006815600209,1,-0.05104255676,0.008711831644,0.3966262043,0,1.22907269,-0.5096816421,51.47517776
0.1698278934,0.29576087,0.007918757387,0.008860874921,1,-0.3488172293,0.01188367885,0.1081121862,0,1.18328023,-0.4373879731,48.2135849
0.1698278934,0.3006044328,0.009467982687,0.009457772598,1,-0.5020237565,0.0133825317,-0.2133969069,0,1.218774199,-0.4513320923,44.96908951
0.1698278934,0.3054480255,0.0113903936,0.01001333259,1,-0.4130124748,0.01516601071,-0.2517028153,0,1.107656598,-1.121620893,41.31880951
0.1698278934,0.3102915883,0.01283254568,0.01367128827,1,-0.6646714807,0.0187504217,-0.1940393448,0,0.8452345729,-2.109169722,46.81258011
0.1698278934,0.315135181,0.0122649651,0.01928941533,1,-0.4227480292,0.02285849676,-0.7466515303,0,-0.2570955753,-3.906572819,57.55020523
0.1698278934,0.3199787438,0.009539670311,0.02897661366,1,-1.05589509,0.03050654754,-0.3585461378,0,-1.307998657,-4.191206455,71.77744293
0.1698278934,0.3248223364,0.0008152616792,0.03785320371,1,-2.056726694,0.0378619805,0.1229073107,0,-2.579306126,-0.51712358,88.76618195
0.1698278934,0.3296658993,-0.01291531511,0.03207665309,1,-2.139523983,0.03457914293,0.4993964434,0,-2.407318115,3.691696167,111.9316483
0.1698278934,0.3345094621,-0.02120765485,0.02239109948,1,-0.98536098,0.03084032983,0.1550338268,12.74876308,-0.7246143818,4.645269394,133.4451599
0.1698278934,0.3393530548,-0.02119771391,0.01032784861,1,-0.9130966663,0.02357981168,0.05279695988,15.66782665,0.4402661622,3.279845715,154.0239563
0.1698278934,0.3441966176,-0.02349784598,0.006760637276,1,1.024586439,0.02445107326,0.6833471656,0,1.285811424,0.6588900685,163.9487915
0.1698278934,0.3490402102,-0.01000712253,0.01044630818,1,3.222909212,0.01446609385,-0.2909804583,0,2.347635031,-1.812855363,133.7699127
0.1746714562,0.237637952,0.01315132901,0.004857349675,1,-0.06180429459,0.01401967555,0.3206374347,0,1.153966427,-0.1098574027,20.27134895
0.1746714562,0.2424815297,0.01579631492,0.005899917334,1,-0.05482530594,0.01686216332,0.1404462308,0,1.11073494,-0.4503070712,20.48064041
0.1746714562,0.2473251075,0.01826570928,0.007718709297,1,-0.1725999415,0.01982964016,0.11745359,0,1.030345559,-0.3751482368,22.90790939
0.1746714562,0.2521686852,0.01995087229,0.008285872638,1,-0.8351821303,0.02160307951,0.07449155301,6.331176758,0.7667765021,-0.3029961586,22.55378532
0.1746714562,0.257012248,0.01793438196,0.009547097608,1,-1.874784946,0.02031721175,0.1683124602,36.30612946,0.2557097673,-0.7114644051,28.02793312
0.1746714562,0.2618558407,0.0121087553,0.01254714001,1,-2.31118679,0.017437106,0.251909852,44.9108696,0.2078870535,-0.8091036081,46.01861572
0.1746714562,0.2666994035,0.007746885531,0.01468619891,1,-2.194499969,0.01660417579,-0.008357472718,43.07452011,0.01404595375,-0.1560490131,62.18861389
0.1746714562,0.2715429962,0.001547556487,0.0132624954,1,-2.028310299,0.01335247979,0.01266607642,39.78945541,0.06945568323,0.7865442038,83.34443665
0.1746714562,0.276386559,-0.001740978798,0.01093786024,1,-1.197470784,0.01107554976,0.1654794812,16.72937775,0.8247238994,1.031184912,99.04389191
0.1746714562,0.2812301517,-0.0002578719577,0.009069384076,1,-0.405336231,0.00907304883,0.06208482385,0,1.326725483,0.7497338057,91.62866211
0.1746714562,0.2860737145,0.002721841913,0.007607178763,1,-0.1468617916,0.008079455234,0.1594081223,0,1.288116693,0.05112921074,70.31283569
0.1746714562,0.2909172773,0.005269867834,0.009593839757,1,-0.06383883953,0.01094592456,0.3606435955,0,0.8595271111,-0.4737317264,61.22013855
0.1746714562,0.29576087,0.006575820036,0.01164854039,1,-0.1060217023,0.01337646786,0.02808335423,0,0.5334770083,-0.6404415369,60.5544548
0.1746714562,0.3006044328,0.007340280805,0.01283189189,1,-0.1606570482,0.01478300244,-0.2640910745,0,0.572548449,-0.5972952247,60.22896957
0.1746714562,0.3054480255,0.008570848033,0.01326244045,1,-0.3486924767,0.015790876,-0.202891022,0,0.6129708886,-0.8557980061,57.12744522
0.1746714562,0.3102915883,0.008620333858,0.01599429734,1,-0.5366867781,0.01816941798,0.06123304367,9.524078369,0.2210394293,-1.415580869,61.67697525
0.1746714562,0.315135181,0.007041985635,0.02041550353,1,-0.3509709835,0.02159588784,0.2770192027,0,-0.4373863339,-1.73824358,70.96898651
0.1746714562,0.3199787438,0.004801863804,0.02575537935,1,0.1637884378,0.02619918808,0.119692564,0,-1.608574152,-1.606162071,79.43895721
0.1746714562,0.3248223364,4.40536096e-05,0.02877481468,1,0.3752497435,0.02877484821,-0.4765890837,0,-2.965276718,-0.1844517142,89.91227722
0.1746714562,0.3296658993,-0.007743133232,0.0243403893,1,-0.1881268024,0.02554233186,-0.5092400312,0,-2.587851524,1.615923762,107.646843
0.1746714562,0.3345094621,-0.01340157166,0.01848145016,1,-0.4257703722,0.02282906324,-0.2402386665,0,-1.358760715,2.203227758,125.9472427
0.1746714562,0.3393530548,-0.01638664864,0.01250526961,1,-0.711509347,0.0206131991,-0.3545772433,11.62861347,-0.1719213724,1.977835894,142.6513824
0.1746714562,0.3441966176,-0.01768053696,0.0071842256,1,-0.1903424114,0.01908440329,0.426966846,0,0.109073773,1.719851494,157.8863525
0.1746714562,0.3490402102,-0.01678027958,0.006243082229,1,1.183702469,0.01790401898,-0.3797667921,0,-0.8119711876,0.008846968412,159.5923462
0.179515034,0.237637952,0.01323722582,0.008953223005,1,-0.4830667078,0.01598075032,-0.1081635803,0,1.061691523,0.2724401951,34.07312393
0.179515034,0.2424815297,0.01463853288,0.008031480946,1,-0.07640635967,0.01669704542,-0.1467522383,0,0.7484270334,-0.3576447964,28.75152397
0.179515034,0.2473251075,0.01649221033,0.009974697605,1,-0.02170589566,0.01927401312,-0.1627631187,0,0.5757728815,-0.9822126627,31.16608047
0.179515034,0.2521686852,0.01732219942,0.01200054865,1,-0.676151216,0.02107300982,-0.2438778877,10.25880718,0.3529232144,-1.257624626,34.7136116
0.179515034,0.257012248,0.01492663287,0.01488485094,1,-1.243090153,0.02107992396,0.02596104145,24.28707123,-0.1168972254,-1.24871254,44.91969681
0.179515034,0.2618558407,0.0107349949,0.01817452908,1,-1.457414865,0.02110814117,0.1120791733,27.85653877,-0.3122361302,-0.6383609772,59.43128586
0.179515034,0.2666994035,0.006355191115,0.01851966605,1,-1.27204597,0.01957974583,-0.2800939977,23.51178169,-0.3238746226,-0.05771847814,71.05988312
0.179515034,0.2715429962,0.003005029401,0.01709743589,1,-0.9201871157,0.0173595082,-0.139929533,17.82499886,-0.05022364855,0.5825256109,80.03156281
0.179515034,0.276386559,0.001654931228,0.01502039842,1,-0.6140230894,0.01511129271,0.017339468,10.74385357,0.2777308226,0.9741833806,83.71257019
0.179515034,0.2812301517,0.001376171713,0.01246288791,1,-0.337444067,0.01253863703,-0.03043109179,0,0.663173914,0.7125893831,83.69883728
0.179515034,0.2860737145,0.003232629271,0.01142152119,1,-0.1608482599,0.01187017467,0.03218597174,0,0.8839263916,0.2747552991,74.19691467
0.179515034,0.2909172773,0.004878445994,0.01128798816,1,-0.05401740968,0.01229706965,-0.0551533699,0,0.4091532826,-0.1659827232,66.62695312
0.179515034,0.29576087,0.004952757619,0.0119583318,1,0.02527009696,0.01294339634,-0.1201478243,0,0.0608959049,-0.4754877687,67.50223541
0.179515034,0.3006044328,0.005295797717,0.01300910488,1,0.1674540043,0.01404572092,-0.07206779718,2.172085285,0.1029662192,-0.6321671605,67.84954834
0.179515034,0.3054480255,0.006262558978,0.01467121672,1,-0.02635023743,0.0159519352,0.01812061667,0,0.2280335724,-0.8763180971,66.8842926
0.179515034,0.3102915883,0.006272666622,0.01734138839,1,-0.1598482281,0.01844098978,0.08344432712,2.38224268,-0.06212351844,-0.7836089134,70.11410522
0.179515034,0.315135181,0.005187421571,0.01887085661,1,0.02198079228,0.01957086101,0.04742017388,0,-0.8339458704,-0.5824164152,74.62957764
0.179515034,0.3199787438,0.002339850646,0.02039205097,1,0.2819188833,0.02052585222,-0.1265075505,0,-1.845630288,-0.7050616145,83.45432281
0.179515034,0.3248223364,-0.002386535984,0.02167312801,1,0.3484857082,0.0218041297,-0.3725915849,0,-2.391369104,-0.3852612674,96.28379822
0.179515034,0.3296658993,-0.007555014454,0.02045341767,1,-0.1071511507,0.02180414088,-0.3477707803,0,-1.815657139,0.43698892,110.2730484
0.179515034,0.3345094621,-0.01169977896,0.01787209511,1,-0.2818883359,0.02136109956,-0.4381471276,0,-0.9115128517,1.112780094,123.2103424
0.179515034,0.3393530548,-0.01333534624,0.01294138096,1,-0.18780303,0.01858253963,-0.4587082863,0,-0.1011984348,1.535935998,135.858963
0.179515034,0.3441966176,-0.01309958007,0.008210880682,1,0.07021469623,0.01546019316,-0.4360100627,0,0.2460076511,2.074790716,147.9203186
0.179515034,0.3490402102,-0.01180369873,0.0007801226457,1,0.9653989077,0.0118294498,-0.3759461641,0,-0.4303078949,2.692337513,176.2187347
0.1843586117,0.237637952,0.01394701563,0.0123395063,1,-0.6292819977,0.01862210222,-0.2877530158,0,0.3840966523,0.7216018438,41.50053024
0.1843586117,0.2424815297,0.01335322857,0.009895062074,1,-0.2547311187,0.01661989652,-0.4335483611,0,0.00138835609,-0.07702222466,36.53933334
0.1843586117,0.2473251075,0.01271993015,0.01061264426,1,-0.05122134089,0.01656577364,-0.2963079214,0,-0.08813850582,-0.9931508303,39.83932114
0.1843586117,0.2521686852,0.01267822832,0.01327027474,1,-0.1560493708,0.01835313812,-0.3521840572,0,0.009867981076,-1.258386731,46.30704117
0.1843586117,0.257012248,0.0120118903,0.01500190049,1,-0.2010961026,0.0192182865,-0.1105465293,0,-0.442758441,-1.10642767,51.31605148
0.1843586117,0.2618558407,0.009559668601,0.01809390262,1,-0.3271498978,0.02046403103,0.1567790508,0,-0.8912110329,-0.7262128592,62.15086746
0.1843586117,0.2666994035,0.006110664457,0.01927874051,1,-0.4122012854,0.02022399753,-0.06101819873,0,-0.799374938,0.06650567055,72.41326904
0.1843586117,0.2715429962,0.003691304941,0.01747623086,1,-0.1301158369,0.01786181331,-0.2552958131,0,-0.4994033873,0.5749996901,78.07336426
0.1843586117,0.276386559,0.003061539261,0.01525713969,1,0.1261675656,0.01556127612,-0.1956915855,0,-0.2593522668,0.5393592119,78.65356445
0.1843586117,0.2812301517,0.003046214581,0.01391595509,1,0.03397270292,0.01424546354,-0.04643191397,0,0.2028350234,0.488196373,77.65266418
0.1843586117,0.2860737145,0.004208535887,0.01266762614,1,-0.03457949311,0.01334842853,-0.118535988,0,0.2725372612,0.310634017,71.6220932
0.1843586117,0.2909172773,0.004198777955,0.0118372431,1,-0.2252037823,0.01255985908,-0.1987469196,0,0.1183151975,-0.02397333831,70.46994781
0.1843586117,0.29576087,0.003690812737,0.01182109676,1,-0.117289722,0.0123838773,-0.08663014323,0.9719500542,0.06164613366,-0.2274965048,72.66046143
0.1843586117,0.3006044328,0.003929263912,0.01251954027,1,0.1040650979,0.01312166173,0.1103550643,0,0.04526437074,-0.4416069984,72.57550812
0.1843586117,0.3054480255,0.004414101597,0.01449456811,1,0.205361113,0.01515179127,0.1101804078,3.16908741,0.0629876703,-0.7049390078,73.06267548
0.1843586117,0.3102915883,0.005229032133,0.01646763459,1,0.2638322413,0.01727789827,-0.06985774636,0,-0.2562783062,-0.4363612831,72.3835907
0.1843586117,0.315135181,0.004450689536,0.01626975648,1,-0.05604895949,0.01686753146,-0.2963477969,0,-0.8637129068,-0.08633682132,74.70069885
0.1843586117,0.3199787438,0.00077409402,0.0154504301,1,-0.1596962214,0.01546980906,-0.3286496401,0,-1.507946014,-0.1705761701,87.13178253
0.1843586117,0.3248223364,-0.003626665566,0.01550411526,1,-0.07017362118,0.01592263393,-0.09990045428,0,-1.599066019,-0.226806134,103.1657028
0.1843586117,0.3296658993,-0.00731099816,0.01606510766,1,-0.1820482612,0.01765044965,0.1049340814,0,-1.161439657,0.1198612005,114.4695969
0.1843586117,0.3345094621,-0.01013393421,0.01543181483,1,-0.0996299684,0.01846178621,0.1094321609,0,-0.6968916655,0.7577880025,123.2925491
0.1843586117,0.3393530548,-0.01116901264,0.01292474568,1,0.1019362211,0.01708203368,-0.2890700102,0,-0.02121943235,1.237925649,130.8321838
0.1843586117,0.3441966176,-0.009742976166,0.008035692386,1,0.5552486181,0.01262924913,-1.014553547,0,0.6026463509,1.760642529,140.4853058
0.1843586117,0.3490402102,-0.005560658406,-0.0005171324592,1,0.9333328009,0.005584652536,-1.394836068,0,0.793615818,2.136767864,-174.6868744
0.1892021894,0.237637952,0.0153386062,0.01386160124,1,-0.5406595469,0.02067406103,-1.328466892,0,-0.7695544958,0.566655159,42.10433197
0.1892021894,0.2424815297,0.01216554455,0.009272015654,1,-0.1039948761,0.0152961025,-1.092848182,0,-0.9472919703,-0.2534449399,37.31297684
0.1892021894,0.2473251075,0.01024661679,0.009795886464,1,0.1717412472,0.0141757736,-0.4598637223,0,-0.7176744342,-1.189111233,43.71170807
0.1892021894,0.2521686852,0.009521274827,0.01280418225,1,0.3348705173,0.01595624536,-0.3861777484,0,-0.5856138468,-1.195178866,53.36526489
0.1892021894,0.257012248,0.009032123722,0.01371434052,1,0.2719393373,0.01642140187,-0.4020420611,0,-0.5907897353,-0.9467371702,56.63151169
0.1892021894,0.2618558407,0.007976897992,0.01544245519,1,0.3117996454,0.01738103293,-0.05638694763,0,-0.8589888811,-0.6613157988,62.68109512
0.1892021894,0.2666994035,0.00638177013,0.0166443605,1,0.4415340722,0.01782587171,-0.03608877212,0,-1.148316979,-0.008486800827,69.02220917
0.1892021894,0.2715429962,0.004553540144,0.0153087629,1,0.4044093788,0.01597162895,-0.2177595198,0,-1.036639929,0.5030418634,73.43506622
0.1892021894,0.276386559,0.003319512121,0.01315310318,1,0.6142112613,0.01356551796,-0.1082124561,0,-0.8284429908,0.3104816079,75.83576965
0.1892021894,0.2812301517,0.003515892196,0.01328078564,1,0.5552674532,0.01373829599,-0.06021891162,7.838143349,-0.3811071515,-0.009835045785,75.17195129
0.1892021894,0.2860737145,0.004163071048,0.012909065,1,0.1235668585,0.01356374286,-0.1388926804,0,-0.06497549266,-0.07098057121,72.1259079
0.1892021894,0.2909172773,0.003799683182,0.01295184903,1,-0.3509629369,0.01349770278,0.001430514269,5.662643433,0.1998741627,0.01878204197,73.64989471
0.1892021894,0.29576087,0.003431260819,0.01282502152,1,-0.3816083074,0.0132760955,0.151388675,0,0.3592426181,0.1983684301,75.02165222
0.1892021894,0.3006044328,0.003691353137,0.01272429898,1,-0.1550669968,0.01324891951,0.2279851437,0,0.1448552012,-0.01080492884,73.82241821
0.1892021894,0.3054480255,0.003381799208,0.01398161985,1,0.2023634017,0.01438479312,0.04425279796,1.771040201,-0.1756471097,-0.3888760805,76.40274811
0.1892021894,0.3102915883,0.003820755519,0.01482219249,1,0.3645566404,0.01530671678,-0.3947528601,0,-0.3744543493,-0.5965155959,75.54538727
0.1892021894,0.315135181,0.003333858913,0.01495887339,1,-0.203660205,0.01532587782,-0.4282313883,0,-0.6013117433,-0.2299287021,77.43592072
0.1892021894,0.3199787438,-7.818851009e-05,0.0138616981,1,-1.166137695,0.01386191882,0.0593976751,21.85487938,-0.3415956199,0.2020720541,90.32318115
0.1892021894,0.3248223364,-0.003968964797,0.014267819,1,-1.598791599,0.01480956934,0.8421872854,26.10350037,0.2799292207,0.4606592357,105.5452881
0.1892021894,0.3296658993,-0.006466201041,0.01570965908,1,-0.6412075758,0.01698838174,0.8724623919,0,-0.08767032623,0.7255885601,112.3723984
0.1892021894,0.3345094621,-0.007499330677,0.01497921161,1,0.1004448384,0.01675161906,0.5012923479,0,-0.5697857141,1.195983768,116.5948029
0.1892021894,0.3393530548,-0.008739490062,0.01234486699,1,0.05313088,0.01512529142,0.187300384,0,-0.4632636905,1.537285209,125.296402
0.1892021894,0.3441966176,-0.009485840797,0.008440455422,1,-0.3037919402,0.01269734092,-1.300746322,0,0.4130903482,1.226615787,138.3374634
0.1892021894,0.3490402102,-0.008210094646,0.0001033925946,1,-0.6084571481,0.00821074564,-2.337272644,0,1.135233879,1.105239391,179.2784882
0.1940457672,0.237637952,0.01025712118,0.01123083569,1,-0.1639288664,0.01520987228,-2.168197632,0,-1.250219107,0.06996142864,47.59454727
0.1940457672,0.2424815297,0.006832353305,0.005810487084,1,0.1444106102,0.008968992159,-1.609608412,0,-1.28491652,-0.5925616622,40.3790741
0.1940457672,0.2473251075,0.004732992034,0.006304690149,1,0.5335769653,0.007883547805,-0.82850945,0,-0.9080004692,-1.448165059,53.10409164
0.1940457672,0.2521686852,0.005018804222,0.008811837062,1,0.9012628198,0.01014085207,-0.4631307125,0,-0.7472479939,-1.396020055,60.33621216
0.1940457672,0.257012248,0.0054789735,0.01082320511,1,0.7068005204,0.01213098969,-0.3607912064,0,-0.487001121,-1.106368184,63.15034485
0.1940457672,0.2618558407,0.006083419546,0.01242309716,1,0.6662948728,0.01383261848,-0.3129906058,0,-0.5804521441,-0.4688605666,63.90964127
0.1940457672,0.2666994035,0.005894759204,0.01157817338,1,0.9416640997,0.01299239323,-0.2994400561,0,-1.150255322,0.09834452718,63.01813126
0.1940457672,0.2715429962,0.005073091947,0.01049639657,1,0.802218914,0.01165807061,-0.2342832386,0,-1.18489337,0.4488154948,64.20471191
0.1940457672,0.276386559,0.004041245673,0.008269531652,1,0.7639965415,0.009204174392,0.03382029384,0,-1.252517462,0.2641963959,63.95565796
0.1940457672,0.2812301517,0.0027069028,0.009380551986,1,0.7175708413,0.009763303213,0.1927187294,0,-0.8929055333,-0.5267649293,73.90369415
0.1940457672,0.2860737145,0.003191998461,0.01175440662,1,0.4025018215,0.01218010392,0.3285364807,0,-0.07427729666,-0.7295097113,74.80728149
0.1940457672,0.2909172773,0.00429667905,0.01450526528,1,-0.09434582293,0.01512825768,0.4799191058,0,0.5470876098,-0.2747006118,73.49991608
0.1940457672,0.29576087,0.0053848885,0.01540946588,1,-0.4629196227,0.01632325538,0.3483196497,0,0.6042436957,0.4583681822,70.73786926
0.1940457672,0.3006044328,0.004981193226,0.01397223677,1,-0.5301734209,0.01483360026,-0.01715064049,0,-0.01487752795,0.5497487187,70.37851715
0.1940457672,0.3054480255,0.002744891914,0.01266364474,1,-0.1979421973,0.01295771264,-0.2434020936,0,-0.7421576977,-0.019588314,77.77011108
0.1940457672,0.3102915883,0.0004277463013,0.0128881773,1,0.2463033199,0.01289527398,-0.5270858407,0,-0.5522862077,-0.8739484549,88.09910583
0.1940457672,0.315135181,0.00126284,0.01434370037,1,0.2934961319,0.01439918391,0.2491906583,0,0.03948016465,-1.104351401,84.96856689
0.1940457672,0.3199787438,0.002040542895,0.01944416389,1,-1.005867958,0.01955094188,1.496580482,0,1.299232244,-0.6217182875,84.00910187
0.1940457672,0.3248223364,0.002683772938,0.02460384555,1,-2.300294399,0.0247497838,1.301467657,0,1.967635989,1.445566893,83.77482605
0.1940457672,0.3296658993,0.0004292856611,0.0187462084,1,-1.101451397,0.01875112392,0.1416918039,0,0.1523941457,2.705578327,88.68816376
0.1940457672,0.3345094621,-0.001913045649,0.01218550093,1,0.2417930663,0.01233475469,0.2941946983,0,-0.9117801189,2.012482405,98.92224121
0.1940457672,0.3393530548,-0.002815848682,0.01042354852,1,-0.4486715496,0.01079719234,1.153047442,0,-1.242018342,1.292930245,105.1172104
0.1940457672,0.3441966176,-0.01010203362,0.01150796749,1,-1.532677174,0.01531288307,-0.3847737908,0,-0.266046524,0.1303367168,131.2776184
0.1940457672,0.3490402102,-0.01152810734,0.007928570732,1,-1.910002828,0.01399140805,-1.424029708,0,1.321153283,0.05396282673,145.481369
