PIVlab, ASCII chart output - 13-Mar-2024
FRAME: 49, filenames: A:[49]2 vortices tapados mismo sentido clase 4.mp4 & B:[50]2 vortices tapados mismo sentido clase 4.mp4, conversion factor xy (px -> m): 0.00030272, conversion factor uv (px/frame -> m/s): 0.0090842
x [m],y [m],u [m/s],v [m/s],Vector type [-],vorticity [1/s],magnitude [m/s],divergence [1/s],dcev [1],simple shear [1/s],simple strain [1/s],vector direction [degrees]
0.1262357086,0.237637952,0.008835423738,-0.002463676501,1,0.3069871962,0.009172481485,0.03999165818,0,0.4224949777,0.1098975092,-15.58063793
0.1262357086,0.2424815297,0.01060207561,-0.002632973716,1,0.3366097808,0.01092412788,-0.1100942641,0,0.2688263059,0.1771209389,-13.94696903
0.1262357086,0.2473251075,0.01176790055,-0.003854825627,1,0.2009084523,0.01238318067,-0.1802345812,0,0.1331436336,0.2667792439,-18.13730621
0.1262357086,0.2521686852,0.0122200828,-0.004798119888,1,-0.06359373778,0.01312830485,-0.1489559263,0,0.1275984347,0.04288209602,-21.43706512
0.1262357086,0.257012248,0.01207791176,-0.004784006625,1,-0.2061498761,0.01299086865,-0.2363549769,0,-0.02941855043,-0.05994962901,-21.60829544
0.1262357086,0.2618558407,0.01107908878,-0.005652552936,1,-0.4731145501,0.01243774779,-0.1217657998,0,0.07247056067,0.124214299,-27.03068352
0.1262357086,0.2666994035,0.01013736147,-0.005975430366,1,-0.4347586632,0.01176740695,0.03396818042,0,0.1667620093,0.06959254295,-30.51706696
0.1262357086,0.2715429962,0.009781026281,-0.005825102329,1,-0.1461270154,0.01138421241,-0.06885939837,0,0.08789658546,0.05041431636,-30.77596474
0.1262357086,0.276386559,0.009855317883,-0.006553141866,1,-0.04660462216,0.01183515787,-0.1996604055,0,0.1531073004,0.069048509,-33.62130737
0.1262357086,0.2812301517,0.01029688027,-0.007126614917,1,-0.0539746955,0.01252255496,-0.2914440334,0,0.134814918,-0.07056280971,-34.68765259
0.1262357086,0.2860737145,0.01024687383,-0.007622997276,1,-0.2280012816,0.0127713941,-0.3164875507,0,-0.01085394621,-0.1051927507,-36.64680862
0.1262357086,0.2909172773,0.009139969945,-0.008150034584,1,-0.3158845305,0.01224590186,-0.2109029591,0,-0.1084173769,0.02845031768,-41.72311783
0.1262357086,0.29576087,0.008191734552,-0.00878232345,1,-0.1484511346,0.01200973429,-0.2237858176,0,-0.1453519613,0.1597402692,-46.99272537
0.1262357086,0.3006044328,0.007716911845,-0.01000767294,1,-0.1258202791,0.01263741404,-0.2823864818,0,-0.03089370579,0.2056152374,-52.36420441
0.1262357086,0.3054480255,0.007432678249,-0.01114599779,1,-0.1284894198,0.01339693833,-0.3574626446,0,-0.08841469884,0.2966506481,-56.30276871
0.1262357086,0.3102915883,0.00666631991,-0.01317592151,1,-0.3821211457,0.01476633735,-0.2437853217,0,-0.1292907745,0.3161450624,-63.16300201
0.1262357086,0.315135181,0.004955614917,-0.01385806408,1,-0.5592235327,0.01471747458,-0.3869056404,0,-0.2547285557,0.3479957879,-70.32305908
0.1262357086,0.3199787438,0.002723879879,-0.01673547365,1,-1.028821468,0.01695569605,-0.5165376663,0,0.488609165,0.2004942298,-80.7555542
0.1262357086,0.3248223364,0.002339054365,-0.01733106375,1,-0.8393359184,0.01748819463,-0.4649496675,0,0.6835546494,-0.8036245704,-82.31362915
0.1262357086,0.3296658993,0.001969340956,-0.01509507559,1,-0.4424567223,0.01522299647,-0.8537524939,0,-0.04732611775,-1.78584969,-82.56703186
0.1262357086,0.3345094621,-3.323959754e-05,-0.01281639282,1,-0.402633965,0.01281643566,-1.112842917,0,-0.6427311301,-2.315976858,-90.14859009
0.1262357086,0.3393530548,-0.00309396605,-0.009267602116,1,-0.2367219329,0.009770418517,-2.174163103,0,-2.095325708,-1.530594349,-108.4614563
0.1262357086,0.3441966176,-0.01132869441,-0.01593356766,1,-3.648377657,0.01955039427,-2.489585876,0,-1.491822481,2.831368446,-125.4126511
0.1262357086,0.3490402102,-0.02799092419,-0.0350400582,1,-8.504947662,0.04484749213,-0.6566324234,0,1.624835968,7.232755661,-128.6187897
0.1310792714,0.237637952,0.009198422544,-0.002183941891,1,0.2917247415,0.009454130195,-0.02262431383,0,0.3548952341,0.2305722535,-13.35618973
0.1310792714,0.2424815297,0.01076439954,-0.002797130495,1,0.2773170471,0.01112188026,-0.1355907321,0,0.2964469194,0.2432605028,-14.5661726
0.1310792714,0.2473251075,0.01197749283,-0.004018937238,1,0.08530166745,0.01263377164,-0.08154674619,0,0.1622004211,0.2359796464,-18.54870224
0.1310792714,0.2521686852,0.01196319517,-0.004335094243,1,-0.173430264,0.01272442844,-0.005995439366,4.27520895,0.04601060599,0.06359469891,-19.91895866
0.1310792714,0.257012248,0.01136032678,-0.004356001969,1,-0.1670865417,0.01216683071,-0.05064962804,4.057245255,-0.01422090083,-0.0514401868,-20.97881317
0.1310792714,0.2618558407,0.01108501852,-0.004331265111,1,-0.2258317173,0.01190115511,0.01847555675,5.722220898,0.02511978149,0.05206166208,-21.34214783
0.1310792714,0.2666994035,0.01038816292,-0.004518678878,1,-0.2444846183,0.01132838801,-0.06110572442,5.993617535,-0.03395877779,0.1302988976,-23.50824165
0.1310792714,0.2715429962,0.009736356325,-0.005258348305,1,-0.1022419706,0.01106557064,-0.1914178878,0,-0.07307440788,0.1287595481,-28.37230682
0.1310792714,0.276386559,0.009539004415,-0.006069483235,1,-0.07992970943,0.01130624767,-0.2227131426,0,0.01465203986,0.06861269474,-32.46780777
0.1310792714,0.2812301517,0.009420178831,-0.00666940771,1,-0.09887806326,0.01154213026,-0.231766969,0,0.03418453783,-0.01960340887,-35.298172
0.1310792714,0.2860737145,0.009225656278,-0.007097113878,1,-0.1489023268,0.01163966302,-0.2321997285,0,-0.0001758113503,-0.03024369478,-37.57036972
0.1310792714,0.2909172773,0.008698109537,-0.007647594437,1,-0.1807541847,0.01158200391,-0.202821672,0,-0.0647308901,0.1435553432,-41.32273865
0.1310792714,0.29576087,0.008036630228,-0.008774817921,1,-0.1463917941,0.01189894322,-0.1797985584,0,-0.09457075596,0.2599976659,-47.51422882
0.1310792714,0.3006044328,0.00753098866,-0.009777781554,1,-0.1325266957,0.01234183181,-0.1829567254,0,-0.02257049829,0.286557287,-52.39601898
0.1310792714,0.3054480255,0.00728540495,-0.0110489456,1,-0.06471168995,0.01323466375,-0.2221366763,0,-0.0776271522,0.3530249596,-56.60012054
0.1310792714,0.3102915883,0.006841559429,-0.01256362163,1,-0.2738845646,0.01430564653,-0.1349878609,1.889405847,-0.2265763432,0.2927327752,-61.42936325
0.1310792714,0.315135181,0.004861383699,-0.01312064379,1,-0.4979878068,0.0139922956,-0.01298695803,0,-0.5101652741,0.08961628377,-69.66962433
0.1310792714,0.3199787438,0.001958491746,-0.01306058839,1,-0.8214793205,0.01320661418,-0.1041335464,19.02007675,-0.3335633278,0.003702390939,-81.47179413
0.1310792714,0.3248223364,-0.0007331552333,-0.01364295557,1,-0.8699790835,0.01366264094,-0.4977258742,14.21683598,-0.4475780129,-0.2752524912,-93.07603455
0.1310792714,0.3296658993,-0.00442319829,-0.01413815562,1,-0.7268215418,0.01481391676,-0.7417868972,0,-0.8430840969,-0.7923901677,-107.3725815
0.1310792714,0.3345094621,-0.008337091655,-0.01339785568,1,-0.544733882,0.01578003913,-0.893335402,0,-1.033207297,-0.9696057439,-121.8927841
0.1310792714,0.3393530548,-0.0120660793,-0.01376873441,1,0.1398589909,0.01830760203,-0.7465940714,0,-0.5866112709,-1.301347852,-131.2293549
0.1310792714,0.3441966176,-0.01050097123,-0.01071086247,1,-0.5957101583,0.0149997659,0.1595742553,0,0.5959347486,-0.513646841,-134.4330902
0.1310792714,0.3490402102,-0.01206499152,-0.01050793566,1,-3.509018898,0.01599939726,1.856580496,0,2.863208771,1.772788763,-138.9459534
0.1359228492,0.237637952,0.009842634201,-0.002157705836,1,0.1783079803,0.01007636543,0.1451845765,0,0.3506182134,0.3031715453,-12.36480331
0.1359228492,0.2424815297,0.01112358179,-0.002540316898,1,0.1628687829,0.01140996441,-0.01495897025,0,0.3890523314,0.2585279644,-12.86415386
0.1359228492,0.2473251075,0.01251590718,-0.003482361091,1,0.007954418659,0.01299133431,-0.06540974975,0,0.2760272026,0.1812933683,-15.54841805
0.1359228492,0.2521686852,0.01249906886,-0.003735242644,1,-0.1952572763,0.01304525882,0.02015572041,4.968181133,0.002739243209,0.1360268891,-16.63833809
0.1359228492,0.257012248,0.01158343256,-0.004043591209,1,-0.1214781553,0.01226892602,-0.02339053527,1.613591671,-0.1011523455,0.1215042323,-19.2432785
0.1359228492,0.2618558407,0.01142074075,-0.004437051713,1,-0.003784932196,0.01225237735,-0.07132646441,0,-0.2255763113,0.1169935167,-21.23155785
0.1359228492,0.2666994035,0.01047250349,-0.004955733661,1,-0.06877991557,0.011585881,-0.1129908711,0,-0.3324120641,0.1444170922,-25.32415962
0.1359228492,0.2715429962,0.009477536194,-0.005683827214,1,-0.04628393054,0.01105122548,-0.1585060656,0,-0.235239774,0.07671155035,-30.9517765
0.1359228492,0.276386559,0.009108921513,-0.006095028482,1,-0.04323398694,0.01096000988,-0.1600680053,0,-0.03897508606,0.004746049643,-33.78756332
0.1359228492,0.2812301517,0.009079350159,-0.006482116878,1,-0.05504006892,0.01115582511,-0.1687812209,0,0.0275375098,-0.002044655383,-35.52458191
0.1359228492,0.2860737145,0.00897571072,-0.006902629975,1,-0.07162803411,0.01132297143,-0.1805187166,0,0.02487714775,0.04781541228,-37.56152344
0.1359228492,0.2909172773,0.008852909319,-0.007588067558,1,-0.09795261174,0.01165987924,-0.1352443397,0,0.01629269123,0.2010142505,-40.60077286
0.1359228492,0.29576087,0.008580184542,-0.008531324565,1,-0.1645708084,0.01209971309,-0.005450710654,4.119066238,0.03363437206,0.3841424584,-44.83639526
0.1359228492,0.3006044328,0.008218708448,-0.009475092404,1,-0.1459521651,0.01254290808,0.0441287756,3.409473419,0.03992730379,0.5968669057,-49.06158066
0.1359228492,0.3054480255,0.008066644892,-0.01120855473,1,-0.1519251913,0.01380950678,-0.07159292698,3.416935444,-0.0108346343,0.6451682448,-54.25794983
0.1359228492,0.3102915883,0.007430368569,-0.01294678077,1,-0.2320771515,0.01492747478,-0.05196128786,0,-0.3335936368,0.5072311163,-60.14778519
0.1359228492,0.315135181,0.005326774437,-0.0139170466,1,-0.3009417951,0.01490163524,0.09349782765,0,-0.7711858749,0.38779217,-69.05556488
0.1359228492,0.3199787438,0.002237434499,-0.0143722184,1,-0.2445054352,0.01454533543,0.04229828715,0,-1.145313263,0.3247522414,-81.15135193
0.1359228492,0.3248223364,-0.001404920593,-0.01528513432,1,0.09510725737,0.01534956507,-0.1738208681,0,-1.684632301,0.09168188274,-95.25153351
0.1359228492,0.3296658993,-0.005461553577,-0.01565820165,1,-0.1656409502,0.01658336073,-0.4199240506,0,-1.414106369,-0.4411452711,-109.2286835
0.1359228492,0.3345094621,-0.009056526236,-0.01518234797,1,-0.5768995881,0.01767835766,-0.2120168209,0,-0.98222965,-0.8049441576,-120.8167877
0.1359228492,0.3393530548,-0.01301331725,-0.01278631203,1,-0.5020004511,0.01824379899,0.05646762252,9.764000893,-0.3211810589,-0.9800794125,-135.5041351
0.1359228492,0.3441966176,-0.01304366998,-0.01016175188,1,0.3050062656,0.01653476804,0.2519829869,0,0.2320962399,-1.525749922,-142.0794067
0.1359228492,0.3490402102,-0.01041181944,-0.004175724462,1,0.1552797854,0.01121796202,1.108272314,0,0.9314551353,-1.363457918,-158.1464539
0.1407664269,0.237637952,0.01137007028,-0.001349343918,1,-0.05245511979,0.01144985761,0.1712680459,0,0.2895008624,0.3167179227,-6.76792717
0.1407664269,0.2424815297,0.01194414496,-0.001701592817,1,-0.07295190543,0.01206474286,0.1134542525,0,0.3142433465,0.3965429366,-8.107942581
0.1407664269,0.2473251075,0.01253878418,-0.00272050593,1,-0.02149684727,0.01283052005,-0.09642017633,0,0.1816125363,0.2492932677,-12.24157333
0.1407664269,0.2521686852,0.01271967776,-0.00337608275,1,-0.06035296991,0.01316009648,-0.1107586473,0,-0.08483663946,0.2065788358,-14.86481953
0.1407664269,0.257012248,0.0118355481,-0.004257552326,1,-0.05802483112,0.01257803477,-0.130274266,0,-0.2337981761,0.2887230814,-19.78496742
0.1407664269,0.2618558407,0.01130621042,-0.005405528937,1,0.07050561905,0.01253196504,-0.1981967241,0,-0.3379050195,0.1193473488,-25.55258751
0.1407664269,0.2666994035,0.01054037828,-0.005795601755,1,-0.0209966749,0.01202865597,-0.1607560217,0,-0.3849082589,-0.002186946571,-28.8040905
0.1407664269,0.2715429962,0.009340178221,-0.00617357064,1,-0.1005616114,0.01119606663,-0.113657847,0,-0.2615029514,-0.06137146428,-33.46347809
0.1407664269,0.276386559,0.008786690421,-0.006048854906,1,-0.105789654,0.01066745352,-0.08532501757,1.009482384,-0.04851938039,-0.06553259492,-34.54395676
0.1407664269,0.2812301517,0.008592770435,-0.006269436795,1,-0.1639434546,0.0106368009,-0.1818154454,0,0.1218685731,-0.06189816445,-36.11515045
0.1407664269,0.2860737145,0.008582897484,-0.006629683543,1,-0.121127449,0.01084522158,-0.2284462601,0,0.2086458206,-0.05815805495,-37.68355942
0.1407664269,0.2909172773,0.009016671218,-0.007094238419,1,-0.05539901555,0.01147294976,-0.122063458,0,0.3213090301,0.1226135641,-38.19536209
0.1407664269,0.29576087,0.009870853275,-0.00781479571,1,-0.04507680237,0.01258986816,0.03611925244,0,0.379339993,0.4042812884,-38.36880493
0.1407664269,0.3006044328,0.01063570101,-0.008877459913,1,-0.1808806658,0.01385378744,0.08598601818,0,0.2206670344,0.6126146913,-39.85124588
0.1407664269,0.3054480255,0.01006356161,-0.01036556251,1,-0.3671594858,0.01444715075,-0.01937231421,9.326660156,0.03909482062,0.8431853056,-45.84693527
0.1407664269,0.3102915883,0.009046694264,-0.01305532455,1,-0.3304135501,0.01588345505,-0.08472204208,4.659909725,-0.262332648,0.9543333054,-55.27995682
0.1407664269,0.315135181,0.007192549296,-0.0153983077,1,-0.2373619974,0.01699531265,0.003500699997,0,-0.8590103388,0.9053952694,-64.96272278
0.1407664269,0.3199787438,0.003736329498,-0.01742372103,1,-0.06828445196,0.01781982556,-0.3094471097,0,-1.650187254,1.107884169,-77.89683533
0.1407664269,0.3248223364,-0.001131001743,-0.02226326242,1,-0.07345533371,0.02229197137,-0.09449103475,0,-2.472221613,0.4756399393,-92.9081955
0.1407664269,0.3296658993,-0.008593854494,-0.02018519491,1,-0.7311804295,0.02193846926,0.2214665711,0,-1.773550034,-1.203550458,-113.0618973
0.1407664269,0.3345094621,-0.01326282136,-0.01536110323,1,-0.3354433179,0.02029448003,-0.3812819719,0,-1.305040359,-1.886837125,-130.8074341
0.1407664269,0.3393530548,-0.01653966494,-0.01289292146,1,-0.4528595209,0.02097112127,-0.2202283442,7.832531929,-0.2506987453,-1.107402205,-142.0630493
0.1407664269,0.3441966176,-0.01667056046,-0.01106400788,1,0.46511361,0.02000799589,-0.2983852625,7.496856689,0.2035371959,-1.566962242,-146.42836
0.1407664269,0.3490402102,-0.01330100279,-0.006748470012,1,1.430239201,0.01491504349,0.03087615967,0,-0.03889268637,-1.751081228,-153.0983429
0.1456100047,0.237637952,0.01220623218,-0.0005014155176,1,0.1301082671,0.01221652608,0.01799852774,0,0.442840457,0.08550688624,-2.352310896
0.1456100047,0.2424815297,0.01359379292,-0.0006649065181,1,-0.03638757765,0.01361004449,0.05446313322,0,0.253195852,0.4667966664,-2.800248623
0.1456100047,0.2473251075,0.01325635985,-0.002498585032,1,-0.1709683537,0.01348977443,-0.1445079297,2.091784954,0.04077294469,0.5138741136,-10.67399883
0.1456100047,0.2521686852,0.01296318136,-0.003853831207,1,-0.07535770535,0.01352390833,-0.2005341053,0,-0.1115845889,0.2942203581,-16.55671501
0.1456100047,0.257012248,0.01235089172,-0.004894963,1,-0.04836170375,0.01328552514,-0.2580035329,0,-0.3489383459,0.2708182335,-21.61964417
0.1456100047,0.2618558407,0.01103882771,-0.006415220443,1,-0.04545409977,0.0127675673,-0.3038317561,0,-0.5052989721,0.07262651622,-30.16303444
0.1456100047,0.2666994035,0.009683276527,-0.006718367804,1,-0.04221177101,0.01178568229,-0.2096346319,0,-0.455160141,-0.1996959746,-34.75335693
0.1456100047,0.2715429962,0.008629768156,-0.00646335911,1,-0.1197637469,0.01078183204,-0.07353830338,0,-0.1496746093,-0.2595025599,-36.83177567
0.1456100047,0.276386559,0.008378230967,-0.005817635451,1,-0.1812364459,0.01019998267,-0.03719717264,4.471062183,0.03034306318,-0.3191365004,-34.77515411
0.1456100047,0.2812301517,0.007898904383,-0.005097764079,1,-0.2628554404,0.009401057847,-0.147528708,4.948065758,0.0996061787,-0.2532951534,-32.83723068
0.1456100047,0.2860737145,0.007587520406,-0.005305347499,1,-0.1064952612,0.009258356877,-0.2490874976,0,0.3040088415,-0.1116496474,-34.96202469
0.1456100047,0.2909172773,0.008855573833,-0.005763452966,1,0.07581603527,0.01056591608,-0.2282392979,0,0.5695288777,0.01337575912,-33.05719376
0.1456100047,0.29576087,0.01071329881,-0.006475628819,1,-0.06280478835,0.01251832861,-0.1978298128,0,0.6299189329,0.1669237018,-31.15076828
0.1456100047,0.3006044328,0.01160243526,-0.007530164905,1,-0.2323262542,0.01383184362,-0.06285509467,0,0.5097138286,0.5080455542,-32.98421478
0.1456100047,0.3054480255,0.0120568471,-0.009240830317,1,-0.3082590699,0.01519080345,-0.02941888571,0,0.3165097833,1.020808935,-37.46793747
0.1456100047,0.3102915883,0.01164239831,-0.01261702552,1,-0.4931867719,0.01716784202,-0.229794383,11.15947437,0.01259894669,1.357300758,-47.30063248
0.1456100047,0.315135181,0.009729082696,-0.0169280488,1,-0.5616449714,0.01952469908,-0.3045101762,0,-0.5816568732,1.639767885,-60.11265945
0.1456100047,0.3199787438,0.00610472681,-0.02203428745,1,-0.3905650377,0.0228643287,-0.0998994112,0,-1.527000666,1.959672332,-74.51430511
0.1456100047,0.3248223364,0.0004412038543,-0.02690374479,1,-1.161427975,0.02690736204,0.6673657894,0,-2.208618164,0.3933355212,-89.06047058
0.1456100047,0.3296658993,-0.01021835301,-0.02070700005,1,-1.3584553,0.02309100702,-0.4240880609,0,-2.870568275,-1.87448287,-116.2651215
0.1456100047,0.3345094621,-0.02004233748,-0.01987866685,1,-0.5767052174,0.02822864987,-0.3618173003,0,-1.327970624,-2.199275017,-135.2349091
0.1456100047,0.3393530548,-0.01944379881,-0.01180713065,1,-0.5126348138,0.02274795994,0.1161047816,12.55439568,0.09222483635,-1.62846303,-148.7320404
0.1456100047,0.3441966176,-0.02207862586,-0.01142871752,1,-0.1710163206,0.02486124076,-0.8681367636,0,0.3155442476,-0.9745771885,-152.6322327
0.1456100047,0.3490402102,-0.01874376647,-0.01129157841,1,1.018748879,0.02188215032,0.1934329867,0,0.3582700491,0.1368059814,-148.934494
0.1504535824,0.237637952,0.01187140681,0.0001653986692,1,0.3076002598,0.01187255885,0.00428289175,0,0.7649542093,0.1960302591,0.7982232571
0.1504535824,0.2424815297,0.01446890738,-0.0002989729692,1,0.1653431952,0.01447199564,-0.04063041508,0,0.3418090641,0.3434491158,-1.183741927
0.1504535824,0.2473251075,0.01432783809,-0.001694920473,1,-0.2624261379,0.01442774013,-0.02453747392,6.683122635,-0.005031734705,0.6469862461,-6.746486664
0.1504535824,0.2521686852,0.01317345444,-0.003551550442,1,-0.3155916929,0.01364380494,-0.1669065356,4.926965714,-0.1861499399,0.6627496481,-15.08815956
0.1504535824,0.257012248,0.01189761702,-0.005713418592,1,-0.2060714513,0.01319834962,-0.3586788177,0,-0.4106430411,0.4839364588,-25.6510334
0.1504535824,0.2618558407,0.01018634997,-0.007632823195,1,-0.3431227803,0.01272877492,-0.517079711,0,-0.3464218974,-0.08716388047,-36.84490967
0.1504535824,0.2666994035,0.008557753637,-0.007795749232,1,-0.3604322076,0.01157621946,-0.2340040356,5.914917469,-0.1473084092,-0.505368948,-42.33218765
0.1504535824,0.2715429962,0.007727068849,-0.006318446249,1,-0.1791772544,0.009981500916,0.03721740842,3.01058507,-0.1298903525,-0.5350240469,-39.27296448
0.1504535824,0.276386559,0.007060760632,-0.005024053156,1,-0.08725050837,0.008665762842,-0.1803726852,0,-0.1348415017,-0.5529527664,-35.43358994
0.1504535824,0.2812301517,0.0066513489,-0.004513825756,1,-0.1499832869,0.00803834945,-0.3134023249,0,0.1035049036,-0.3924096525,-34.162117
0.1504535824,0.2860737145,0.006835639011,-0.004641375039,1,-0.1127875,0.008262464777,-0.2561821938,0,0.386266768,-0.217145592,-34.17636871
0.1504535824,0.2909172773,0.007975962944,-0.004702901933,1,-0.07571324706,0.009259225801,-0.2236616462,0,0.6714543104,-0.2612041831,-30.52506065
0.1504535824,0.29576087,0.009721157141,-0.004459534772,1,-0.02075368166,0.01069524884,-0.3154480457,0,1.015070915,-0.195613265,-24.64306641
0.1504535824,0.3006044328,0.01279201545,-0.005283331033,1,-0.06149160862,0.01384013146,-0.2443048656,0,1.123574138,0.3502785861,-22.44149971
0.1504535824,0.3054480255,0.01486543659,-0.007339445874,1,-0.5683040023,0.0165785607,-0.2296681106,0,0.9225552678,0.8691438437,-26.27673149
0.1504535824,0.3102915883,0.01450785901,-0.01060551219,1,-1.212118268,0.01797094382,-0.29928267,17.19678307,0.9632396102,1.384553432,-36.16749191
0.1504535824,0.315135181,0.01365997363,-0.01549523696,1,-1.274199009,0.02065665089,-0.151196599,22.48514938,0.9100931287,2.39291954,-48.60190201
0.1504535824,0.3199787438,0.01274428423,-0.02292813547,1,-1.961374044,0.02623196878,0.2593678236,49.73151779,-0.03165400028,2.703877449,-60.9331131
0.1504535824,0.3248223364,0.004006587435,-0.02733540908,1,-3.65918684,0.0276274737,-0.0468480885,51.90636826,-3.04483366,0.8989601135,-81.66145325
0.1504535824,0.3296658993,-0.01972716115,-0.02750923112,1,-2.746648312,0.03385141864,-0.2842242122,0,-3.379886866,-2.005166769,-125.6447144
0.1504535824,0.3345094621,-0.02566767111,-0.01899991557,1,-1.493390083,0.03193471581,0.8267915249,27.29359436,0.6391189694,-2.795736074,-143.4901428
0.1504535824,0.3393530548,-0.02386488952,-0.009963236749,1,-0.5296809673,0.02586114965,-0.2223416567,0,0.5445011854,-2.347341537,-157.3401794
0.1504535824,0.3441966176,-0.0255958885,-0.008707313798,1,0.438290298,0.02703639679,-0.409750849,0,2.072957516,-0.4129894078,-161.2125244
0.1504535824,0.3490402102,-0.01170146465,-0.009947550483,1,1.896022797,0.01535832137,0.2383746803,0,3.841216087,0.7504889965,-139.6317596
0.1552971601,0.237637952,0.01317646448,0.001713813748,1,-0.08948403597,0.01328745205,-0.1527707577,0,0.8674438,0.4765137434,7.410645962
0.1552971601,0.2424815297,0.01506051887,0.0001898195333,1,0.112804547,0.01506171562,-0.2453026474,0,0.5261394382,0.3669904172,0.7221053243
0.1552971601,0.2473251075,0.01627123915,-0.00125187519,1,-0.122213915,0.01631932519,-0.05526906252,0,0.1850429028,0.6501370668,-4.399550438
0.1552971601,0.2521686852,0.01536483597,-0.003226869972,1,-0.5256092548,0.01570002735,-0.03659242392,12.78652096,-0.1585249752,0.9201287031,-11.86068821
0.1552971601,0.257012248,0.01295758691,-0.005885821301,1,-1.193564892,0.0142317228,-0.1064050049,29.40395737,-0.3038217723,0.5551576018,-24.42932701
0.1552971601,0.2618558407,0.008112126961,-0.006431200076,1,-1.399263859,0.01035214681,-0.2238606066,35.33454514,-0.01611983776,-0.2650977075,-38.40697479
0.1552971601,0.2666994035,0.006102066021,-0.005686086137,1,-0.8508429527,0.008340670727,-0.3211357594,16.367239,0.4599079192,-0.3637831807,-42.97898865
0.1552971601,0.2715429962,0.006218602881,-0.006224634126,1,-0.591693759,0.008798697963,-0.3293316662,9.360175133,0.3283029795,-0.2545811236,-45.027771
0.1552971601,0.276386559,0.004826312419,-0.00604814617,1,-0.554700911,0.007737787906,-0.2087513208,12.15626144,0.1958022267,-0.6948919296,-51.41075897
0.1552971601,0.2812301517,0.004480249248,-0.003869974287,1,-0.380448997,0.005920248106,-0.1936078668,0,0.4771972895,-0.8460195661,-40.81997681
0.1552971601,0.2860737145,0.005294920411,-0.002888139337,1,-0.3071513176,0.006031379104,-0.1950483173,0,0.7256116867,-0.5512912869,-28.61046982
0.1552971601,0.2909172773,0.00650708843,-0.002144488972,1,-0.3199866116,0.006851352751,-0.1744553447,0,0.9275981188,-0.4696105719,-18.24025536
0.1552971601,0.29576087,0.00823793374,-0.00145853206,1,-0.1127335429,0.008366054855,-0.2401159704,0,1.270687342,-0.3132606447,-10.04021168
0.1552971601,0.3006044328,0.01211572718,-0.001790207112,1,-0.09259480238,0.01224727277,-0.2594321668,0,1.520519495,-0.1435662955,-8.405147552
0.1552971601,0.3054480255,0.01515419781,-0.002019737381,1,-0.6882329583,0.0152881993,-0.002571985126,0,1.675780773,0.05736386776,-7.591588974
0.1552971601,0.3102915883,0.01689899154,-0.002080511069,1,-1.166235328,0.01702658087,-0.08344474435,0,2.287894726,0.8102174997,-7.018623352
0.1552971601,0.315135181,0.02058704197,-0.006348260213,1,-1.935418129,0.02154359967,-0.3490851521,0,2.670090675,1.840830803,-17.13777161
0.1552971601,0.3199787438,0.0204574354,-0.01268753875,1,-4.537309647,0.0240723975,-0.864869833,109.5198975,1.230132699,2.764641047,-31.80685806
0.1552971601,0.3248223364,0.004568474833,-0.02392807789,1,-7.502997398,0.02436029166,-0.5428990126,189.2945099,-1.119685411,1.746029496,-79.19087219
0.1552971601,0.3296658993,-0.02130719647,-0.02377414145,1,-7.308922768,0.03192501143,0.6965501308,186.0188141,0.2588336468,-2.27200532,-131.8677979
0.1552971601,0.3345094621,-0.02957907319,-0.009549693204,1,-3.476426125,0.03108244203,1.012545824,78.40586853,1.291458011,-2.532333136,-162.1071625
0.1552971601,0.3393530548,-0.03189025819,-0.006604245864,1,-0.7732194662,0.03256692365,-0.482425034,0,1.499013782,-1.729151011,-168.2998505
0.1552971601,0.3441966176,-0.02606363222,-0.003511079354,1,0.696508646,0.02629906125,0.8284723759,0,3.006566048,-0.1489790976,-172.3277588
0.1552971601,0.3490402102,-0.01395412814,-0.001869883738,1,1.033548713,0.01407885458,0.01200056076,0,3.966666698,-0.665676415,-172.3677063
0.1601407379,0.237637952,0.01343948115,0.004800353199,1,-0.1295919418,0.01427105628,-0.5666350126,0,0.7980360389,0.7122983336,19.6558609
0.1601407379,0.2424815297,0.01505831163,0.001703046612,1,0.09667101502,0.0151543105,-0.4529244304,0,0.6816062331,0.5808261633,6.452550411
0.1601407379,0.2473251075,0.01720912755,-0.0002066981397,1,-0.1445096731,0.01721036807,-0.1532409489,0,0.63890028,0.5645333529,-0.688144207
0.1601407379,0.2521686852,0.01745293103,-0.001773549127,1,-0.813033998,0.01754281297,0.05407201499,20.31942558,0.1651766598,0.3012410402,-5.802420616
0.1601407379,0.257012248,0.01407118514,-0.001403878559,1,-1.910514951,0.01414104458,0.05321514606,48.81716919,-0.07869410515,-0.1202293038,-5.697531223
0.1601407379,0.2618558407,0.007818042301,-0.000933457457,1,-1.830949664,0.007873571478,0.0816038698,46.79511261,0.007733404636,0.09051200747,-6.808760166
0.1601407379,0.2666994035,0.005240295548,-0.001447025803,1,-1.031332135,0.005436412524,-0.11029616,23.83182526,0.4286371171,0.08148619533,-15.43665981
0.1601407379,0.2715429962,0.004898841958,-0.001862370176,1,-1.089169502,0.005240904167,-0.2220726162,23.19265556,0.5613775253,-0.2340664119,-20.81507111
0.1601407379,0.276386559,0.002683894243,-0.001388932928,1,-1.200541615,0.003021989949,-0.1510472894,27.37831116,0.5227349997,-0.4612768292,-27.36186218
0.1601407379,0.2812301517,0.00161583256,-0.0003597492469,1,-0.587670505,0.001655395492,-0.2340484858,0,0.6984958053,-0.5953156948,-12.5516243
0.1601407379,0.2860737145,0.003220685059,0.0003608928237,1,-0.2326720655,0.003240841907,-0.2067754716,0,0.9017140865,-0.5576784611,6.393589497
0.1601407379,0.2909172773,0.004856379703,0.001339871553,1,-0.1615048051,0.005037824623,-0.1185004115,0,0.9502088428,-0.5067008138,15.42414188
0.1601407379,0.29576087,0.00704083452,0.002241171664,1,-0.01176732779,0.007388924249,-0.1505867988,0,1.247151852,-0.3962815404,17.6568222
0.1601407379,0.3006044328,0.01084006112,0.002529913094,1,-0.01021641493,0.01113136951,-0.1579937488,0,1.680467367,-0.5440031886,13.13685799
0.1601407379,0.3054480255,0.01513082534,0.004110838287,1,-0.4137520194,0.01567931287,0.02378436923,0,1.897774458,-0.7184194326,15.19959068
0.1601407379,0.3102915883,0.01802803949,0.006124834996,1,-0.8539376259,0.0190400593,0.01919317245,0,2.042012691,-0.5384657979,18.76464653
0.1601407379,0.315135181,0.0208853595,0.006811902858,1,-1.656128168,0.02196816355,-0.642816782,0,2.465020895,-0.4120131731,18.06409264
0.1601407379,0.3199787438,0.02194597386,0.005006919615,1,-4.506159306,0.02250988781,-0.7987490296,98.15193939,2.224516392,-0.1320425272,12.85191727
0.1601407379,0.3248223364,0.009834043682,0.003582658013,1,-9.972414017,0.01046631951,-0.2404982746,255,-0.2068333626,-1.095003724,20.01727867
0.1601407379,0.3296658993,-0.0273580011,0.00914578326,1,-9.273204803,0.02884623967,0.1562512964,236.9593811,0.4237437248,0.05074146762,161.5151978
0.1601407379,0.3345094621,-0.03302887827,0.004093701486,1,-3.151687384,0.03328160197,-0.7043254972,66.10821533,1.661295652,0.9686696529,172.9346161
0.1601407379,0.3393530548,-0.03457682952,0.001042501302,1,-0.550508976,0.0345925428,-0.07043551654,0,2.764609575,0.2623912096,178.2730255
0.1601407379,0.3441966176,-0.02230471,0.002481629374,1,0.9089198112,0.02244233899,0.5246344805,0,3.160228252,-0.1394890398,173.6513519
0.1601407379,0.3490402102,-0.01486759447,0.004259235226,1,0.9179923534,0.01546565443,0.3997403383,0,2.152916431,-0.3342626691,164.0141602
0.1649843156,0.237637952,0.01388199627,0.006206851918,1,-0.02498301864,0.01520640682,-0.6113867164,0,0.7674194574,0.7032832503,24.09014511
0.1649843156,0.2424815297,0.01568002068,0.003022998804,1,-0.05737903714,0.01596876793,-0.3706586361,0,0.9619520903,0.3858523965,10.91234112
0.1649843156,0.2473251075,0.01826336607,0.002542631933,1,-0.5853880644,0.01843950897,-0.397062242,0,0.8756284714,-0.08493153751,7.925792217
0.1649843156,0.2521686852,0.0170858223,0.001511169598,1,-1.461566448,0.0171525199,-0.2737321258,35.92427444,0.2991247773,-0.3654235005,5.054419994
0.1649843156,0.257012248,0.01263299864,0.002986745443,1,-1.614110112,0.01298126765,-0.0679840818,41.22285461,-0.06647372246,-0.2668938339,13.30185223
0.1649843156,0.2618558407,0.0089457836,0.002474604407,1,-1.322670698,0.009281740524,0.05197556317,33.78362656,-0.05450868607,0.3825900555,15.4626379
0.1649843156,0.2666994035,0.0059625227,0.001385388547,1,-1.134818316,0.006121354643,0.0536621213,28.84886169,0.1156284213,0.1991506517,13.08054638
0.1649843156,0.2715429962,0.004009258002,0.001769919414,1,-1.167514801,0.004382552113,-0.06934666634,28.66596222,0.3206098974,-0.2579033673,23.81944847
0.1649843156,0.276386559,0.001860473072,0.002298677573,1,-1.09988451,0.002957241843,-0.04728714377,26.49172211,0.3677607775,-0.169046849,51.01444626
0.1649843156,0.2812301517,0.0004631593183,0.002359671984,1,-0.667411685,0.002404697239,-0.1243288368,6.021627903,0.6120302081,-0.187850222,78.89509583
0.1649843156,0.2860737145,0.001592228189,0.002606348367,1,-0.244636029,0.003054217203,-0.2584224045,0,0.8672599792,-0.4402122796,58.57908249
0.1649843156,0.2909172773,0.003478877712,0.003240182763,1,-0.0624909997,0.004754090216,-0.1154874563,0,0.8876881003,-0.5351757407,42.96541977
0.1649843156,0.29576087,0.005589134526,0.004639141262,1,-0.01578062773,0.007263612002,-0.007774233818,0,1.09693861,-0.6598890424,39.69364166
0.1649843156,0.3006044328,0.008715550415,0.0063987514,1,-0.1797207594,0.01081225369,0.01385936141,0,1.459878683,-0.9228820801,36.28523636
0.1649843156,0.3054480255,0.0117896786,0.009176321328,1,-0.3782427907,0.01493992656,-0.1108520627,0,1.548514843,-1.256182671,37.89487839
0.1649843156,0.3102915883,0.01438385434,0.01194624975,1,-0.5860686898,0.01869781129,-0.3567255437,0,1.347533226,-1.272685766,39.71071243
0.1649843156,0.315135181,0.01547789108,0.01361284591,1,-1.120485663,0.02061248943,-0.2828316689,0,1.443639398,-1.927641153,41.33171463
0.1649843156,0.3199787438,0.01594907418,0.01991301216,1,-4.031471252,0.02551276237,-0.4909110069,101.7405014,0.4436222315,-2.50583148,51.30746078
0.1649843156,0.3248223364,-0.001900133211,0.02337227017,1,-6.625607491,0.02344938181,-1.074812889,165.8099365,-0.8592905998,-1.752157927,94.64784241
0.1649843156,0.3296658993,-0.02030461095,0.02319378592,1,-4.817529678,0.03082578443,0.1925652027,122.0822678,-0.6327080727,2.176622629,131.1999969
0.1649843156,0.3345094621,-0.02829870209,0.01376236323,1,-2.92409277,0.03146774694,-0.3668562174,71.86834717,0.7240880728,2.470095634,154.0651855
0.1649843156,0.3393530548,-0.03096050583,0.009452789091,1,-1.153867245,0.03237140924,0.3456858993,0,2.000463009,1.660634279,163.021637
0.1649843156,0.3441966176,-0.02419815026,0.007393307984,1,1.093527555,0.02530240081,-0.4862302244,0,2.483068943,0.6165128946,163.0104218
0.1649843156,0.3490402102,-0.01363698207,0.004111567046,1,2.417450905,0.01424332336,-0.4139391482,0,1.943431377,0.9411463737,163.2218781
0.1698278934,0.237637952,0.01388458908,0.008638416417,1,-0.1197041869,0.01635249332,-0.6140229702,0,0.6347427964,0.2110533118,31.88816261
0.1698278934,0.2424815297,0.01513190381,0.006640255917,1,-0.460898459,0.01652475446,-0.3864009678,0,0.6652854085,-0.02126434445,23.69306183
0.1698278934,0.2473251075,0.01487455331,0.006869848818,1,-0.752132535,0.01638435759,-0.4208580852,4.981367111,0.5921737552,-0.4444438815,24.78996849
0.1698278934,0.2521686852,0.01435713097,0.006754495669,1,-1.055016041,0.01586664468,-0.4275539517,20.19371605,0.5542747378,-0.2670049667,25.19523621
0.1698278934,0.257012248,0.01244917791,0.006092218682,1,-1.109364986,0.01385991182,-0.1787358671,27.56798172,0.1938771307,0.1403488666,26.07560921
0.1698278934,0.2618558407,0.009922894649,0.005208984017,1,-1.375130892,0.0112070227,-0.02717794478,34.99197006,0.1396052837,0.278919816,27.69705009
0.1698278934,0.2666994035,0.006464813836,0.00460961042,1,-1.611580491,0.007939919829,0.04944843054,40.72279358,0.2470697165,0.0212682765,35.4900322
0.1698278934,0.2715429962,0.003313780995,0.005345476791,1,-1.374015331,0.006289297715,-0.06036589295,33.76716995,0.3770765066,-0.2895582318,58.20429611
0.1698278934,0.276386559,0.001636063796,0.005719721317,1,-1.182066202,0.005949110724,-0.1025473177,27.03946114,0.5193305016,-0.2040941715,74.03739929
0.1698278934,0.2812301517,0.0001037690381,0.005837326869,1,-1.000386477,0.005838249344,-0.144416824,19.55736351,0.628911078,-0.1499347091,88.98157501
0.1698278934,0.2860737145,-0.000163206365,0.005746447481,1,-0.5482371449,0.005748764612,-0.2861843407,0,0.8787940145,-0.3078235686,91.62683105
0.1698278934,0.2909172773,0.001704841852,0.005942137912,1,-0.2671584487,0.006181867793,-0.08118484914,0,1.086833835,-0.4702084661,73.99143982
0.1698278934,0.29576087,0.003806955414,0.00763071375,1,-0.1558788419,0.008527643047,0.1330189705,0,1.132903814,-0.8020960093,63.4854393
0.1698278934,0.3006044328,0.006437138654,0.01047143992,1,-0.2205765247,0.01229177788,0.1296698749,0,1.191456079,-1.070377946,58.41959381
0.1698278934,0.3054480255,0.008509485982,0.01344323903,1,-0.2884932756,0.01591012254,-0.1751923561,0,1.052127242,-1.211398602,57.66644669
0.1698278934,0.3102915883,0.01013585925,0.0154903857,1,-0.4476167858,0.01851182617,-0.3283147216,0,0.7922538519,-1.523341179,56.80198288
0.1698278934,0.315135181,0.01017876249,0.01923144236,1,-1.346355438,0.02175903507,0.2709202766,27.05642509,0.7879168391,-2.039767981,62.1087532
0.1698278934,0.3199787438,0.007431018166,0.02668238431,1,-2.410778999,0.02769782767,-0.1666663885,60.25199509,-0.4873620272,-2.702151299,74.43753052
0.1698278934,0.3248223364,-0.003858609125,0.03151226044,1,-3.116389036,0.03174762055,-0.02386409044,66.86911774,-1.696927786,-0.5880975127,96.98099518
0.1698278934,0.3296658993,-0.01588265598,0.02941529267,1,-2.325706244,0.03342930228,-0.1578032374,43.14949036,-1.593529701,1.854829073,118.3666306
0.1698278934,0.3345094621,-0.02284167521,0.02176394872,1,-1.846712351,0.03155014291,-0.2235929966,46.89746475,-0.006546974182,2.479893684,136.384079
0.1698278934,0.3393530548,-0.02485906146,0.01632074453,1,-0.6880489588,0.02973784879,-0.1359094381,0,0.9291929007,2.45555687,146.7138672
0.1698278934,0.3441966176,-0.02167367563,0.009211980738,1,0.9071111679,0.02355013415,-1.007713556,0,1.682923794,1.956512451,156.9730072
0.1698278934,0.3490402102,-0.01231402531,0.001963285264,1,1.774332762,0.01246955059,-1.665871143,0,2.09042263,1.327235937,170.9412994
0.1746714562,0.237637952,0.01193018444,0.0098610688,1,0.2972762287,0.01547804847,-0.6416791081,0,0.4357689321,-0.07048171759,39.57593155
0.1746714562,0.2424815297,0.01370546501,0.008477749303,1,0.03299729526,0.01611558348,-0.4105786085,0,0.4092441201,-0.2439259887,31.73956871
0.1746714562,0.2473251075,0.01407221518,0.00905387383,1,-0.3291079104,0.01673319563,-0.1570119858,0,0.3324551284,-0.3279874623,32.75668335
0.1746714562,0.2521686852,0.01372167747,0.009305882268,1,-0.6614665389,0.0165796224,-0.1972960979,13.83343792,0.3259399533,-0.2479232699,34.14466858
0.1746714562,0.257012248,0.01244706847,0.009299090132,1,-1.077255487,0.01553713623,-0.07719490677,26.05111694,0.3429709375,-0.1815502048,36.76306915
0.1746714562,0.2618558407,0.01016511302,0.009811335243,1,-1.518909693,0.01412769686,0.1363123506,38.16648102,0.2508338094,-0.08848053217,43.98540878
0.1746714562,0.2666994035,0.006305044051,0.0103878919,1,-1.839670181,0.01215162035,0.1027908921,46.65701294,0.2188152671,0.01192403957,58.74388885
0.1746714562,0.2715429962,0.002314375946,0.01025145594,1,-1.595686078,0.01050945651,-0.09230595082,39.63160324,0.3714236021,-0.1236093119,77.27813721
0.1746714562,0.276386559,0.0003752334742,0.01053951215,1,-1.276306629,0.01054618973,-0.1960186511,28.38301849,0.5997552872,-0.1959842294,87.96098328
0.1746714562,0.2812301517,-0.000962553022,0.01025128923,1,-1.040483475,0.01029638015,-0.3314970732,17.83299446,0.6977359056,-0.1206533611,95.36410522
0.1746714562,0.2860737145,-0.001284890925,0.009518274106,1,-0.751504302,0.009604607709,-0.4033418596,0,1.117086172,-0.3098260462,97.68798828
0.1746714562,0.2909172773,0.0008081654669,0.009798339568,1,-0.3998472989,0.009831611998,-0.04806876183,0,1.1499753,-0.329508841,85.28492737
0.1746714562,0.29576087,0.00234841276,0.01088145096,1,-0.3113844693,0.01113198139,0.08578521013,0,1.003228307,-0.6243698001,77.82133484
0.1746714562,0.3006044328,0.004159164615,0.01323803049,1,-0.2412573099,0.0138760265,0.07377928495,0,0.8039023876,-0.9147999287,72.5581665
0.1746714562,0.3054480255,0.005073627923,0.01566971093,1,-0.2098985165,0.016470626,-0.1340571046,0,0.4692242742,-1.107226253,72.05879211
0.1746714562,0.3102915883,0.005415229127,0.01795165055,1,-0.1019003689,0.01875063963,0.03030741215,0,0.4811086953,-1.679303408,73.21372986
0.1746714562,0.315135181,0.006910352968,0.02395034395,1,-0.467241019,0.024927333,0.2348810434,8.551259041,-0.226765424,-2.093473911,73.90565491
0.1746714562,0.3199787438,0.00205375487,0.02922921814,1,-0.9168884158,0.02930128202,-0.2696611881,0,-1.514075994,-1.569771647,85.98078918
0.1746714562,0.3248223364,-0.004864212126,0.03024752997,1,-0.7381492257,0.03063614853,-0.4216461182,0,-2.180912495,0.09224766493,99.13571167
0.1746714562,0.3296658993,-0.01208494697,0.02674013376,1,-0.6071394086,0.02934417687,-0.1447281837,0,-1.97483182,1.418624401,114.320137
0.1746714562,0.3345094621,-0.01737015136,0.02267533354,1,-0.5170593262,0.02856383845,0.003452539444,0,-1.060325027,1.955340266,127.4534607
0.1746714562,0.3393530548,-0.01972513087,0.01728601381,1,-0.132155925,0.02622760087,-0.2701606154,0,-0.3287481964,2.109138966,138.7704773
0.1746714562,0.3441966176,-0.01960257627,0.0111510111,1,0.05021557212,0.02255229466,-0.7200691104,0,0.8681025505,1.683824062,150.3664246
0.1746714562,0.3490402102,-0.01527718548,0.005642571021,1,-0.318647325,0.01628591493,-1.403033495,0,2.104673147,0.8714930415,159.7284851
0.179515034,0.237637952,0.01043518819,0.009309215471,1,0.3884841204,0.01398408506,-0.5010499358,0,0.2418666482,-0.1514812708,41.73610306
0.179515034,0.2424815297,0.01196176466,0.008462633938,1,0.08061112463,0.01465264428,-0.3563352823,0,0.35093683,-0.5142682195,35.27840424
0.179515034,0.2473251075,0.01252542436,0.01007417589,1,-0.2071132064,0.01607405581,-0.08591172099,0,0.256439358,-0.7206562757,38.80965805
0.179515034,0.2521686852,0.01220067963,0.01153706852,1,-0.5930099487,0.01679168083,-0.00446370244,12.79644775,0.3185230494,-0.6025781631,43.39865875
0.179515034,0.257012248,0.01119592786,0.01297118515,1,-0.8776384592,0.01713477261,0.04328066111,19.16488457,0.4552011192,-0.419970423,49.20126343
0.179515034,0.2618558407,0.01015457138,0.01378086116,1,-1.181672096,0.0171180442,0.1408001184,28.88075638,0.3196059763,-0.1913602948,53.61496735
0.179515034,0.2666994035,0.007020443678,0.01458002999,1,-1.582269669,0.01618220843,0.1959063709,40.15127182,-0.04598766565,-0.02963965386,64.28868103
0.179515034,0.2715429962,0.00226798025,0.01487331092,1,-1.616476178,0.01504523586,-0.05190336704,41.23287201,0.1128205061,-0.09867237508,81.32994843
0.179515034,0.276386559,-0.0002626297355,0.01480655931,1,-1.250911951,0.01480888855,-0.200491339,30.27858543,0.3519414365,-0.07314822078,91.01616669
0.179515034,0.2812301517,-0.002086253371,0.01425651461,1,-1.056946635,0.01440835372,-0.2032701373,24.84495163,0.3643066585,-0.2013165504,98.32538605
0.179515034,0.2860737145,-0.003617485287,0.01479709707,1,-0.539991498,0.01523286849,-0.349450022,0,0.9451212883,-0.1826922596,103.7378006
0.179515034,0.2909172773,-0.0001239817939,0.013448813,1,-0.1441065669,0.0134493839,-0.2338253111,0,1.13836503,-0.06887204945,90.52818298
0.179515034,0.29576087,0.001198283047,0.01399813313,1,-0.2516950071,0.01404932793,0.01511153579,0,0.7652777433,-0.4153412282,85.10723114
0.179515034,0.3006044328,0.002363596344,0.01553374436,1,-0.1952620745,0.01571253687,-0.05333697796,0,0.4634439945,-0.6178958416,81.34830475
0.179515034,0.3054480255,0.002497242996,0.01673261821,1,-0.1388872415,0.01691794023,-0.1582902968,0,0.09454707056,-0.7323466539,81.51159668
0.179515034,0.3102915883,0.002148831263,0.01831423119,1,-0.1282514632,0.01843986288,-0.1728798747,0,-0.1444199085,-0.9292597771,83.30801392
0.179515034,0.315135181,0.001176537946,0.0203962028,1,0.07649663091,0.02043010853,-0.2541483641,0,-0.8253717422,-1.384641767,86.69859314
0.179515034,0.3199787438,-0.001478403807,0.02378986403,1,0.2046314478,0.02383575775,-0.06320121884,0,-1.573580623,-0.9154499173,93.55603027
0.179515034,0.3248223364,-0.00545407366,0.02452413552,1,0.1504497528,0.02512329817,-0.1429710984,0,-1.85044241,0.06329906732,102.5383072
0.179515034,0.3296658993,-0.009712450206,0.02279077843,1,0.06135988235,0.02477400377,-0.1518059969,0,-1.692401171,0.9613275528,113.0816193
0.179515034,0.3345094621,-0.0133541245,0.01913260296,1,0.08683097363,0.02333214879,-0.1563575864,0,-1.375008941,1.376030922,124.9141769
0.179515034,0.3393530548,-0.01595184021,0.01536853611,1,-0.04093486071,0.02215068974,-0.02240544558,0,-0.7129576802,1.207910061,136.0669556
0.179515034,0.3441966176,-0.0170056615,0.013173474,1,-0.007478147745,0.02151122689,0.1881515384,0,0.2269979417,0.5324688554,142.2367706
0.179515034,0.3490402102,-0.01488857903,0.0137008084,1,-0.761700511,0.02023318969,0.1793643087,0,1.635879278,-0.03838084638,137.3790436
0.1843586117,0.237637952,0.00876959879,0.009150915779,1,0.12751472,0.01267458498,-0.3098123074,0,0.1693857908,-0.5725012422,46.21896744
0.1843586117,0.2424815297,0.009488629177,0.009787092917,1,-0.210268259,0.01363162696,-0.2055184543,0,0.498472929,-0.6490358114,45.88709259
0.1843586117,0.2473251075,0.0101655405,0.01129912678,1,-0.08752936125,0.01519896276,-0.01308426261,0,0.3544382751,-0.8252669573,48.02307892
0.1843586117,0.2521686852,0.01078142319,0.01372096315,1,-0.2474927753,0.01745004021,0.1102873683,0,0.3418450356,-0.809628129,51.84105682
0.1843586117,0.257012248,0.01062254235,0.01575480215,1,-0.5158366561,0.01900137402,0.1302235723,9.395184517,0.3380337358,-0.5638768077,56.01051712
0.1843586117,0.2618558407,0.009920220822,0.01708289236,1,-0.9093424678,0.01975439116,0.01573137939,22.77818489,0.1842229962,-0.4125040174,59.85580444
0.1843586117,0.2666994035,0.007110369857,0.0178289935,1,-1.402982235,0.01919453964,-0.02116492391,34.95549011,-0.3178883791,-0.3400503397,68.25743103
0.1843586117,0.2715429962,0.001585050602,0.01862743869,1,-1.439723253,0.01869475469,-0.05802020058,36.35251236,-0.2244455218,-0.1558948904,85.13628387
0.1843586117,0.276386559,-0.0009501609602,0.01830305718,1,-0.9391475916,0.0183277037,-0.1822246462,23.56902504,0.008585333824,0.1258531064,92.97170258
0.1843586117,0.2812301517,-0.002922200132,0.01713524014,1,-0.7072111368,0.01738262735,-0.04035635293,17.85887337,0.1059608757,0.288228035,99.67797089
0.1843586117,0.2860737145,-0.003862363519,0.01671153307,1,0.001398563385,0.01715206169,0.09076428413,0,0.466072917,0.3230621815,103.0136795
0.1843586117,0.2909172773,-0.0006579727051,0.01601009071,1,0.0929107666,0.0160236042,-0.1805276126,0,0.7891299725,0.006172314286,92.3533783
0.1843586117,0.29576087,0.0004098690988,0.01580723748,1,-0.07494424284,0.01581254974,-0.1190016866,0,0.3982525468,-0.205391109,88.51469421
0.1843586117,0.3006044328,0.0009079960873,0.01642852463,1,-0.0614566952,0.01645359769,-0.1610173881,0,0.1336944997,-0.366058141,86.8365097
0.1843586117,0.3054480255,0.0007597585209,0.0168003682,1,-0.0771446377,0.01681753993,-0.1392140687,0,-0.09443636239,-0.4375086129,87.41069031
0.1843586117,0.3102915883,7.693016232e-05,0.01787333749,1,-0.01183700562,0.01787350327,-0.02398985624,0,-0.3571078479,-0.5982979536,89.75338745
0.1843586117,0.315135181,-0.001027254504,0.01958207414,1,0.02508056164,0.01960900053,-0.07895857096,0,-0.5955985188,-0.6452697515,93.00292206
0.1843586117,0.3199787438,-0.002686417894,0.02061630972,1,0.1411222219,0.02079060115,-0.08327958733,0,-1.01296854,-0.2843662798,97.42411804
0.1843586117,0.3248223364,-0.005250109825,0.02055605315,1,0.09035086632,0.02121591382,-0.2108744532,0,-1.221239805,0.2785682082,104.3273163
0.1843586117,0.3296658993,-0.008163966238,0.01824565604,1,0.04617637396,0.01998885535,-0.3415797651,0,-1.328798294,0.682718873,114.1059875
0.1843586117,0.3345094621,-0.01146256924,0.01559479814,1,-0.1291930377,0.01935428195,-0.1488053203,0,-1.072208166,0.7213442326,126.3168182
0.1843586117,0.3393530548,-0.01398304664,0.01403101906,1,-0.2906048894,0.0198089648,0.1028495729,0,-0.6693520546,0.7858331203,134.9019012
0.1843586117,0.3441966176,-0.01611219533,0.01228671428,1,0.05517048389,0.02026243322,0.8916657567,0,-0.1813735664,0.2259562612,142.6718597
0.1843586117,0.3490402102,-0.01459432114,0.01725543477,1,0.5000997782,0.02259965055,1.657332182,0,0.1266557276,-0.3943353295,130.2239075
0.1892021894,0.237637952,0.006161633879,0.009512021206,1,0.3803857565,0.01133332588,-0.02925264835,0,0.30548352,-1.013424158,57.06591034
0.1892021894,0.2424815297,0.007822664455,0.01189547684,1,-0.2188513428,0.01423715055,-0.1335394979,0,0.6943616271,-0.6915689707,56.67041016
0.1892021894,0.2473251075,0.008464804851,0.01221488044,1,-0.3033456504,0.0148612326,0.0612680465,0,0.5078853369,-0.4540731907,55.27838135
0.1892021894,0.2521686852,0.008813368157,0.01439157221,1,-0.1849094927,0.01687580533,0.2668972611,0,0.3151212633,-0.7431204915,58.51678467
0.1892021894,0.257012248,0.009095494635,0.01710697263,1,-0.1848705709,0.01937463507,0.07636189461,3.973339796,0.06500136852,-0.8911168575,62.00115967
0.1892021894,0.2618558407,0.00823277235,0.01907763071,1,-0.3720450401,0.02077822201,-0.2386656404,0,-0.4175830483,-0.8020495772,66.65783691
0.1892021894,0.2666994035,0.005270869471,0.0198357664,1,-0.6476709843,0.02052412555,-0.2036279589,0,-0.7977288365,-0.5508862138,75.11894226
0.1892021894,0.2715429962,0.001231865841,0.02075960301,1,-0.5073841214,0.02079612017,-0.04958752915,0,-0.6914278865,0.0410043709,86.60407257
0.1892021894,0.276386559,-0.0005356696784,0.0193969775,1,-0.1074877456,0.0194043722,-0.1721199155,0,-0.3296959698,0.3573288918,91.58188629
0.1892021894,0.2812301517,-0.0008856675122,0.0181951765,1,-0.104929775,0.01821671985,0.01888439059,0,-0.1175121889,0.503896594,92.78672791
0.1892021894,0.2860737145,-0.001613084576,0.01704778336,1,0.07094655186,0.01712392829,0.1354641765,0,-0.08804506809,0.419175148,95.40531158
0.1892021894,0.2909172773,-0.0009684852557,0.01682100445,1,0.3079423308,0.01684886217,-0.1360749304,6.941482544,-0.05190311372,0.02035591006,93.29521942
0.1892021894,0.29576087,-0.0003729386372,0.01629009843,1,0.3139975667,0.01629436761,-0.1924574822,4.993976593,-0.1531350464,-0.1218423098,91.31147003
0.1892021894,0.3006044328,-0.0001893350563,0.01647897437,1,0.08436188847,0.01648006216,-0.1518420875,0,-0.06850985438,-0.2259125412,90.65826416
0.1892021894,0.3054480255,-0.0002961580758,0.01664886437,1,-0.01963135228,0.01665149815,-0.06559608877,0,-0.1199210882,-0.09923045337,91.01908875
0.1892021894,0.3102915883,-0.0008652681136,0.01664188504,1,0.05680952966,0.01666436344,0.001498810947,0,-0.4769865274,-0.1514936686,92.97631836
0.1892021894,0.315135181,-0.002331318101,0.01738989539,1,0.1741212159,0.01754547097,0.06855395436,0,-0.6683544517,-0.2531195283,97.63563538
0.1892021894,0.3199787438,-0.003259125166,0.01819993556,1,0.03167381883,0.01848944463,-0.01986294985,0,-0.6087008715,-0.1811999977,100.1525345
0.1892021894,0.3248223364,-0.005126193631,0.01817134395,1,-0.3808307648,0.01888056099,-0.2137209773,0,-0.6103768349,0.2134330273,105.7539291
0.1892021894,0.3296658993,-0.008060116321,0.01613098197,1,-0.7444485426,0.01803258434,-0.2915183008,14.55092716,-0.3817460239,0.4530386031,116.5497742
0.1892021894,0.3345094621,-0.01058098767,0.0145650357,1,-0.6138690114,0.01800271124,-0.005064368248,15.36586094,-0.12676543,0.5310965776,125.9970856
0.1892021894,0.3393530548,-0.01164743677,0.01353404485,1,-0.07672861218,0.01785589941,0.2487896979,0,-0.1320808083,0.7726341486,130.7153931
0.1892021894,0.3441966176,-0.01159237232,0.01202775445,1,1.189362884,0.01670478843,0.4951265752,23.09296227,-0.5955289602,0.8341407776,133.9440155
0.1892021894,0.3490402102,-0.008771155961,0.01189200301,1,2.862041712,0.01477676909,0.1590346843,0,-1.697114706,0.2150887102,126.4112854
0.1940457672,0.237637952,0.003719312372,0.008788120933,1,0.5154743195,0.009542764165,0.6152204871,0,0.2165629566,-1.623698711,67.06092834
0.1940457672,0.2424815297,0.005492152181,0.01421031076,1,-0.008879989386,0.01523471903,0.183670193,0,0.9469563961,-1.145980477,68.86894989
0.1940457672,0.2473251075,0.008262958378,0.01522838697,1,-0.3142683208,0.01732571051,0.1578272581,0,0.9300624132,-0.2411732972,61.51564026
0.1940457672,0.2521686852,0.008474798873,0.01614290103,1,-0.5253766179,0.01823226362,0.1093771458,0,0.1977784038,-0.2491784692,62.30115509
0.1940457672,0.257012248,0.00667621335,0.01696507633,1,-0.3418516517,0.01823144592,-0.4252164662,0,-0.4004431963,-0.5737480521,68.51903534
0.1940457672,0.2618558407,0.00487943599,0.01686232537,1,0.1249302924,0.01755411364,-0.678173542,0,-0.7898089886,-0.7064790726,73.8611908
0.1940457672,0.2666994035,0.00345582189,0.01710217632,1,0.2200048864,0.01744784042,-0.2845429778,0,-0.9087433815,-0.4649226665,78.57611847
0.1940457672,0.2715429962,0.00154347741,0.01773600839,1,0.2620253861,0.01780304126,0.07719717175,0,-0.9864710569,0.05147281662,85.02635956
0.1940457672,0.276386559,-5.308696564e-05,0.01722677425,1,0.2484588176,0.0172268562,0.03132532537,0,-0.6476569772,0.1679417193,90.17655945
0.1940457672,0.2812301517,-0.0003900698212,0.01707429625,1,0.1155057997,0.0170787517,-0.0303633064,0,-0.3473257124,0.2350044847,91.30871582
0.1940457672,0.2860737145,-0.001175924786,0.01594144478,1,0.1428982615,0.01598475687,-0.1995254457,0,-0.3139287531,0.3800365627,94.21878815
0.1940457672,0.2909172773,-0.001218466787,0.01426715124,1,0.5338166356,0.01431908738,-0.2990314066,0,-0.5207150578,0.1958095431,94.88141632
0.1940457672,0.29576087,-0.001112466329,0.01354464423,1,0.5974599123,0.01359025296,-0.0060005337,0,-0.5361872911,-0.2993636727,94.69534302
0.1940457672,0.3006044328,-0.0009216878098,0.01568807848,1,0.2741430402,0.01571512967,0.1347410232,0,-0.05243201554,-0.4371425807,93.36230469
0.1940457672,0.3054480255,-3.859164644e-05,0.01631460711,1,0.09709978849,0.01631465182,0.01186200231,0,-0.04092102498,0.09449178725,90.13552856
0.1940457672,0.3102915883,-0.0006495816051,0.01528785471,1,0.08520975709,0.01530164853,-0.03940850869,0,-0.4738936126,0.1284693331,92.43302917
0.1940457672,0.315135181,-0.001921212184,0.01550147776,1,0.07908773422,0.01562007889,0.3145363331,0,-0.700673759,-0.1451962441,97.06505585
0.1940457672,0.3199787438,-0.003660281887,0.01751460508,1,-0.2022917122,0.0178929884,0.3241857886,0,-0.4852769375,-0.4898305535,101.8040466
0.1940457672,0.3248223364,-0.005251504481,0.01944422908,1,-0.6469513774,0.02014091238,0.2309457362,0,-0.1213542819,-0.2826888263,105.1138687
0.1940457672,0.3296658993,-0.00738163013,0.02000243403,1,-1.177446008,0.02132101916,-0.01374387741,0,0.421145916,0.2939029634,110.2559052
0.1940457672,0.3345094621,-0.008914691396,0.01795412228,1,-0.8704560995,0.02004550397,-0.300080359,0,0.5289584398,0.9881239533,116.4056015
0.1940457672,0.3393530548,-0.009035700932,0.01376291644,1,-0.1256134659,0.016463954,-0.9382731915,0,-0.03110828996,2.016705751,123.2859116
0.1940457672,0.3441966176,-0.009673785418,0.003641451709,1,1.344675541,0.01033645496,-1.522937894,0,-2.118179083,2.315156937,159.3724213
0.1940457672,0.3490402102,-0.01278222539,-0.004827193916,1,2.810064793,0.01366334874,-2.57654357,0,-4.093591213,0.920301199,-159.3110046
