PIVlab, ASCII chart output - 13-Mar-2024
FRAME: 46, filenames: A:[46]2 vortices tapados mismo sentido clase 4.mp4 & B:[47]2 vortices tapados mismo sentido clase 4.mp4, conversion factor xy (px -> m): 0.00030272, conversion factor uv (px/frame -> m/s): 0.0090842
x [m],y [m],u [m/s],v [m/s],Vector type [-],vorticity [1/s],magnitude [m/s],divergence [1/s],dcev [1],simple shear [1/s],simple strain [1/s],vector direction [degrees]
0.1262357086,0.237637952,0.007953911088,-0.0005624901387,1,0.5674955845,0.007973775268,0.3003840148,0,0.9116870165,0.5598669052,-4.045147896
0.1262357086,0.2424815297,0.01153617911,-0.001190903015,1,0.500608325,0.01159748621,-0.03491348028,0,0.4846476316,0.3344037831,-5.893880844
0.1262357086,0.2473251075,0.01272607502,-0.002351307077,1,0.18568483,0.01294146944,-0.1824421436,0,0.1198769435,0.3328831792,-10.46808434
0.1262357086,0.2521686852,0.01301619131,-0.003686921205,1,0.01446611434,0.0135282902,-0.1755610555,0,0.1242959574,0.2484330386,-15.81511974
0.1262357086,0.257012248,0.01339817885,-0.004404952284,1,-0.1291586906,0.01410371531,-0.4317851961,0,-0.08582944423,-0.2220207155,-18.19944
0.1262357086,0.2618558407,0.01197487954,-0.004702931736,1,-0.3743603826,0.01286527608,-0.2271963358,0,-0.1229465306,-0.08971919864,-21.44157982
0.1262357086,0.2666994035,0.01098943409,-0.005070833489,1,-0.3578918576,0.01210293453,0.05500203371,0,0.1173806787,0.09425953031,-24.76992607
0.1262357086,0.2715429962,0.01080994494,-0.004893078469,1,-0.221544832,0.01186579652,-0.102977939,0,0.111168094,0.01390516013,-24.35369492
0.1262357086,0.276386559,0.01045481581,-0.005636965856,1,-0.280005604,0.01187764946,-0.2878648043,0,0.1823458672,0.02253656089,-28.33239555
0.1262357086,0.2812301517,0.01033692248,-0.006396531593,1,-0.2573000193,0.0121559687,-0.2458779216,0,0.3303412199,-0.1960168481,-31.74939919
0.1262357086,0.2860737145,0.01080859639,-0.005878471769,1,-0.11267896,0.01230374724,-0.2885389328,0,0.138662979,-0.4654039741,-28.54044533
0.1262357086,0.2909172773,0.01046277769,-0.005539874546,1,0.09071726352,0.01183891576,-0.4669148326,0,-0.2889641821,-0.2518988252,-27.90050888
0.1262357086,0.29576087,0.009848372079,-0.006919918582,1,0.0265840888,0.01203643251,-0.5441535115,0,-0.4418272972,0.06065578759,-35.09364319
0.1262357086,0.3006044328,0.008451514877,-0.008469315246,1,-0.04659330845,0.01196484081,-0.3179834485,0,-0.5512011051,0.1840520352,-45.06027222
0.1262357086,0.3054480255,0.006952908356,-0.009351566434,1,0.1355621517,0.01165310014,-0.09180215746,0,-0.7158192396,0.3138966858,-53.36912537
0.1262357086,0.3102915883,0.005640994292,-0.01043434907,1,0.3434771299,0.01186155342,-0.04264074564,0,-0.9595849514,0.6124512553,-61.60355759
0.1262357086,0.315135181,0.00396874221,-0.01252455544,1,0.06326347589,0.01313831843,-0.4347494841,0,-0.9764266014,0.7721303701,-72.41779327
0.1262357086,0.3199787438,0.00121801754,-0.01627996564,1,-0.8845922351,0.01632546633,-0.004878878593,0,-0.2342423201,0.7576960325,-85.72127533
0.1262357086,0.3248223364,-0.001450420124,-0.01621814631,1,-0.7158435583,0.01628287509,0.6621067524,0,-0.1933451593,-0.03143179417,-95.11047363
0.1262357086,0.3296658993,-0.003185708774,-0.01292075776,1,0.1977983415,0.01330769341,0.8131581545,0,-0.8834247589,-0.8384817839,-103.8504562
0.1262357086,0.3345094621,-0.004771295004,-0.008218324743,1,1.009982347,0.009502952918,0.5860686898,0,-1.61307168,-0.730093658,-120.1380692
0.1262357086,0.3393530548,-0.006106818561,-0.006545823067,1,1.466383934,0.008952152915,-1.728907347,0,-1.168331146,0.6141123176,-133.0128326
0.1262357086,0.3441966176,-0.003327652579,-0.01956692338,1,-0.4453139305,0.01984786615,-5.569050789,0,2.720975876,1.567404747,-99.65167236
0.1262357086,0.3490402102,0.004915526602,-0.04111180082,1,-4.149158478,0.04140461981,-8.89465332,0,7.552904129,0.001585006714,-83.18180847
0.1310792714,0.237637952,0.01003725082,0.0002710663248,1,0.3554754257,0.01004090998,-0.06164595485,0,0.5629482865,0.5579880476,1.546955585
0.1310792714,0.2424815297,0.01226147916,-0.001229556277,1,0.2887480557,0.01232297346,-0.2210038751,0,0.3416040838,0.3533124328,-5.726361752
0.1310792714,0.2473251075,0.01309041027,-0.00251067942,1,0.08669658005,0.01332900394,-0.2096816301,0,0.1055563837,0.2427486181,-10.85721493
0.1310792714,0.2521686852,0.01319267135,-0.003420937341,1,-0.1842449754,0.01362899039,-0.2202865481,0,-0.07911579311,0.1491390467,-14.53695774
0.1310792714,0.257012248,0.01181480382,-0.004300018307,1,-0.2785344422,0.01257297676,-0.2854289114,0,-0.1313468516,-0.1464562118,-19.99906349
0.1310792714,0.2618558407,0.0112073794,-0.004094062373,1,-0.1664754152,0.01193175185,-0.07717478275,3.367519617,0.07070098817,-0.1556686312,-20.06727791
0.1310792714,0.2666994035,0.01135091297,-0.003919827286,1,-0.193985641,0.01200867444,-0.08549930155,4.17643404,0.06739548594,-0.08689121902,-19.05140495
0.1310792714,0.2715429962,0.01059423015,-0.004087320529,1,-0.2218969464,0.011355347,-0.1935486197,1.327528358,-0.09577402472,-0.07020501047,-21.09692764
0.1310792714,0.276386559,0.009812248871,-0.004517251626,1,-0.2613936067,0.01080211997,-0.2592217028,0.8101592064,-0.01267658174,-0.0762841329,-24.71985817
0.1310792714,0.2812301517,0.009266749956,-0.004973392934,1,-0.278547883,0.01051700022,-0.2695898116,0,0.1072824746,-0.1142243072,-28.22211075
0.1310792714,0.2860737145,0.008982711472,-0.005269776564,1,-0.1597955823,0.01041439641,-0.3779322505,0,0.04732016474,-0.07113598287,-30.39834404
0.1310792714,0.2909172773,0.008721968159,-0.006459380034,1,0.0509300679,0.01085340139,-0.5027349591,0,-0.1139547974,0.0721565932,-36.52318573
0.1310792714,0.29576087,0.008677446283,-0.008054308593,1,0.02839353308,0.01183933951,-0.4902914166,0,-0.1511965394,0.1769808531,-42.86712646
0.1310792714,0.3006044328,0.008127162233,-0.009691365063,1,-0.003412403166,0.01264805626,-0.3272390962,0,-0.2415869832,0.3662807941,-50.01685715
0.1310792714,0.3054480255,0.007490772754,-0.01141342614,1,0.1815689653,0.01365203224,-0.264138341,0,-0.4099562168,0.5407863855,-56.72261429
0.1310792714,0.3102915883,0.007020950783,-0.01359008066,1,0.1710140407,0.0152965365,-0.1993641704,0,-0.7294788361,0.5498818755,-62.6780777
0.1310792714,0.315135181,0.004785805009,-0.01504245773,1,-0.02792030573,0.01578541845,0.04874522239,0,-0.7937397957,0.2789221406,-72.35137177
0.1310792714,0.3199787438,0.003041176125,-0.0147049604,1,-0.4349993765,0.01501614507,0.1473317444,0,-0.5371886492,0.1288148165,-78.31522369
0.1310792714,0.3248223364,7.693676162e-05,-0.0149527695,1,-0.5505077243,0.01495296787,-0.05143832415,0,-0.7477502227,0.1208069548,-89.70519257
0.1310792714,0.3296658993,-0.003247037064,-0.01553924382,1,-0.09269231558,0.01587486453,-0.1416527182,0,-0.9802840948,-0.2205163687,-101.8025436
0.1310792714,0.3345094621,-0.005120092072,-0.01457078848,1,0.2732633948,0.01544419676,-0.0654964447,0,-1.421086788,-0.6049151421,-109.3611832
0.1310792714,0.3393530548,-0.008806608617,-0.0129265273,1,0.09773141146,0.01564133726,-0.2965034544,0,-1.728482962,-0.8481467962,-124.265892
0.1310792714,0.3441966176,-0.01301876456,-0.01189886127,1,-1.464418292,0.0176372081,-1.110012054,24.54249382,-0.1490445137,-1.141922951,-137.5733948
0.1310792714,0.3490402102,-0.01662154123,-0.01277196407,1,-4.315360546,0.02096183971,-2.626284838,0,2.827714205,-2.265766382,-142.46138
0.1359228492,0.237637952,0.01035797875,0.0004424192011,1,0.273667872,0.0103674233,-0.3050088286,0,0.4774488807,0.2637072802,2.445781708
0.1359228492,0.2424815297,0.01217702497,-0.0009348911699,1,0.1653551459,0.0122128604,-0.3069414496,0,0.3566265106,0.2509886026,-4.390271664
0.1359228492,0.2473251075,0.01288623735,-0.002259958303,1,0.05658273026,0.0130829094,-0.2882701159,0,0.04552327469,0.1747820973,-9.947239876
0.1359228492,0.2521686852,0.01267158333,-0.003177720588,1,-0.1793884933,0.01306395512,-0.2413475215,0,-0.1468015611,0.05431879312,-14.0780468
0.1359228492,0.257012248,0.01130631287,-0.003692038823,1,-0.2780720592,0.0118938582,-0.06645964086,6.538521767,-0.09861174971,0.01125781797,-18.0842762
0.1359228492,0.2618558407,0.01084708609,-0.003554151161,1,-0.1529678553,0.01141452044,-0.08566176891,2.448836327,-0.08484487236,-0.06237797439,-18.14187813
0.1359228492,0.2666994035,0.01015444845,-0.0038048157,1,-0.1046521664,0.0108438665,-0.3110018969,0,-0.1667691469,-0.1606910676,-20.54069519
0.1359228492,0.2715429962,0.009532435797,-0.004282193258,1,-0.107607618,0.01045009587,-0.2719812989,0,-0.1658841819,-0.1424341351,-24.19073105
0.1359228492,0.276386559,0.008829769678,-0.004432287533,1,-0.08889613301,0.009879777208,-0.2295536697,0,-0.1288239211,-0.1788593829,-26.65531921
0.1359228492,0.2812301517,0.008477891795,-0.004527735058,1,-0.03821923211,0.009611193091,-0.2520545125,0,-0.002301830798,-0.160592258,-28.10506248
0.1359228492,0.2860737145,0.008633502759,-0.00487529207,1,-0.07273417711,0.009914929979,-0.2931424677,0,0.05195385218,0.08070857078,-29.45318222
0.1359228492,0.2909172773,0.008377240971,-0.006338506006,1,-0.1376393735,0.01050499082,-0.3676809669,0,0.07514995337,0.2340402752,-37.11238861
0.1359228492,0.29576087,0.008330830373,-0.007789775729,1,-0.09161997586,0.01140540838,-0.2969795465,0,0.1459961534,0.3811193109,-43.0777092
0.1359228492,0.3006044328,0.008640616201,-0.009622930549,1,-0.09489272535,0.01293294411,-0.2253042459,0,0.08705596626,0.688665688,-48.07871628
0.1359228492,0.3054480255,0.008292872459,-0.01221666019,1,-0.219450146,0.0147654498,-0.2609265149,0,-0.04933146387,0.8070896864,-55.83068848
0.1359228492,0.3102915883,0.007338751573,-0.01479594968,1,-0.2315030098,0.01651597396,-0.2568291426,0,-0.3335855603,0.5725568533,-63.61870956
0.1359228492,0.315135181,0.005555822048,-0.01623385586,1,-0.2306272686,0.01715824008,-0.03351409733,0,-0.7569069862,0.3750633597,-71.1071701
0.1359228492,0.3199787438,0.00255555287,-0.01677492633,1,-0.2073197961,0.01696847007,-0.1117864326,0,-1.169813156,0.08221244067,-81.33795929
0.1359228492,0.3248223364,-0.001114428276,-0.01717350446,1,0.1374001503,0.01720962487,-0.2625958323,0,-1.684903622,-0.1707329452,-93.71284485
0.1359228492,0.3296658993,-0.004939900246,-0.01721987128,1,-0.003942906857,0.01791442372,-0.2830857337,0,-1.42146492,-0.437615782,-106.0067139
0.1359228492,0.3345094621,-0.008018480614,-0.01642502844,1,-0.2662334442,0.0182777904,-0.4306179285,0,-1.119335651,-0.8081591129,-116.0210114
0.1359228492,0.3393530548,-0.01165101212,-0.01539122127,1,-0.4751003981,0.01930377632,-0.3799494803,0,-0.80836761,-1.04664886,-127.1253891
0.1359228492,0.3441966176,-0.01423505787,-0.01319581829,1,-0.7099516988,0.01941047423,0.4844713509,0,-0.7617818713,-1.34834826,-137.1696625
0.1359228492,0.3490402102,-0.01877946779,-0.00651381677,1,-1.576943874,0.01987707801,1.413231015,0,-0.2995185256,-1.345878482,-160.8704681
0.1407664269,0.237637952,0.009837203659,0.001258095494,1,0.4115211368,0.009917327203,-0.525711894,0,0.4775999188,0.1189413369,7.28808403
0.1407664269,0.2424815297,0.01199046709,-0.0003031186352,1,0.1807916164,0.01199429855,-0.3981900811,0,0.3773739934,0.3909667134,-1.448127031
0.1407664269,0.2473251075,0.01254072227,-0.002564246766,1,-0.06353206187,0.01280019805,-0.2339357734,0,0.1247091815,0.3771789074,-11.55617905
0.1407664269,0.2521686852,0.0122867832,-0.00326310005,1,-0.1801049262,0.01271270495,-0.02087125927,4.607838631,-0.02496957779,0.1580342948,-14.87317085
0.1407664269,0.257012248,0.01154742949,-0.003430788405,1,-0.2054560333,0.01204630453,0.03809783235,3.010201216,-0.1654362828,0.1415344626,-16.5468998
0.1407664269,0.2618558407,0.01049033739,-0.0037641034,1,-0.1156425923,0.01114520803,-0.1638012528,0,-0.3966229558,-0.0007178261876,-19.73881149
0.1407664269,0.2666994035,0.009066231549,-0.0042206957,1,-0.05761408806,0.01000054087,-0.2724078,0,-0.3353517652,-0.1474001408,-24.96387291
0.1407664269,0.2715429962,0.008586976677,-0.004369587637,1,-0.04504964501,0.009634804912,-0.2895483077,0,-0.2093414664,-0.1883939058,-26.96982384
0.1407664269,0.276386559,0.0078340685,-0.004710644949,1,-0.1082941517,0.00914126914,-0.2365507782,0,-0.1640073359,-0.1478071809,-31.01859665
0.1407664269,0.2812301517,0.007268063258,-0.004799424205,1,-0.04252740741,0.008709719405,-0.1757007539,0,0.06724113971,-0.1849510372,-33.43855286
0.1407664269,0.2860737145,0.00795377139,-0.004665840417,1,-0.02635134757,0.009221308865,-0.2471370101,0,0.1928828657,-0.1172131896,-30.39673233
0.1407664269,0.2909172773,0.008074669167,-0.005428718403,1,-0.1052137688,0.00972991623,-0.3251134157,0,0.3387627006,0.136850059,-33.91352081
0.1407664269,0.29576087,0.009084983729,-0.006903396454,1,-0.006495982409,0.01141025033,-0.2774166167,0,0.4806950986,0.4206962883,-37.23007202
0.1407664269,0.3006044328,0.01037148945,-0.008810082451,1,-0.1898861974,0.01360828243,-0.2027073503,0,0.406910181,0.5583099723,-40.34630203
0.1407664269,0.3054480255,0.01013615634,-0.01058944315,1,-0.5759620667,0.01465871651,-0.2757229209,12.08197212,0.1999410838,0.8132330775,-46.25291061
0.1407664269,0.3102915883,0.008550202474,-0.01408452541,1,-0.629545331,0.0164766442,-0.3772864342,12.64080524,-0.1335333884,1.068357944,-58.73958588
0.1407664269,0.315135181,0.006440125406,-0.01759153418,1,-0.3277357519,0.01873332076,-0.2035408616,0,-0.8392260075,0.8870467544,-69.89271545
0.1407664269,0.3199787438,0.002897932194,-0.01936687157,1,-0.2443287969,0.01958248392,-0.3593488634,0,-1.502737284,0.9181582928,-81.48976898
0.1407664269,0.3248223364,-0.002021924825,-0.02377923951,1,0.1159966588,0.02386504412,-0.4604956508,0,-2.105381966,0.1667782664,-94.86010742
0.1407664269,0.3296658993,-0.006737811025,-0.02240512148,1,-0.19713974,0.02339631505,0.03462663293,0,-1.681287408,-1.013441563,-106.7374191
0.1407664269,0.3345094621,-0.01112020481,-0.01870285533,1,-0.7795698047,0.02175903879,-0.04169678688,0,-1.074150205,-1.665370226,-120.7345505
0.1407664269,0.3393530548,-0.01571644843,-0.01454073284,1,-0.8787224293,0.02141120285,-0.1999705434,19.97943306,-0.3771291971,-1.552885771,-137.2252502
0.1407664269,0.3441966176,-0.01720301993,-0.01214990485,1,-0.1062496305,0.02106096037,0.2200599909,0,-0.01326231286,-1.422543645,-144.767746
0.1407664269,0.3490402102,-0.01629531384,-0.006584654562,1,0.7169690132,0.0175754074,1.637801647,0,-0.3421620429,-0.6601827741,-157.9972229
0.1456100047,0.237637952,0.00838775374,0.0007624768768,1,0.8871680498,0.008422338404,-0.36420542,0,0.6630431414,-0.05649645627,5.194116116
0.1456100047,0.2424815297,0.01214203797,1.727076778e-05,1,0.4848920703,0.01214205008,-0.2283986062,0,0.5871033072,0.207368955,0.08149714768
0.1456100047,0.2473251075,0.01358004659,-0.001348197227,1,-0.1161152944,0.01364680566,-0.133461684,0,0.3626077175,0.371037513,-5.669621468
0.1456100047,0.2521686852,0.01333594322,-0.002426310442,1,-0.2985691428,0.01355486456,-0.08938337862,7.406778812,0.008768305182,0.3545046449,-10.31147385
0.1456100047,0.257012248,0.01217637584,-0.003498200094,1,-0.1600484997,0.01266891975,-0.2096289992,0,-0.518317461,0.3042041659,-16.0290432
0.1456100047,0.2618558407,0.01005022507,-0.004915101454,1,-0.06835582852,0.01118772756,-0.3461077213,0,-0.7688971758,-0.005066499114,-26.0611248
0.1456100047,0.2666994035,0.00812107604,-0.005150059704,1,-0.07186485827,0.009616391733,-0.3069320619,0,-0.5129796267,-0.273309797,-32.38122559
0.1456100047,0.2715429962,0.007217485458,-0.00507795345,1,-0.07716152817,0.0088248346,-0.2572811544,0,-0.1608802974,-0.349758476,-35.12879181
0.1456100047,0.276386559,0.006968101952,-0.004702138714,1,-0.1099050641,0.008406220935,-0.1413469911,0,0.009475458413,-0.3647130728,-34.01183701
0.1456100047,0.2812301517,0.006731046829,-0.003996062558,1,-0.1852548569,0.007827867754,-0.0976587832,0,0.1647415608,-0.2811439335,-30.69659805
0.1456100047,0.2860737145,0.006868744269,-0.003813414136,1,-0.1164541021,0.00785632059,-0.2515435517,0,0.2680627406,-0.2119014561,-29.03831673
0.1456100047,0.2909172773,0.007465372793,-0.004188071471,1,-0.0031876266,0.008559891023,-0.3449882269,0,0.448328048,-0.01122383773,-29.2924099
0.1456100047,0.29576087,0.009024816565,-0.005430027843,1,-0.01183742285,0.01053245086,-0.3890081048,0,0.6100795865,0.1362708211,-31.03437233
0.1456100047,0.3006044328,0.0103630051,-0.006732300855,1,-0.2594302893,0.01235782076,-0.2644384801,0,0.6458240151,0.3608193696,-33.00967026
0.1456100047,0.3054480255,0.01089634467,-0.008458512835,1,-0.3909355402,0.01379408501,-0.2305307984,0,0.4576228261,0.938269794,-37.82114029
0.1456100047,0.3102915883,0.01068601012,-0.01239347737,1,-0.6177044511,0.01636426337,-0.3942970037,11.23788548,0.1986115724,1.722482562,-49.23114777
0.1456100047,0.315135181,0.008866435848,-0.0187112987,1,-0.6517448425,0.02070570923,-0.378894031,6.484259129,-0.4680514336,1.784103632,-64.64585114
0.1456100047,0.3199787438,0.00526219001,-0.02287012525,1,-0.7725880742,0.02346770838,-0.2760705948,0,-1.581768036,1.627816796,-77.04233551
0.1456100047,0.3248223364,-0.002537071239,-0.02793292515,1,-0.9874503613,0.02804790623,0.07535013556,0,-2.097677231,0.3929522932,-95.18977356
0.1456100047,0.3296658993,-0.009680866264,-0.02440845594,1,-1.036659002,0.02625817619,-0.06463015079,0,-1.802102804,-2.145964622,-111.6342316
0.1456100047,0.3345094621,-0.01628679223,-0.01785185188,1,-1.418406844,0.02416502126,0.05032122135,31.43045807,-0.7412036657,-2.312960625,-132.3751678
0.1456100047,0.3393530548,-0.02014110796,-0.01296171546,1,-0.7030212879,0.02395141497,-0.3901175857,15.08474827,-0.07586333156,-1.444384813,-147.2368927
0.1456100047,0.3441966176,-0.02005938068,-0.01274542697,1,0.5015670061,0.0237660408,-0.715577364,0,0.7571746111,-0.9876728058,-147.5687561
0.1456100047,0.3490402102,-0.01404429507,-0.01164379995,1,1.679308176,0.01824336313,0.7638112307,0,0.8044207096,0.3089311123,-140.3386688
0.1504535824,0.237637952,0.007799501531,0.0001725289912,1,0.6495764256,0.007801409345,0.2925876081,0,1.03888905,0.2845685184,1.267205477
0.1504535824,0.2424815297,0.01188860834,0.0001919494971,1,0.4935214818,0.01189015806,0.1790727675,0,0.7229218483,0.2653816044,0.9249981046
0.1504535824,0.2473251075,0.01369143929,-0.0002455145877,1,0.0556294471,0.01369364094,-0.09439185262,0,0.2916986048,0.3115966022,-1.02731657
0.1504535824,0.2521686852,0.0135709187,-0.001774487086,1,-0.2641653717,0.01368643995,-0.3896143138,0,-0.08391001076,0.6262844801,-7.449537277
0.1504535824,0.257012248,0.01200551167,-0.005166091956,1,-0.4427714646,0.01306984387,-0.5460235476,0,-0.5444163084,0.5652919412,-23.28269386
0.1504535824,0.2618558407,0.008789397776,-0.007157229818,1,-0.5187254548,0.01133487746,-0.47649315,0,-0.6683570743,-0.2305639088,-39.1560173
0.1504535824,0.2666994035,0.006255785003,-0.006357269362,1,-0.3839924335,0.008919064887,-0.189230606,5.299273014,-0.2648388147,-0.6810455322,-45.46099091
0.1504535824,0.2715429962,0.005646733101,-0.004775085952,1,-0.1593724787,0.007395068649,-0.08326369524,3.493080616,-0.02083684504,-0.5426045656,-40.21909332
0.1504535824,0.276386559,0.005382927135,-0.004132416099,1,-0.003799017519,0.006786218844,-0.1575092226,0,-0.04026557133,-0.5024808049,-37.51306915
0.1504535824,0.2812301517,0.005433302838,-0.003104189411,1,-0.1994065195,0.006257537287,-0.2166170329,0,0.2667353153,-0.4910036325,-29.74047089
0.1504535824,0.2860737145,0.005709039513,-0.002803403186,1,-0.1921522021,0.006360204425,-0.3321439922,0,0.3812744617,-0.3037397563,-26.15317917
0.1504535824,0.2909172773,0.00634932844,-0.003241767175,1,-0.06494040787,0.007129027043,-0.3943789005,0,0.5091970563,-0.1698155403,-27.04742432
0.1504535824,0.29576087,0.007860830985,-0.003891093191,1,0.05584490299,0.008771161549,-0.3841756582,0,0.8709471226,-0.139801383,-26.33530426
0.1504535824,0.3006044328,0.01083831768,-0.004425412975,1,0.05237805843,0.01170698088,-0.2638195157,0,1.125122309,0.2705564499,-22.21077156
0.1504535824,0.3054480255,0.01356414519,-0.006479384843,1,-0.2548052371,0.01503224764,-0.1787236631,0,1.110589027,0.9991705418,-25.53309441
0.1504535824,0.3102915883,0.01498337276,-0.01013063546,1,-1.136654854,0.01808677055,-0.3780399561,1.142384648,1.071046829,1.73246944,-34.06361771
0.1504535824,0.315135181,0.01324636769,-0.01670180075,1,-1.938673139,0.02131704427,-0.35803473,45.03826523,0.7952719927,2.358048916,-51.58171082
0.1504535824,0.3199787438,0.009445220232,-0.02328619733,1,-2.459684372,0.02512885071,0.1681520939,63.56533432,-0.2242888212,2.739579678,-67.92180634
0.1504535824,0.3248223364,0.0002463344135,-0.02915671095,1,-2.658348322,0.02915775217,0.622628212,0,-2.893378019,1.206166148,-89.51593781
0.1504535824,0.3296658993,-0.01744499803,-0.02611260861,1,-2.815099478,0.03140376136,0.1653465033,56.2613945,-1.794277906,-2.670157433,-123.7456207
0.1504535824,0.3345094621,-0.02207947522,-0.01542276889,1,-1.168044925,0.02693260089,0.0882153511,29.20697784,-0.3095829189,-2.928060055,-145.0652618
0.1504535824,0.3393530548,-0.0246020034,-0.01150304452,1,-0.7901607752,0.02715839818,-1.015654206,0,0.09369847178,-1.94697392,-154.9408417
0.1504535824,0.3441966176,-0.0254528448,-0.01091184933,1,0.7210849524,0.0276932437,-0.5562045574,0,2.066648006,-0.696762681,-156.7947845
0.1504535824,0.3490402102,-0.01109940279,-0.01082224026,1,1.464089632,0.01550218184,1.080334306,0,4.462685585,1.043333173,-135.7243805
0.1552971601,0.237637952,0.01118325442,0.002648143098,1,0.1571677327,0.01149251219,0.1955927908,0,1.127640009,0.8231264353,13.32199764
0.1552971601,0.2424815297,0.01429478731,0.001128389151,1,0.1204558611,0.01433925424,-0.005309402943,0,0.5915880799,0.5837017298,4.513403893
0.1552971601,0.2473251075,0.01463209465,-0.0002047779708,1,-0.04066744447,0.01463352796,-0.09126825631,0,0.07937569171,0.4623759389,-0.8018091917
0.1552971601,0.2521686852,0.01448227372,-0.001553229522,1,-0.3816617727,0.0145653272,-0.2422593981,7.158081532,-0.1060757637,0.5393431783,-6.121594906
0.1552971601,0.257012248,0.01226970367,-0.003990524914,1,-1.420136213,0.01290232223,-0.4891690016,34.28024673,-0.2019569278,0.3545511961,-18.01628685
0.1552971601,0.2618558407,0.006625539158,-0.005639853887,1,-1.695801258,0.008700903505,-0.3172039986,43.32572174,-0.03099620342,-0.1969612837,-40.40540314
0.1552971601,0.2666994035,0.003905825783,-0.004572929814,1,-0.8892602921,0.006013914011,-0.1410884112,20.5182476,0.3856047094,-0.3956333995,-49.49873352
0.1552971601,0.2715429962,0.004186043981,-0.004406945314,1,-0.4830218852,0.006078168284,-0.2988050878,0,0.4552662373,-0.2356621921,-46.47258377
0.1552971601,0.276386559,0.003771388903,-0.0048787673,1,-0.5491740108,0.006166501902,-0.120341897,10.15571499,0.3669919372,-0.6713141203,-52.29523087
0.1552971601,0.2812301517,0.003303630976,-0.0017382683,1,-0.4336205721,0.003733035643,-0.08774492145,0,0.4372135699,-0.8811233044,-27.75195503
0.1552971601,0.2860737145,0.00378879183,-0.001035977388,1,-0.2942872941,0.003927873448,-0.3712110817,0,0.589322567,-0.4395649135,-15.29270172
0.1552971601,0.2909172773,0.004732653033,-0.001407192205,1,-0.2193902135,0.00493742805,-0.3564552367,0,0.7764374018,-0.2643663585,-16.55915642
0.1552971601,0.29576087,0.006486893166,-0.001482016989,1,-0.05176442862,0.006654033437,-0.2184666395,0,1.220937967,-0.1917944252,-12.86911297
0.1552971601,0.3006044328,0.01039563585,-0.001536381082,1,0.2176471949,0.01050855406,-0.1438327134,0,1.513170481,-0.068866916,-8.406943321
0.1552971601,0.3054480255,0.01487024315,-0.001845119637,1,-0.2802855968,0.01498427894,0.01096937433,0,1.694665432,0.04481236637,-7.073184967
0.1552971601,0.3102915883,0.01724629477,-0.001700302237,1,-1.183878541,0.01732990891,-0.1789102256,0,1.944352865,0.5693184137,-5.630561829
0.1552971601,0.315135181,0.01855365932,-0.005469223019,1,-2.136134148,0.01934297383,-0.2872024775,0,2.56964016,1.848101497,-16.4243927
0.1552971601,0.3199787438,0.01934601553,-0.012042813,1,-4.085318565,0.02278810367,-1.208618283,93.05110168,1.55974257,3.664243698,-31.90208817
0.1552971601,0.3248223364,0.006320836488,-0.02907130867,1,-8.468161583,0.02975052968,-0.01995819807,220.2749634,-0.02950954437,1.512217999,-77.73337555
0.1552971601,0.3296658993,-0.02181311324,-0.01946402714,1,-6.718945503,0.02923457325,1.158275962,170.9329681,-0.7884700298,-2.016552925,-138.2572021
0.1552971601,0.3345094621,-0.03004180081,-0.01369382441,1,-2.714454174,0.03301561251,0.2756706476,70.19894409,0.09702658653,-1.950649142,-155.495285
0.1552971601,0.3393530548,-0.03449082747,-0.008680674247,1,-0.6123045683,0.03556643426,-0.1881323457,0,1.420297265,-1.729500294,-165.8731689
0.1552971601,0.3441966176,-0.02612822503,-0.006228088401,1,2.006333351,0.02686025202,1.458527684,0,4.338703632,-0.9283043146,-166.592804
0.1552971601,0.3490402102,-0.003758146893,0.002880131826,1,3.221626282,0.004734852351,1.301085949,0,6.015351295,-2.459849834,142.5345154
0.1601407379,0.237637952,0.01273374725,0.004873086698,1,-0.04939338565,0.0136343427,-0.328429997,0,0.8572050333,0.6622309685,20.94138336
0.1601407379,0.2424815297,0.01469009649,0.002473914996,1,-0.101719588,0.01489695255,-0.533941865,0,0.6705514193,0.40279603,9.559313774
0.1601407379,0.2473251075,0.01548892818,0.000335923658,1,-0.2807687521,0.01549257059,-0.1781342924,0,0.3467882276,0.4234003723,1.242435336
0.1601407379,0.2521686852,0.01500986703,-0.0004396648728,1,-0.8335843682,0.01501630526,0.007241219282,21.67630196,-0.02021729946,-0.07499776781,-1.677812457
0.1601407379,0.257012248,0.0113534797,0.0007342539611,1,-1.747461796,0.01137719862,0.01512036473,45.43456268,-0.05097514391,-0.2627834082,3.700288296
0.1601407379,0.2618558407,0.006298998371,0.0009063836769,1,-1.810752869,0.006363875698,0.02314655483,46.74414062,0.2215662599,0.2123899758,8.188274384
0.1601407379,0.2666994035,0.003656131215,-0.000182361211,1,-1.137494326,0.003660676302,-0.01540097594,26.96133614,0.4683610797,0.219301194,-2.855443239
0.1601407379,0.2715429962,0.003057999304,-0.000230414531,1,-1.05339694,0.003066667588,-0.09948638082,22.03402901,0.6182534099,-0.2001281381,-4.308988094
0.1601407379,0.276386559,0.001548479428,0.0003051050007,1,-1.165899277,0.001578251482,-0.1733125895,24.07680893,0.6874337196,-0.4508302212,11.1465044
0.1601407379,0.2812301517,0.0007405141369,0.001113763428,1,-0.5144284368,0.001337471534,-0.2312619984,0,0.5626373291,-0.4730925262,56.38103867
0.1601407379,0.2860737145,0.001781982835,0.001476429985,1,-0.192160964,0.002314154059,-0.2293417156,0,0.7293310165,-0.3259313405,39.64283752
0.1601407379,0.2909172773,0.003342330921,0.001581601333,1,-0.1226724684,0.003697653301,-0.08102075011,0,0.9674440622,-0.2455499172,25.32365608
0.1601407379,0.29576087,0.005873699673,0.002273339778,1,0.01160573959,0.00629828684,-0.1091033444,0,1.323308229,-0.1644246876,21.15828705
0.1601407379,0.3006044328,0.009808090515,0.001849554596,1,0.08192390203,0.009980956092,-0.1688427031,0,1.561619282,-0.3367153108,10.67910957
0.1601407379,0.3054480255,0.01383432839,0.003086443758,1,-0.2745516896,0.01417444088,-0.03059890866,0,1.73344326,-0.6854127645,12.57674408
0.1601407379,0.3102915883,0.01687434502,0.005021196324,1,-0.5445969701,0.01760556549,0.06244064867,0,1.984106302,-0.5578734279,16.57110596
0.1601407379,0.315135181,0.02080670372,0.006090983283,1,-1.510692358,0.02167992108,-0.2560830116,0,2.43250823,-0.05682903528,16.3169384
0.1601407379,0.3199787438,0.0213392321,0.004056094214,1,-4.546144485,0.02172129601,0.03090149164,108.661087,1.793532133,-1.130548716,10.76221752
0.1601407379,0.3248223364,0.007474210579,0.01171655767,1,-9.864367485,0.01389753725,-0.4569997191,255,0.9987387657,-0.1588762403,57.46543503
0.1601407379,0.3296658993,-0.02160212956,0.002612109995,1,-8.359217644,0.02175948396,-1.459813952,213.5646057,0.5825920105,1.331870914,173.1053162
0.1601407379,0.3345094621,-0.03019236401,-0.001805143198,1,-4.126088619,0.03024627827,-0.7540855408,97.08818817,1.589105129,0.1275127232,-176.5784607
0.1601407379,0.3393530548,-0.03389020637,-0.001657979912,1,-0.9313813448,0.03393073753,0.2978719473,0,2.440120935,-0.1543373168,-177.1992035
0.1601407379,0.3441966176,-0.02288466692,0.0003851676302,1,0.5494688749,0.02288790978,0.6822692156,0,2.997132778,-0.2194119096,179.0357513
0.1601407379,0.3490402102,-0.0167119652,0.002709382679,1,1.002818227,0.01693016663,-0.8647165298,0,1.54599297,-1.824423432,170.7911987
0.1649843156,0.237637952,0.01280004531,0.007039322983,1,-0.3501256108,0.0146079855,-0.398122251,0,0.70503968,0.4980662465,28.80838203
0.1649843156,0.2424815297,0.01365957223,0.00486894371,1,-0.3045899868,0.0145013975,-0.5834145546,0,0.9280990362,0.2846379876,19.61856842
0.1649843156,0.2473251075,0.01582005993,0.002834843006,1,-0.707670331,0.01607204415,-0.3890221715,0,0.8097678423,0.1235259324,10.15917683
0.1649843156,0.2521686852,0.01415408961,0.002386377193,1,-1.309394956,0.01435385086,0.04709148407,32.94684982,0.328727603,-0.2402372062,9.570056915
0.1649843156,0.257012248,0.01107012853,0.00422653975,1,-1.353562832,0.01184953097,0.2363457233,34.65667343,0.03476274014,-0.1388861686,20.896698
0.1649843156,0.2618558407,0.007766378578,0.004203842022,1,-1.280539274,0.008831134066,0.2554483116,32.64006042,0.005304992199,0.4663220942,28.42612076
0.1649843156,0.2666994035,0.004893432371,0.003205156187,1,-1.224776268,0.005849675741,0.251080811,30.80517197,0.1859696507,0.3572046757,33.22445679
0.1649843156,0.2715429962,0.002734837821,0.003689822974,1,-1.185137033,0.004592834972,0.06921179593,29.55919838,0.3293383121,-0.1151227504,53.45475006
0.1649843156,0.276386559,0.0007483047666,0.004097994883,1,-1.013446212,0.004165755585,-0.1115899831,23.73687744,0.4265240729,-0.06797768176,79.65164948
0.1649843156,0.2812301517,-0.0001079649373,0.003478583414,1,-0.529325664,0.003480258398,-0.1966913044,0,0.6017882824,-0.05822871625,91.77771759
0.1649843156,0.2860737145,0.001099283574,0.003427340649,1,-0.2470216155,0.003599317744,-0.1256698668,0,0.9198419452,-0.2070744634,72.21690369
0.1649843156,0.2909172773,0.003150882665,0.003872871632,1,-0.2317455411,0.004992714152,0.06717696786,0,1.070537686,-0.2309446335,50.86896133
0.1649843156,0.29576087,0.00516203884,0.004871315788,1,-0.1710527241,0.007097630762,-0.04184339941,0,1.161238909,-0.4047501087,43.34028244
0.1649843156,0.3006044328,0.007946926169,0.00563063845,1,-0.2030339837,0.00973949302,-0.1774246395,0,1.491368055,-0.798751235,35.31873322
0.1649843156,0.3054480255,0.01140218507,0.007880759425,1,-0.2189542651,0.01386059821,-0.1166601777,0,1.64345932,-1.131825209,34.65076828
0.1649843156,0.3102915883,0.0148466276,0.01054766867,1,-0.4384621978,0.01821196452,-0.09131652117,0,1.602035999,-1.27829361,35.39159012
0.1649843156,0.315135181,0.01703804545,0.01362997573,1,-1.553521395,0.02181905694,-0.280749023,16.90677261,1.382812858,-1.956418753,38.65886307
0.1649843156,0.3199787438,0.01401978824,0.01866390556,1,-3.82281065,0.02334300429,-0.4456232786,95.3157959,0.9942708015,-2.492667198,53.08718109
0.1649843156,0.3248223364,0.003337793518,0.02354499139,1,-5.843580723,0.0237804018,-0.5001497269,144.9868011,-1.682385683,-1.570106506,81.9313736
0.1649843156,0.3296658993,-0.02243281528,0.02384632453,1,-6.469271183,0.0327395536,-0.5202339888,165.5023346,-1.048841,1.452865243,133.2505646
0.1649843156,0.3345094621,-0.03307665512,0.01398816146,1,-3.630159378,0.03591286391,-1.236851931,82.25444794,1.284209609,2.107136011,157.0764313
0.1649843156,0.3393530548,-0.03379560634,0.007649458945,1,-0.4421254992,0.03465050086,-0.1378853917,0,2.339548349,1.588276505,167.2463074
0.1649843156,0.3441966176,-0.02388633974,0.005627362523,1,1.011683702,0.0245402623,-0.4640954733,0,2.500678778,-0.02259990573,166.7434692
0.1649843156,0.3490402102,-0.01678320579,0.005511040799,1,0.8718913794,0.01766486838,-0.1583546251,0,2.061110973,-0.110323444,161.8215485
0.1698278934,0.237637952,0.01321783382,0.009983861819,1,-0.5147892237,0.01656468026,-0.3299393952,0,0.5251595974,0.3056740463,37.06494522
0.1698278934,0.2424815297,0.0132429488,0.008444540203,1,-0.4908791184,0.01570623927,-0.401702255,0,0.6942706704,0.07276278734,32.52415848
0.1698278934,0.2473251075,0.0142029766,0.007685753517,1,-0.6545298696,0.01614915952,-0.3977105618,0,0.8261802793,-0.2016094178,28.41945076
0.1698278934,0.2521686852,0.01407435071,0.007494708989,1,-1.08379221,0.01594546996,-0.1466940194,23.2879734,0.592946887,-0.09982014447,28.03567314
0.1698278934,0.257012248,0.01182553265,0.007458716631,1,-1.150901198,0.01398126129,0.03827347234,29.10150337,0.2673805654,0.1126480103,32.24085617
0.1698278934,0.2618558407,0.009794949554,0.007134470157,1,-1.353909016,0.01211782545,0.1558634639,34.2420845,0.2755484581,0.3226864338,36.06894302
0.1698278934,0.2666994035,0.006602409296,0.006650696509,1,-1.657208443,0.009371423163,0.1583209634,42.52604294,0.2203937173,0.1643919945,45.20875549
0.1698278934,0.2715429962,0.002835626015,0.007105064578,1,-1.499249935,0.007650014013,-0.004842936993,38.33106613,0.2762532234,-0.1347089708,68.24310303
0.1698278934,0.276386559,0.0006787294988,0.007279712707,1,-1.209671974,0.007311285008,-0.1787949204,27.99984741,0.5221974254,-0.07295111567,84.67338562
0.1698278934,0.2812301517,-0.0004942108062,0.006592401769,1,-0.8771303296,0.006610900164,-0.2112618089,9.324300766,0.772162497,-0.1799856722,94.28725433
0.1698278934,0.2860737145,0.0001703098242,0.007128224242,1,-0.4696516097,0.007130258717,-0.1409011185,0,1.0979743,-0.4086606205,88.63132477
0.1698278934,0.2909172773,0.002549109515,0.007889311761,1,-0.3846617639,0.008290911093,0.002987489104,0,1.115584135,-0.3269696832,72.0938797
0.1698278934,0.29576087,0.003710589372,0.008726397529,1,-0.5002622604,0.009482535534,-0.02810558677,0,1.022768021,-0.4755456746,66.96411133
0.1698278934,0.3006044328,0.005079906899,0.01005652267,1,-0.3987984359,0.01126672607,-0.1135097146,0,1.240449667,-0.811504364,63.20003891
0.1698278934,0.3054480255,0.007787192706,0.01210718881,1,-0.2486955523,0.01439529099,-0.1844131947,0,1.314152718,-1.185323238,57.25138474
0.1698278934,0.3102915883,0.01024053153,0.01490450837,1,-0.5316265821,0.01808349602,-0.112894237,0,0.9824534655,-1.807129145,55.50797653
0.1698278934,0.315135181,0.00997080747,0.02031334676,1,-1.253994584,0.02262850106,0.03660190105,28.52544022,0.6071305275,-2.540727377,63.85588074
0.1698278934,0.3199787438,0.007107394747,0.02738800272,1,-2.23703289,0.02829518914,0.0194208622,57.47713852,-0.3486680984,-2.366889715,75.45220947
0.1698278934,0.3248223364,-0.002553236205,0.03187162802,1,-3.058763742,0.0319737345,-0.6999572515,58.84902191,-1.935943365,-1.005182624,94.58018494
0.1698278934,0.3296658993,-0.01708485745,0.02886638604,1,-2.810538769,0.03354341537,-0.12785393,50.57366943,-2.025537491,1.910654068,120.6195831
0.1698278934,0.3345094621,-0.0259770751,0.02199798636,1,-1.77101469,0.03403997421,-0.2440719604,45.16958237,-0.2482090592,3.276282787,139.7413025
0.1698278934,0.3393530548,-0.0268651247,0.01181527413,1,-0.65706563,0.02934852056,-0.1513570547,0,0.8088256121,2.821807623,156.2601318
0.1698278934,0.3441966176,-0.02524201386,0.007597231772,1,0.4550202787,0.02636052482,-0.02060008049,0,1.372512341,0.6701732874,163.2494812
0.1698278934,0.3490402102,-0.01801332831,0.008469459601,1,1.261569858,0.01990506798,0.1509011239,0,1.723274589,-0.2092562467,154.8181458
0.1746714562,0.237637952,0.01268251427,0.01207638811,1,-0.4145373106,0.01751243323,-0.5347208977,0,0.1601040959,0.07106611133,43.59761429
0.1746714562,0.2424815297,0.01206633076,0.01060929988,1,-0.3030978143,0.01606715843,-0.5648881793,0,0.3515531123,-0.1375963092,41.32349014
0.1746714562,0.2473251075,0.01291721128,0.01000676677,1,-0.3367245495,0.01633981988,-0.3645735085,0,0.5212472677,-0.343614012,37.76440048
0.1746714562,0.2521686852,0.01296008099,0.01050778106,1,-0.6677994132,0.01668463834,-0.1413021982,12.60175228,0.4373735487,-0.3662025034,39.03446579
0.1746714562,0.257012248,0.01180112734,0.01109608728,1,-1.013127923,0.01619844884,0.1589458585,23.63084984,0.4193907678,-0.1690044105,43.23633194
0.1746714562,0.2618558407,0.01008426864,0.01209623367,1,-1.437524676,0.01574837603,0.1382252276,36.19141769,0.3340816498,-0.1102205813,50.18304062
0.1746714562,0.2666994035,0.006456515286,0.01229945384,1,-1.93070519,0.01389111765,-0.09532620013,49.65275955,0.2737976313,-0.1352479309,62.30307388
0.1746714562,0.2715429962,0.002058908343,0.01228959765,1,-1.821220994,0.0124608716,-0.1491402984,46.10686874,0.3909641504,-0.1877424121,80.4894104
0.1746714562,0.276386559,-0.0004710448557,0.01248642616,1,-1.427836299,0.01249530818,-0.3085954189,32.86532211,0.5892189741,-0.1387728453,92.16043091
0.1746714562,0.2812301517,-0.002002999652,0.0114670489,1,-1.104375601,0.01164067071,-0.4518257976,12.81798267,0.8790230155,-0.1491199285,99.90813446
0.1746714562,0.2860737145,-0.001562557416,0.01102024689,1,-0.4505645633,0.01113047265,-0.3963079453,0,1.190650225,-0.3286653757,98.07015228
0.1746714562,0.2909172773,0.00158165209,0.011139418,1,-0.1690458357,0.01125114504,-0.1642966568,0,1.053748488,-0.4178226888,81.91876221
0.1746714562,0.29576087,0.002722568577,0.01224821992,1,-0.3777986169,0.01254716236,0.01100212336,0,0.7669537663,-0.4909066558,77.46788025
0.1746714562,0.3006044328,0.003466555383,0.01357045211,1,-0.3292981982,0.01400621887,0.07654955983,0,0.7515484691,-0.584594965,75.67031097
0.1746714562,0.3054480255,0.004767770413,0.0154505251,1,-0.2696134448,0.01616942696,-0.06440803409,0,0.6991108656,-0.9544050694,72.85066223
0.1746714562,0.3102915883,0.005546859466,0.01788122207,1,-0.3449635506,0.01872179843,-0.06876671314,0,0.3741500974,-1.554020166,72.76580811
0.1746714562,0.315135181,0.00490913773,0.02264446579,1,-0.274717629,0.02317048796,0.1314225793,0,-0.3234356642,-1.918531418,77.76802063
0.1746714562,0.3199787438,0.002649657428,0.0278103333,1,-0.4880318642,0.02793627232,-0.194162786,0,-1.541523457,-1.502903223,84.55751801
0.1746714562,0.3248223364,-0.004921171814,0.02898345143,1,-0.8318648338,0.02939827181,-0.3630246818,0,-2.563838959,-0.3296194971,99.63648224
0.1746714562,0.3296658993,-0.01379769761,0.02764853276,1,-0.7167913318,0.03090012632,-0.08802288771,0,-2.063962698,1.485090494,116.5209808
0.1746714562,0.3345094621,-0.01838992909,0.02136397734,1,-0.3522583842,0.02818880975,-0.01646566391,0,-1.106042385,2.646633148,130.7216034
0.1746714562,0.3393530548,-0.02086109109,0.01474960614,1,-0.5529264808,0.02554869838,-0.06855797768,14.16282177,0.06771548092,2.262916327,144.738205
0.1746714562,0.3441966176,-0.02074008621,0.01007129997,1,-0.03239321709,0.02305606753,0.08396333456,0,0.8159541488,1.529643774,154.0989838
0.1746714562,0.3490402102,-0.01706585288,0.007747340482,1,0.507925868,0.0187420547,-0.1370176971,0,1.009226203,0.8225837946,155.5834961
0.179515034,0.237637952,0.01097208913,0.01276717801,1,-0.2786915302,0.01683411933,-0.6274023652,0,-0.1885966659,-0.1518076807,49.32429504
0.179515034,0.2424815297,0.009840415791,0.0116153881,1,-0.1849078834,0.01522337086,-0.5392881036,0,0.1437670887,-0.3481530547,49.72912979
0.179515034,0.2473251075,0.01077282056,0.01184140053,1,-0.1590464264,0.01600851119,-0.2927151918,0,0.5256763101,-0.5471352935,47.70536041
0.179515034,0.2521686852,0.01161621604,0.01284769177,1,-0.3405841291,0.01732049882,-0.021420151,0,0.547867775,-0.5490931273,47.8817482
0.179515034,0.257012248,0.01177681331,0.01439722162,1,-0.8202329278,0.0186003577,0.1534824073,16.98256302,0.4722207189,-0.4385754168,50.71710587
0.179515034,0.2618558407,0.00993059203,0.01571536995,1,-1.368858337,0.01859003864,0.1614489704,35.31181717,0.06998246908,-0.4437110424,57.71107483
0.179515034,0.2666994035,0.005485607311,0.01732836105,1,-1.811413765,0.01817591675,0.02120399475,47.11524963,0.009712398052,-0.4133031666,72.43386841
0.179515034,0.2715429962,0.001203910913,0.01781993918,1,-1.724365115,0.01786056161,-0.1892622709,43.96498871,0.2845746279,-0.1316809952,86.13497925
0.179515034,0.276386559,-0.001488130074,0.0170494616,1,-1.310191154,0.01711428352,-0.3419547677,31.54941559,0.3586539924,-0.007324680686,94.98830414
0.179515034,0.2812301517,-0.003404933494,0.01619913243,1,-1.063642383,0.01655310951,-0.4076200724,18.41786766,0.6810699701,-0.0005041509867,101.8703384
0.179515034,0.2860737145,-0.003341149306,0.01507756393,1,-0.3311788738,0.01544332225,-0.4105898738,0,0.9783278704,0.08225612342,102.4946899
0.179515034,0.2909172773,-0.0002704264771,0.01381200179,1,-0.01323875785,0.01381464861,-0.3884367943,0,0.9892295599,-0.2219322324,91.1216507
0.179515034,0.29576087,0.001386138028,0.01427108608,1,-0.06398549676,0.01433824468,-0.08491811156,0,0.6605651379,-0.3904109001,84.45230865
0.179515034,0.3006044328,0.002619153121,0.01529167965,1,-0.08577801287,0.01551436167,0.04505349696,0,0.3885214925,-0.4769133329,80.28070831
0.179515034,0.3054480255,0.002852499485,0.01679927297,1,-0.1752938032,0.01703972742,-0.05117696524,2.876689434,0.1260112822,-0.690354526,80.36314392
0.179515034,0.3102915883,0.002380449325,0.01838758588,1,-0.2033131272,0.01854103059,-0.1943452358,0,-0.1141544729,-0.8711392879,82.62354279
0.179515034,0.315135181,0.001314820489,0.02007737756,1,0.03255906701,0.02012038417,-0.1840725541,0,-0.7537022829,-0.988799274,86.25318146
0.179515034,0.3199787438,-0.001112463651,0.02228534222,1,0.1536284685,0.0223130919,-0.1601065397,0,-1.644866467,-0.8631637096,92.85778046
0.179515034,0.3248223364,-0.005908106919,0.02348268963,1,0.07836997509,0.02421450987,0.005364849232,0,-1.978948236,-0.006181173027,104.1221695
0.179515034,0.3296658993,-0.01031806227,0.02234126627,1,0.2903376818,0.02460883185,0.09553623199,0,-1.803597093,1.155852675,114.7893219
0.179515034,0.3345094621,-0.01323767379,0.01834698021,1,0.001048147678,0.0226240512,0.09512805939,0,-1.222982407,1.647672415,125.8111267
0.179515034,0.3393530548,-0.01623659581,0.01482139714,1,-0.335929513,0.02198410407,0.2032256722,0,-0.5288692713,1.574261427,137.608963
0.179515034,0.3441966176,-0.01742639393,0.0117062619,1,0.06352706254,0.02099323086,0.2405045629,0,0.2552157044,1.050619364,146.1085815
0.179515034,0.3490402102,-0.01469274051,0.01089754328,1,0.1602505147,0.01829297841,0.1206834465,0,0.9685204029,0.4546168447,143.4358368
0.1843586117,0.237637952,0.008908350021,0.01251276955,1,0.01021948457,0.01535995118,-0.656537652,0,-0.4811150432,-0.5279108286,54.5513916
0.1843586117,0.2424815297,0.007767940406,0.01220126264,1,-0.09395179898,0.01446415205,-0.2559247613,0,0.08176664263,-0.4232607484,57.51711273
0.1843586117,0.2473251075,0.008849330246,0.01332327444,1,-0.05496218801,0.01599438302,-0.09171777964,0,0.556412816,-0.6305352449,56.40785217
0.1843586117,0.2521686852,0.01019675564,0.01481106691,1,-0.2459322661,0.01798169874,0.027595222,0,0.5702646971,-0.8050370216,55.45433044
0.1843586117,0.257012248,0.01042025723,0.01735618711,1,-0.5801218748,0.02024398558,0.01898881793,13.28302383,0.2746358514,-0.8593503237,59.02036285
0.1843586117,0.2618558407,0.008717110381,0.01906537078,1,-1.126302242,0.02096369117,-0.01237726212,29.21412849,-0.08414691687,-0.789495647,65.42906952
0.1843586117,0.2666994035,0.004557352513,0.02112022042,1,-1.334046602,0.02160632238,0.08876226842,33.32313156,-0.3615421057,-0.5212583542,77.82332611
0.1843586117,0.2715429962,0.0005043946439,0.02202005312,1,-1.219778776,0.02202582918,-0.09783755243,31.32496643,-0.1676582694,0.01584139839,88.68780518
0.1843586117,0.276386559,-0.002162806923,0.02056960762,1,-0.9179623127,0.02068299986,-0.156370163,23.52849197,-0.007835894823,0.2776797712,96.00234985
0.1843586117,0.2812301517,-0.003979781177,0.01991769858,1,-0.4761186242,0.02031140961,-0.2038519084,8.678391457,0.2717117071,0.4581923783,101.29953
0.1843586117,0.2860737145,-0.003152867546,0.01736294478,1,-0.1887377799,0.01764688268,-0.3680571318,0,0.7265781164,0.441831708,100.2919617
0.1843586117,0.2909172773,-0.001374717685,0.01599495113,1,0.001960247755,0.01605391875,-0.2916403115,0,0.7357471585,0.03978982568,94.912323
0.1843586117,0.29576087,0.0004202756681,0.0157576371,1,0.1035509259,0.01576323994,-0.1350192577,0,0.4641134143,-0.1087592095,88.47221375
0.1843586117,0.3006044328,0.001374808722,0.01586775854,1,-0.01235479116,0.01592720486,-0.1292367876,0,0.1684025228,-0.3671358526,85.04816437
0.1843586117,0.3054480255,0.001176104997,0.01690991968,1,-0.08657068014,0.01695077121,-0.04395899177,0,-0.1175565794,-0.5488151908,86.02141571
0.1843586117,0.3102915883,0.0003861024452,0.0183130689,1,-0.07129624486,0.01831713878,-0.1768900007,0,-0.3308575749,-0.5745770931,88.79218292
0.1843586117,0.315135181,-0.0007717582048,0.01883614808,1,-0.04353399575,0.01885195076,-0.2731018066,0,-0.5124049783,-0.4354021549,92.34622192
0.1843586117,0.3199787438,-0.002306631301,0.01909918338,1,-0.01829352975,0.01923796721,-0.1641336381,0,-0.8392063975,-0.2018170357,96.88632965
0.1843586117,0.3248223364,-0.004925125744,0.01901867054,1,0.1338639855,0.01964603551,-0.02555529773,0,-1.254908562,0.3032898307,104.5185318
0.1843586117,0.3296658993,-0.007736498024,0.0175063964,1,0.2190632224,0.01913967915,0.03341308236,0,-1.256195068,0.7732362747,113.8417892
0.1843586117,0.3345094621,-0.009948539548,0.01543529052,1,-0.06394049525,0.01836359501,0.1148331761,0,-0.8682620525,0.8769370317,122.8030853
0.1843586117,0.3393530548,-0.01225169376,0.01381508727,1,-0.2611566484,0.01846511848,0.2216504216,0,-0.6757309437,1.137405634,131.5677338
0.1843586117,0.3441966176,-0.01448642742,0.01099975873,1,-0.08741409332,0.01818931662,0.3602365255,0,-0.3312119246,0.8047072887,142.7900696
0.1843586117,0.3490402102,-0.01427934133,0.01166225877,1,0.3255573213,0.01843659021,0.6539120674,0,-0.2400480211,0.3803547621,140.7607269
0.1892021894,0.237637952,0.00523512112,0.01038736105,1,0.9425147176,0.011632015,-0.4185459018,0,-0.3992771506,-1.277057052,63.25237274
0.1892021894,0.2424815297,0.006550727878,0.01246649399,1,0.008761286736,0.01408280898,0.2796165049,0,0.4122933149,-0.6319580078,62.27957153
0.1892021894,0.2473251075,0.007274531759,0.0148026431,1,-0.335246563,0.01649354585,0.4480120242,0,0.6036201715,-0.4468866289,63.82889557
0.1892021894,0.2521686852,0.007850616239,0.01680100523,1,-0.3658396602,0.01854470186,0.155410409,0,0.4550147057,-0.6156455874,64.95469666
0.1892021894,0.257012248,0.007706457283,0.01853730716,1,-0.2120548189,0.02007538825,-0.1847445369,0,-0.1603884399,-1.002760887,67.42603302
0.1892021894,0.2618558407,0.006046658382,0.02076313086,1,-0.2563329935,0.02162567154,-0.3426359296,0,-0.6346774697,-1.065542459,73.76333618
0.1892021894,0.2666994035,0.003390778787,0.02203876153,1,-0.252512753,0.02229808085,-0.1645123065,0,-0.8293119669,-0.6089845896,81.25333405
0.1892021894,0.2715429962,0.0008067562012,0.02291596681,1,-0.1901799142,0.02293016389,-0.127937451,0,-0.6958048344,-0.007978260517,87.98373413
0.1892021894,0.276386559,-0.0009005574975,0.02145772986,1,-0.2866500616,0.02147661895,-0.2101669014,0,-0.3285505176,0.4287534058,92.40322876
0.1892021894,0.2812301517,-0.002173015615,0.01982130669,1,-0.1818316132,0.01994006522,0.08493454754,0,-0.2482758611,0.4868610501,96.25636292
0.1892021894,0.2860737145,-0.002983816434,0.01951096766,1,0.01852558181,0.01973780617,0.07152047753,0,0.1224309355,0.5784099102,98.69488525
0.1892021894,0.2909172773,-0.001490283874,0.01736615598,1,0.4770652056,0.01742998324,-0.1127371341,11.09681225,0.1813725829,0.6085208654,94.90483856
0.1892021894,0.29576087,0.0002053780627,0.01601749845,1,0.3816845417,0.01601881534,-0.0723534748,9.717987061,-0.02962714434,0.1751834154,89.26538849
0.1892021894,0.3006044328,0.0002149335924,0.01616719179,1,-0.09205270559,0.01616862044,-0.2240482122,0,0.04580044001,-0.3544666767,89.23832703
0.1892021894,0.3054480255,-1.864837395e-05,0.01664919034,1,-0.20590958,0.01664920151,-0.1861965656,0,-0.09846741706,-0.3850554824,90.06417084
0.1892021894,0.3102915883,-0.001259339973,0.0171303805,1,-0.01187944412,0.01717660762,-0.0140735209,0,-0.421317935,-0.2529824376,94.20452881
0.1892021894,0.315135181,-0.002116873628,0.01780636422,1,-0.08691795915,0.01793175377,0.0692589283,0,-0.2487087846,-0.1741162539,96.77966309
0.1892021894,0.3199787438,-0.002884974238,0.01830918714,1,-0.5652066469,0.01853508689,-0.2803994417,12.6691103,0.06020712852,-0.06355504692,98.95445251
0.1892021894,0.3248223364,-0.00456287805,0.01675606146,1,-0.7278244495,0.01736621559,-0.5067252517,13.59025478,-0.0001538693905,0.1360743195,105.2329712
0.1892021894,0.3296658993,-0.006410993636,0.01519573759,1,-0.63978374,0.0164927654,-0.3807919621,12.71417332,-0.1594378054,0.09507164359,112.8746033
0.1892021894,0.3345094621,-0.008433957584,0.01445118617,1,-0.4818050265,0.01673225686,-0.339312464,7.438055515,-0.18772237,0.1525477469,120.2685699
0.1892021894,0.3393530548,-0.009653901681,0.0128133744,1,-0.1351300776,0.01604308002,-0.1898242682,0,-0.5564950705,0.6206877232,126.9952393
0.1892021894,0.3441966176,-0.01178389788,0.0105254082,1,0.3804219067,0.01580014266,0.1721954644,0,-0.3864685595,1.133341312,138.2286835
0.1892021894,0.3490402102,-0.009683188982,0.008157989942,1,1.1109972,0.01266163215,0.2373193204,0,-0.2435795963,1.214865685,139.8862
0.1940457672,0.237637952,0.0006955652498,0.006013696548,1,2.010795832,0.006053788587,0.7437785268,0,0.2048314214,-2.618242264,83.40228271
0.1940457672,0.2424815297,0.006061346736,0.01415580139,1,0.493498981,0.01539891679,1.122960091,0,1.191044331,-1.32503438,66.81996155
0.1940457672,0.2473251075,0.008854781277,0.01787074842,1,-0.4366592765,0.01994419098,0.8043265343,0,0.8302163482,-0.1518132389,63.64203644
0.1940457672,0.2521686852,0.007967570797,0.01878693886,1,-0.8421639204,0.02040664665,-0.003138434142,0,-0.0221363008,0.05143106729,67.01812744
0.1940457672,0.257012248,0.004668482579,0.01760643721,1,-0.4345282018,0.01821486652,-0.7876469493,0,-0.818901062,-0.4667871594,75.14933014
0.1940457672,0.2618558407,0.001896488364,0.0172328297,1,0.3306419551,0.01733687147,-0.7825133801,0,-1.127082586,-0.9311660528,83.71981812
0.1940457672,0.2666994035,0.0008108601905,0.01832644828,1,0.5547773838,0.0183443781,-0.2912772298,0,-0.9781032801,-0.7740173936,87.46658325
0.1940457672,0.2715429962,-0.0001539236691,0.01957101934,1,0.4929175377,0.0195716247,0.01226896048,0,-0.8882712126,-0.4089508653,90.4506073
0.1940457672,0.276386559,-0.001104066148,0.02036665939,1,0.116217792,0.02039656229,-0.03945078328,0,-0.33430475,-0.04458158091,93.10293579
0.1940457672,0.2812301517,-0.001210244838,0.01959587075,1,0.1600117385,0.01963320747,-0.05934654176,0,0.06692521274,0.4568918347,93.53410339
0.1940457672,0.2860737145,-4.879353583e-06,0.01786621846,1,0.5704873204,0.01786621846,0.0954592824,0,-0.1086590886,1.134597182,90.01564026
0.1940457672,0.2909172773,0.001026649261,0.01456274092,1,0.6740936041,0.01459888462,0.09631976485,0,-0.4834866226,0.9429670572,85.96740723
0.1940457672,0.29576087,0.00091834052,0.01376541704,1,0.2116452456,0.01379601564,0.3508403301,0,-0.7182794809,-0.05644537508,86.1832428
0.1940457672,0.3006044328,-0.001427273033,0.01653546095,1,-0.3350495994,0.016596945,0.03927817941,0,-0.1829846799,-0.7173746824,94.93330383
0.1940457672,0.3054480255,-0.001590798725,0.01743032411,1,-0.1076062322,0.0175027661,-0.3458022177,0,0.2149378955,-0.3033668101,95.21471405
0.1940457672,0.3102915883,-0.0009074038244,0.01632992178,1,0.1973823309,0.01635511406,0.1368874311,0,-0.1331413984,0.008433312178,93.18048096
0.1940457672,0.315135181,-0.001279642805,0.0180525016,1,-0.3672360182,0.01809779927,0.7714301348,0,-0.2656015158,-0.4257225096,94.05459595
0.1940457672,0.3199787438,-0.003972601611,0.02212842368,1,-1.350162268,0.02248218469,0.2390219718,0,0.2268688083,-0.6881228089,100.177597
0.1940457672,0.3248223364,-0.006720402278,0.02254319936,1,-1.726211667,0.02352359705,-0.6823967099,0,0.6634012461,-0.208483696,106.5999603
0.1940457672,0.3296658993,-0.009120406583,0.0198329892,1,-1.384024739,0.02182955109,-1.146088719,0,0.5307794809,0.02732360363,114.6958313
0.1940457672,0.3345094621,-0.010853149,0.01685970277,1,-0.6050692201,0.02005094662,-1.331371069,0,0.3894504309,0.3324436545,122.7707214
0.1940457672,0.3393530548,-0.01016477309,0.01177417301,1,0.4922593832,0.01555486303,-1.093838096,0,0.0631545186,0.8828901649,130.8044128
0.1940457672,0.3441966176,-0.008162958547,0.007285265252,1,0.9703042507,0.01094115991,0.05873411894,0,-0.3676087558,1.436416626,138.25177
0.1940457672,0.3490402102,-0.007245570421,0.005101260729,1,0.8204914927,0.008861215785,0.0523622632,0,-0.4416866899,0.9541741014,144.8524628
