PIVlab, ASCII chart output - 13-Mar-2024
FRAME: 36, filenames: A:[36]2 vortices tapados mismo sentido clase 4.mp4 & B:[37]2 vortices tapados mismo sentido clase 4.mp4, conversion factor xy (px -> m): 0.00030272, conversion factor uv (px/frame -> m/s): 0.0090842
x [m],y [m],u [m/s],v [m/s],Vector type [-],vorticity [1/s],magnitude [m/s],divergence [1/s],dcev [1],simple shear [1/s],simple strain [1/s],vector direction [degrees]
0.1262357086,0.237637952,0.009794244543,-0.001816456439,1,0.4306836724,0.009961262345,-1.36783433,0,-0.4635596871,0.03537648916,-10.50678921
0.1262357086,0.2424815297,0.009714625776,-0.005214736797,1,-0.2326415777,0.01102576219,-0.8695003986,0,0.09806314856,0.02914595604,-28.2265625
0.1262357086,0.2473251075,0.009142403491,-0.00616911985,1,-0.4796972871,0.01102912426,-0.405259192,0,0.2136228681,-0.059175089,-34.01073074
0.1262357086,0.2521686852,0.008425873704,-0.006891021971,1,-0.5248134136,0.010884922,-0.09222090244,0,0.2864169478,0.2595614493,-39.2776947
0.1262357086,0.257012248,0.007987713441,-0.00787300244,1,-0.4675644934,0.01121551264,0.2185922414,0,0.3365865052,0.4349833727,-44.58562088
0.1262357086,0.2618558407,0.007791471668,-0.007939129137,1,-0.372772038,0.01112370472,0.2029348016,0,0.2039892226,0.3137070537,-45.53779984
0.1262357086,0.2666994035,0.007170200814,-0.008409536444,1,-0.4246701598,0.01105133817,0.1383987367,0,0.007326573133,0.2401894033,-49.54818344
0.1262357086,0.2715429962,0.005770035554,-0.008432160132,1,-0.5168371797,0.01021736953,0.1675086617,0,0.03717710078,0.3918533325,-55.61658859
0.1262357086,0.276386559,0.004846930038,-0.009496167302,1,-0.5072158575,0.01066160947,0.1618686467,0,0.309446454,0.6099846363,-62.95982361
0.1262357086,0.2812301517,0.004812124185,-0.01060264464,1,-0.48426494,0.01164356526,0.3401798308,0,0.5439910889,0.5230166912,-65.58857727
0.1262357086,0.2860737145,0.005136218388,-0.01038175169,1,-0.4289908707,0.01158281136,0.4793584943,0,0.4891783893,0.3266501427,-63.67677307
0.1262357086,0.2909172773,0.005103646312,-0.009862991981,1,-0.222463578,0.01110521518,0.2982007861,0,0.1436957419,0.1711024195,-62.64050293
0.1262357086,0.29576087,0.004754700232,-0.009766140953,1,-0.1212476268,0.01086207572,0.1016069949,0,-0.1100192145,0.2500941753,-64.04061127
0.1262357086,0.3006044328,0.003983487375,-0.01058220118,1,-0.05849523097,0.01130712777,0.03098540008,0,-0.2343491912,0.3831950426,-69.37201691
0.1262357086,0.3054480255,0.003336285474,-0.01147209574,1,0.2844861448,0.01194737572,-0.1202950627,0,-0.3172402084,0.4283354282,-73.78465271
0.1262357086,0.3102915883,0.003824840533,-0.0132395355,1,0.5030083656,0.01378095429,-0.5997146368,0,-0.3908340037,0.2449174523,-73.88624573
0.1262357086,0.315135181,0.003879610682,-0.0155631369,1,-0.1771568954,0.01603940874,-0.6092363596,0,-0.1573839188,-0.1003217399,-76.00247955
0.1262357086,0.3199787438,0.002204466145,-0.01570450328,1,-0.4355445802,0.01585847139,-0.6364959478,0,-0.5906595588,-0.2383456379,-82.00950623
0.1262357086,0.3248223364,-0.001090888632,-0.01749160886,1,-1.39026165,0.01752559282,-0.2603595853,0,-0.06281650066,-0.1093702763,-93.5687027
0.1262357086,0.3296658993,-0.004833630752,-0.01643583179,1,-1.411045313,0.01713185757,0.4686674178,0,-0.2389069796,-0.2747856081,-106.3881454
0.1262357086,0.3345094621,-0.009082536213,-0.01389064733,1,-0.6308549643,0.01659646258,0.8329517841,0,-0.9503785372,0.1689895391,-123.1790619
0.1262357086,0.3393530548,-0.01249245834,-0.01321987901,1,-0.1909994483,0.01818864234,0.8112387657,0,-0.27614972,0.5485622883,-133.3795013
0.1262357086,0.3441966176,-0.01134520955,-0.01261835359,1,0.8353518248,0.01696869545,0.1772907525,0,1.313863993,0.2304469198,-131.9588318
0.1262357086,0.3490402102,-0.002082564402,-0.013477345,1,1.036417723,0.01363729779,-1.548693419,0,2.788282633,-1.194001675,-98.78405762
0.1310792714,0.237637952,0.006567322649,-0.003982118331,1,0.3494024873,0.007680298761,-0.3765637875,0,0.1098234057,-0.1982972622,-31.23067093
0.1310792714,0.2424815297,0.007679470815,-0.004413842224,1,-0.05012768507,0.008857554756,-0.1709518582,0,0.3495597541,-0.06608480215,-29.88850784
0.1310792714,0.2473251075,0.008017645217,-0.004490050022,1,-0.01670779288,0.009189297445,-0.04548610374,0,0.2544793487,0.06033590063,-29.24974632
0.1310792714,0.2521686852,0.008831135929,-0.004926399328,1,0.01616312563,0.01011228748,0.007267042994,0,0.3044444919,0.3036340475,-29.15471649
0.1310792714,0.257012248,0.009570530616,-0.005925524514,1,-0.1473425627,0.01125641633,0.02346608043,0,0.1910147071,0.357091397,-31.7634182
0.1310792714,0.2618558407,0.009042665362,-0.006542339455,1,-0.2525943518,0.01116118301,-0.01558984816,5.380475044,-0.05368174613,0.2812589407,-35.8856163
0.1310792714,0.2666994035,0.008087058552,-0.007363334764,1,-0.3030173481,0.0109370565,0.04650814831,6.216993332,-0.09296625108,0.1596722603,-42.31812286
0.1310792714,0.2715429962,0.007124688011,-0.007090458646,1,-0.2788069248,0.01005165558,0.176944375,4.70531559,-0.004221186042,0.2089568675,-44.86203384
0.1310792714,0.276386559,0.006716189906,-0.007518389728,1,-0.2659806013,0.0100813387,0.1247273609,1.792201757,0.2201280147,0.3357231915,-48.22553253
0.1310792714,0.2812301517,0.006902597379,-0.008112433366,1,-0.3085894585,0.01065163966,0.1272122264,0,0.3853932619,0.2592957318,-49.60665512
0.1310792714,0.2860737145,0.007088195067,-0.008158146404,1,-0.4025053084,0.01080730557,0.09955783933,6.234768867,0.265746206,0.2778977752,-49.01429749
0.1310792714,0.2909172773,0.00624019606,-0.008976234123,1,-0.2935377359,0.01093219221,-0.02051772177,6.390173435,-0.01238314807,0.3058529496,-55.19332886
0.1310792714,0.29576087,0.005606443621,-0.009738948196,1,-0.1542271525,0.0112374071,-0.07058870792,1.936708331,-0.1046009809,0.3489042819,-60.072155
0.1310792714,0.3006044328,0.004986541811,-0.01100808103,1,-0.1436693519,0.01208484452,-0.0984402746,0,-0.1710054427,0.5602458119,-65.62998962
0.1310792714,0.3054480255,0.004082291853,-0.01292934548,1,-0.08557095379,0.01355850603,-0.1609097123,0,-0.3316707313,0.7467138171,-72.47708893
0.1310792714,0.3102915883,0.002965599298,-0.01540422626,1,-0.0196929872,0.015687095,-0.1002312452,0,-0.3769303262,0.4336521626,-79.10282898
0.1310792714,0.315135181,0.002161215991,-0.01551525109,1,-0.1852637529,0.01566505246,-0.10231179,0,-0.40929842,0.03724033758,-82.06993866
0.1310792714,0.3199787438,8.57911291e-05,-0.01608015783,1,-0.2830721736,0.01608038694,-0.04586009681,0,-0.5732183456,-0.3015438914,-89.69431305
0.1310792714,0.3248223364,-0.001986293588,-0.01427682675,1,-0.5428795815,0.01441433839,0.1062524319,8.235902786,-0.3758385181,-0.4063828588,-97.92054749
0.1310792714,0.3296658993,-0.004364091437,-0.01359716896,1,-0.4616247416,0.01428034622,-0.09925585985,0,-0.502491951,-0.0192244947,-107.794342
0.1310792714,0.3345094621,-0.006656053476,-0.0146644637,1,-0.3883296847,0.0161043331,0.1185583025,0,-0.6099460721,0.08323840797,-114.4128189
0.1310792714,0.3393530548,-0.009199317545,-0.01342609432,1,-0.423311919,0.01627536304,0.5730212331,0,-0.3409381211,-0.08867190778,-124.4182358
0.1310792714,0.3441966176,-0.01035775803,-0.01145950146,1,-0.1915047914,0.01544679049,0.4975365996,0,0.289478898,-0.3678119183,-132.1091003
0.1310792714,0.3490402102,-0.008724772371,-0.009234711528,1,-0.1464304924,0.01270439103,-0.5351016521,0,0.820717454,-1.453754425,-133.3735962
0.1359228492,0.237637952,0.007009864785,-0.002976874588,1,0.2219049633,0.007615772076,0.1704652011,0,0.420866698,0.2951449752,-23.00944138
0.1359228492,0.2424815297,0.008566522039,-0.003278822638,1,0.1070819944,0.009172566235,0.102680698,0,0.3480495214,0.4905616045,-20.94426537
0.1359228492,0.2473251075,0.009214329533,-0.004855605774,1,0.1196978763,0.01041541062,0.07272987068,0,0.1621646285,0.5302198529,-27.78754807
0.1359228492,0.2521686852,0.009931745008,-0.005494710989,1,0.1204787344,0.01135039236,0.09541727602,1.599722862,0.006832480431,0.3800295591,-28.95344162
0.1359228492,0.257012248,0.009830970317,-0.006234145258,1,0.0181460306,0.0116409855,0.001109212637,0,-0.1943559349,0.3068689406,-32.38014603
0.1359228492,0.2618558407,0.009078258649,-0.006975681987,1,-0.03169739246,0.01144879591,-0.03638141602,0,-0.3114622235,0.2026968002,-37.53847122
0.1359228492,0.2666994035,0.008168850094,-0.007392139174,1,-0.1009182483,0.01101697981,0.001109695062,0,-0.1961934119,0.02722736076,-42.14250946
0.1359228492,0.2715429962,0.007639175281,-0.007102184929,1,-0.08326666057,0.01043062937,0.05617971346,0,-0.1421236247,0.00446728617,-42.91378403
0.1359228492,0.276386559,0.007077154703,-0.007141666021,1,-0.1342339516,0.01005432755,-0.01584751531,2.566610098,-0.06292869151,0.01287208125,-45.25994873
0.1359228492,0.2812301517,0.006684202701,-0.007241290528,1,-0.09089767188,0.009854687378,-0.04250472039,0.9475818276,0.06762901694,-0.04181049019,-47.29088974
0.1359228492,0.2860737145,0.006964451168,-0.007145028561,1,-0.108126536,0.009977726266,-0.1758230925,0,0.06714119017,0.08429729939,-45.73324966
0.1359228492,0.2909172773,0.006485687569,-0.008501200005,1,-0.1782542169,0.01069273334,-0.2344762832,0,0.0003464892507,0.2570497394,-52.65947342
0.1359228492,0.29576087,0.00610274123,-0.009525773115,1,-0.1196799502,0.01131299231,-0.080270648,1.32324183,0.06488316506,0.3767067194,-57.35411072
0.1359228492,0.3006044328,0.006220275071,-0.01071460545,1,-0.09918815643,0.01238929387,0.04930108786,0,0.1138318107,0.6972362399,-59.86304855
0.1359228492,0.3054480255,0.006173668895,-0.01266409736,1,-0.1563994437,0.0140887741,0.06988501549,3.054381847,-0.004739075899,0.9484162331,-64.01105499
0.1359228492,0.3102915883,0.005439788103,-0.01496983971,1,-0.3997383714,0.01592756808,0.1193370819,7.760644436,-0.1389618516,0.941904068,-70.02970886
0.1359228492,0.315135181,0.003564432496,-0.0166482646,1,-0.3726228178,0.01702556573,0.1250340939,0,-0.6427417994,0.5668576956,-77.91529083
0.1359228492,0.3199787438,0.0005217905855,-0.0171098467,1,-0.2842527628,0.01711780019,0.2045259178,0,-0.9770098925,0.2116010636,-88.2532196
0.1359228492,0.3248223364,-0.002544591436,-0.01668253355,1,-0.04595082998,0.01687548123,0.01536251232,0,-1.17820406,-0.08292673528,-98.67248535
0.1359228492,0.3296658993,-0.005407498684,-0.01663377509,1,-0.00183314085,0.01749067008,-0.1309222579,0,-1.146191359,-0.485717237,-108.0089035
0.1359228492,0.3345094621,-0.00810511969,-0.01496406179,1,-0.3577269912,0.01701811142,-0.1069434881,0,-0.6206777692,-0.8941465616,-118.4417114
0.1359228492,0.3393530548,-0.01014647819,-0.01282089576,1,-0.294326365,0.01635011844,0.05787941813,3.334430218,-0.2448946834,-0.9073959589,-128.3581543
0.1359228492,0.3441966176,-0.01071687881,-0.01028867532,1,-0.3560544848,0.01485625561,0.01278719306,7.740448952,0.03206862509,-0.8188294172,-136.1678314
0.1359228492,0.3490402102,-0.01171572879,-0.008792895824,1,-0.5539028645,0.01464832108,0.0475384295,0,0.1414610744,-0.5700938702,-143.1110229
0.1407664269,0.237637952,0.008822541684,-0.003018431598,1,0.5432406664,0.00932460092,-0.0897424072,0,0.1712494344,0.004512615502,-18.88721275
0.1407664269,0.2424815297,0.01055288594,-0.003246697364,1,0.3394570947,0.01104103494,0.08425982296,6.860793114,0.09731452912,0.3456218839,-17.10102081
0.1407664269,0.2473251075,0.0109380791,-0.004284359049,1,0.04275093228,0.01174722612,0.1440485567,0,0.07722517848,0.6044843197,-21.38988686
0.1407664269,0.2521686852,0.01113399956,-0.00547685381,1,0.0544208996,0.01240813732,0.005110472441,1.002594113,-0.02878533676,0.5564465523,-26.19273567
0.1407664269,0.257012248,0.01106224675,-0.006954794284,1,0.06869664788,0.01306684595,-0.05912192166,0,-0.334155947,0.4406219721,-32.15742874
0.1407664269,0.2618558407,0.009848226793,-0.00789740216,1,-0.04017585516,0.01262365002,-0.06370323896,0,-0.5457413197,0.1159187704,-38.72650909
0.1407664269,0.2666994035,0.008224311285,-0.007824807428,1,-0.04738888144,0.01135195605,-0.05852192268,0,-0.4542631209,-0.1662656665,-43.57405472
0.1407664269,0.2715429962,0.007418436464,-0.007375536952,1,-0.04036151618,0.01046096254,-0.115045473,0,-0.2739790678,-0.2496134192,-44.83385086
0.1407664269,0.276386559,0.006701778155,-0.007173017133,1,-0.06974178553,0.009816618636,-0.1591126174,0,-0.1210730225,-0.1655004472,-46.94522476
0.1407664269,0.2812301517,0.006494210102,-0.007344597019,1,-0.04878155142,0.009803972207,-0.1261269003,0,0.03703498095,-0.09800587595,-48.51637268
0.1407664269,0.2860737145,0.006644882727,-0.007309223525,1,-0.1218692437,0.009878219105,-0.1653876305,0,0.09199915081,-0.007121749222,-47.72573471
0.1407664269,0.2909172773,0.006349532399,-0.008111167699,1,-0.2559765875,0.01030085422,-0.1198449358,0,0.3380176127,0.1972303689,-51.94567871
0.1407664269,0.29576087,0.007042254787,-0.00884500239,1,-0.0845490247,0.01130607817,0.02252775431,0,0.549684763,0.4076014757,-51.47373962
0.1407664269,0.3006044328,0.008602453396,-0.009976302274,1,-0.04810646176,0.01317303441,0.06422191858,0,0.4552969038,0.7558107376,-49.22917175
0.1407664269,0.3054480255,0.009014513344,-0.01219476666,1,-0.2535499632,0.0151648866,0.1521165967,2.958296776,0.1510121077,1.011983633,-53.52775955
0.1407664269,0.3102915883,0.008105803281,-0.01414113492,1,-0.515438199,0.01629956253,0.1965486705,9.368075371,-0.2075946331,1.152211428,-60.17834473
0.1407664269,0.315135181,0.005512447562,-0.01682359353,1,-0.5665256977,0.01770368218,0.07009917498,0,-0.6731506586,1.163184881,-71.85800934
0.1407664269,0.3199787438,0.00210133451,-0.01943558082,1,-0.2080006003,0.01954884641,0.1450513303,0,-1.407745838,0.7515016794,-83.82926941
0.1407664269,0.3248223364,-0.002313546138,-0.01976098306,1,0.03035467863,0.01989595219,0.1536557078,0,-1.98183918,0.09262146056,-96.67758179
0.1407664269,0.3296658993,-0.00735083269,-0.01913995668,1,-0.2040202022,0.02050299197,-0.3608342707,0,-1.693625212,-1.15010798,-111.0096359
0.1407664269,0.3345094621,-0.01150491089,-0.01593808644,1,-0.2430070937,0.01965669356,-0.3549581766,0,-0.988145709,-1.584067941,-125.8236389
0.1407664269,0.3393530548,-0.01331401709,-0.01318666805,1,-0.1836722791,0.01873903163,-0.2634442449,0,-0.3855300248,-1.576211214,-135.2753448
0.1407664269,0.3441966176,-0.01426188648,-0.009579597041,1,0.03679285944,0.01718051545,-0.8576298952,0,0.3881424069,-2.368910551,-146.1110535
0.1407664269,0.3490402102,-0.01125581004,-0.005866662133,1,0.44004637,0.01269295067,0.3400187194,0,0.8012126088,-1.193113804,-152.4709473
0.1456100047,0.237637952,0.006597047672,-0.004778643139,1,0.6815780997,0.008145947941,0.4473158717,0,0.9914165139,0.3122982979,-35.91810226
0.1456100047,0.2424815297,0.01064868737,-0.004451659042,1,0.6632099152,0.0115417419,0.6647855043,0,0.6256842613,0.6462008953,-22.68725204
0.1456100047,0.2473251075,0.01283990685,-0.004688627087,1,0.2644698322,0.01366917789,0.3290512264,0,0.1490680575,0.6276048422,-20.06019783
0.1456100047,0.2521686852,0.01265169028,-0.005897726864,1,-0.02108871937,0.01395881269,0.1313088238,0,-0.2186335176,0.8532485962,-24.99310493
0.1456100047,0.257012248,0.01167879533,-0.008185393177,1,-0.2180340141,0.01426165923,-0.09851595759,0,-0.4675174356,0.6296030283,-35.02571106
0.1456100047,0.2618558407,0.009331168607,-0.009424427524,1,-0.2868123055,0.0132623734,-0.250575304,0,-0.6626349092,-0.007475465536,-45.28488922
0.1456100047,0.2666994035,0.007080073934,-0.009362866171,1,-0.1217820644,0.01173842885,-0.1075818464,0,-0.5922040343,-0.3534120619,-52.90391922
0.1456100047,0.2715429962,0.005872921553,-0.00823372975,1,-0.07347658277,0.01011363044,-0.0652872771,0,-0.2517391741,-0.4725427032,-54.50065231
0.1456100047,0.276386559,0.005504866131,-0.007390292827,1,-0.04853447154,0.009215204045,-0.09801514447,0,-0.008102048188,-0.3887296319,-53.31838989
0.1456100047,0.2812301517,0.00559859816,-0.006825631484,1,-0.1141832471,0.008827998303,-0.09352102876,0,0.2430182695,-0.3580264449,-50.64031601
0.1456100047,0.2860737145,0.006128888577,-0.006109140348,1,-0.1525657475,0.008653604425,-0.03060621023,0,0.4130995572,-0.278665036,-44.90754318
0.1456100047,0.2909172773,0.00686050998,-0.005624142941,1,-0.2232076824,0.008871166036,-0.01990481466,0,0.6479386091,0.05125585943,-39.34438324
0.1456100047,0.29576087,0.008186105639,-0.006453812588,1,-0.1199159324,0.01042420417,-0.1184883416,0,0.8077663183,0.4290798604,-38.25175858
0.1456100047,0.3006044328,0.01019216701,-0.00827633217,1,-0.04968714714,0.01312927809,-0.1547832191,0,0.7983017564,0.7228236198,-39.07758713
0.1456100047,0.3054480255,0.01181207877,-0.01070456952,1,-0.1753931791,0.01594092138,0.003107726574,0,0.542982161,1.077198744,-42.18410492
0.1456100047,0.3102915883,0.0119726127,-0.01347877551,1,-0.5096688271,0.01802833378,0.07930439711,10.96178627,0.04015246034,1.413058519,-48.38669968
0.1456100047,0.315135181,0.009537939914,-0.01716471091,1,-0.8951325417,0.01963669062,-0.08550024033,14.91480255,-0.5724391937,1.863912344,-60.94031906
0.1456100047,0.3199787438,0.004864315037,-0.02292090654,1,0.1440068483,0.02343137935,-0.1861428618,0,-2.392276287,1.726501226,-78.01835632
0.1456100047,0.3248223364,-0.001351728803,-0.02642875165,1,-0.269276619,0.02646329626,-0.1215908974,0,-3.36237359,0.06997947395,-92.92790222
0.1456100047,0.3296658993,-0.01272586454,-0.02384879254,1,-0.744009316,0.02703169547,-0.373795867,0,-2.58932519,-1.995650291,-118.0846558
0.1456100047,0.3345094621,-0.01749694347,-0.01857319847,1,-0.3681204915,0.02551679313,-0.5644353628,0,-0.9389975667,-2.6393857,-133.2909241
0.1456100047,0.3393530548,-0.01905699261,-0.01379860938,1,-1.288963318,0.02352808043,-0.3229598999,24.59504509,-0.5377721786,-2.384723425,-144.0928192
0.1456100047,0.3441966176,-0.0263448786,-0.008586886339,1,-0.07197716832,0.02770897374,-0.6289127469,0,0.7345517874,-2.023553371,-161.9470673
0.1456100047,0.3490402102,-0.01584776118,-0.007043559104,1,2.224322796,0.01734252833,0.1537522674,0,2.110111713,-0.483513236,-156.0371704
0.1504535824,0.237637952,0.01250179205,-0.001517705037,1,0.3484942317,0.01259357855,0.0898810029,0,1.468740225,0.8788642883,-6.921779156
0.1504535824,0.2424815297,0.01690275036,-0.003428455908,1,-0.01487100124,0.01724695042,0.459492296,0,0.6486845613,1.146094561,-11.46598911
0.1504535824,0.2473251075,0.01557171717,-0.004843316507,1,-0.2031664103,0.01630754583,0.1614651978,2.692453146,-0.003286421299,0.7819200754,-17.27741432
0.1504535824,0.2521686852,0.01590278,-0.006433677394,1,-0.2650961876,0.01715490036,0.1824638247,2.995016813,-0.1348379254,0.8678818345,-22.02643776
0.1504535824,0.257012248,0.01363460813,-0.008163186722,1,-0.9164937139,0.01589151286,0.07851812243,15.19322872,-0.5915737748,0.7565398216,-30.90941238
0.1504535824,0.2618558407,0.008598337881,-0.009717728011,1,-0.8994169831,0.01297557913,-0.1873192489,12.22766399,-0.6785811782,0.2132412791,-48.49729156
0.1504535824,0.2666994035,0.005991451442,-0.01010333281,1,-0.6633784771,0.01174626872,-0.1240339428,13.99876785,-0.118052721,-0.4293376803,-59.33132553
0.1504535824,0.2715429962,0.004813414998,-0.008238965645,1,-0.3374390602,0.00954198651,0.01428249478,7.363656044,-0.002652451396,-0.6311398745,-59.70542908
0.1504535824,0.276386559,0.004344191868,-0.006977179553,1,-0.1661957204,0.008219065145,-0.001661419868,3.370810032,0.06166344136,-0.5435133576,-58.0924263
0.1504535824,0.2812301517,0.00430710474,-0.005614463706,1,-0.2159417123,0.007076252718,-0.01862040162,0,0.3816686869,-0.5157322884,-52.50658417
0.1504535824,0.2860737145,0.005146903452,-0.004569379613,1,-0.1640058756,0.006882575341,-0.03653746843,0,0.6170358062,-0.3922179341,-41.59841156
0.1504535824,0.2909172773,0.006501383614,-0.003891702974,1,-0.04177117348,0.007577158976,-0.07943370193,0,0.7436749339,-0.1243753806,-30.90457344
0.1504535824,0.29576087,0.008546628989,-0.004351701122,1,0.01715236902,0.009590733796,-0.09973815084,0,0.9846726656,0.3084929585,-26.98390579
0.1504535824,0.3006044328,0.011353801,-0.005869002081,1,0.01435166597,0.0127810007,-0.1914787889,0,1.162553787,0.7094169855,-27.33532715
0.1504535824,0.3054480255,0.01424706168,-0.008715259843,1,-0.2628971934,0.01670133322,-0.1599639952,0,1.084681749,0.9980707169,-31.4550972
0.1504535824,0.3102915883,0.01533417869,-0.01147803292,1,-0.754995048,0.01915417053,0.1110310555,3.432167768,0.7300676703,1.462375879,-36.81581497
0.1504535824,0.315135181,0.01412632409,-0.01526060328,1,-1.223305941,0.02079516836,-0.277128458,26.01613617,0.03162521124,3.902061939,-47.21041107
0.1504535824,0.3199787438,0.009562180378,-0.03172026575,1,-2.336590767,0.03313020617,-0.1346865892,44.8235054,-1.10917902,3.887554169,-73.22438812
0.1504535824,0.3248223364,-0.002563530114,-0.03474263847,1,-2.72290206,0.03483708575,0.2630408108,0,-3.138387203,-0.4889608324,-94.21999359
0.1504535824,0.3296658993,-0.01882742904,-0.02807788737,1,-3.365197897,0.03380591422,0.1883087158,63.49723816,-1.684666634,-3.123192549,-123.8435516
0.1504535824,0.3345094621,-0.02702286653,-0.01870317385,1,-1.486802816,0.032864023,0.2199467421,32.06737518,-0.08258706331,-3.605669975,-145.3119659
0.1504535824,0.3393530548,-0.02642889135,-0.009548215196,1,-0.9774083495,0.02810079418,0.3533755541,0,0.9595609307,-2.336797714,-160.136261
0.1504535824,0.3441966176,-0.02710931189,-0.005673111416,1,0.9414411187,0.02769655176,0.2548097968,0,1.861416578,-0.3910689354,-168.1803894
0.1504535824,0.3490402102,-0.01285303291,-0.006419851445,1,2.632395029,0.01436714828,-0.4058023691,0,3.254259825,-0.09746098518,-153.458725
0.1552971601,0.237637952,0.01128924079,0.0006473559188,1,1.073476911,0.01130778622,-0.5832163692,0,1.873200893,0.1951470971,3.28190279
0.1552971601,0.2424815297,0.01842547208,-0.001237676013,1,0.1648812294,0.01846699417,-0.2056171745,0,1.098652959,0.69616431,-3.842900038
0.1552971601,0.2473251075,0.0174092669,-0.003720492823,1,-0.5405362844,0.01780237816,-0.09786012769,7.677083492,0.398832947,0.7339907885,-12.0630846
0.1552971601,0.2521686852,0.01773912087,-0.005266810767,1,-0.6812393665,0.01850447804,0.09122729301,12.82486343,0.3331896365,0.6881269217,-16.53635025
0.1552971601,0.257012248,0.01572346315,-0.006611618213,1,-1.563906312,0.01705698669,-0.09834232926,33.94228745,-0.1460687518,0.5391991138,-22.80644798
0.1552971601,0.2618558407,0.009456723928,-0.008354792371,1,-2.100122452,0.01261872333,0.0401186198,45.56845474,-0.2377542853,0.06281264871,-41.45983505
0.1552971601,0.2666994035,0.004399775527,-0.006721538492,1,-1.59516716,0.008033499122,-0.07675208151,34.41019821,0.238401711,-0.4365331531,-56.792099
0.1552971601,0.2715429962,0.002885124879,-0.0066121649,1,-0.8498563766,0.007214199286,-0.3271780908,12.57210922,0.5328375101,-0.4169669449,-66.42662811
0.1552971601,0.276386559,0.002864269773,-0.006286639255,1,-0.6188287735,0.006908391602,-0.1303997934,0,0.6446969509,-0.6839381456,-65.50540924
0.1552971601,0.2812301517,0.00301041943,-0.003931059036,1,-0.3873243332,0.004951348063,0.07700636983,0,0.6325787306,-0.740681529,-52.55497742
0.1552971601,0.2860737145,0.004052178469,-0.002326104324,1,-0.2103773355,0.00467235595,0.0879638344,0,0.8014556766,-0.3479312956,-29.85746193
0.1552971601,0.2909172773,0.005873344839,-0.001819773694,1,0.0008954405785,0.006148801185,0.04447908327,0,1.061345577,-0.07083883137,-17.21486473
0.1552971601,0.29576087,0.009197225794,-0.00176755304,1,0.1074962616,0.009365532547,-0.03005679697,0,1.302101374,0.1547555029,-10.87865257
0.1552971601,0.3006044328,0.01270084083,-0.002714926377,1,-0.08556699753,0.01298777014,-0.11962457,0,1.46353364,0.3779235482,-12.06593132
0.1552971601,0.3054480255,0.01587151363,-0.004177466035,1,-0.3665922284,0.01641207375,-0.1542084664,0,1.789649963,0.5830218196,-14.74610043
0.1552971601,0.3102915883,0.01959353127,-0.006285758689,1,-0.2163612843,0.02057710476,-0.1657909751,0,2.533671618,1.260610819,-17.7866497
0.1552971601,0.315135181,0.02709558606,-0.01108635403,1,-1.443969727,0.02927589417,0.1355724335,0,2.155858755,2.34263587,-22.25227547
0.1552971601,0.3199787438,0.02304162085,-0.01697584242,1,-6.495867729,0.02861984447,-0.3261481524,141.4413605,0.3967447281,3.256912231,-36.38081741
0.1552971601,0.3248223364,-0.002445989987,-0.02844118513,1,-10.25003242,0.02854617126,-0.1411909014,223.8592377,-0.06936979294,-0.4027400017,-94.91543579
0.1552971601,0.3296658993,-0.02694120258,-0.01570900902,1,-6.415044308,0.03118655644,0.9033861756,138.7133484,-0.07810330391,-2.538174391,-149.7541962
0.1552971601,0.3345094621,-0.03389595821,-0.01177177019,1,-2.50041461,0.0358818993,0.08929157257,28.00700378,2.144758463,-2.242096901,-160.8483276
0.1552971601,0.3393530548,-0.02866385132,-0.00441674795,1,-0.41539675,0.02900213934,0.2896432281,0,1.838125706,-1.287879944,-171.2403107
0.1552971601,0.3441966176,-0.02700486034,-0.004130913876,1,0.52083987,0.02731898427,-0.166974023,0,1.621893167,-0.2465100139,-171.3029175
0.1552971601,0.3490402102,-0.01828535646,-0.004031509161,1,1.157313943,0.01872451045,-0.5886104107,0,2.443114281,-0.6296563148,-167.5664978
0.1601407379,0.237637952,0.0106221484,0.002355820034,1,1.504522562,0.01088025421,-0.2457152903,0,2.069944859,0.2751723826,12.50486565
0.1601407379,0.2424815297,0.01927875355,0.001094339998,1,0.4154138565,0.01930978894,-0.2602723241,0,1.242599607,0.2866846323,3.248853922
0.1601407379,0.2473251075,0.01865286566,-0.0002934084623,1,-0.7015215158,0.01865517348,-0.1102822721,0,0.7838757038,0.429515332,-0.9011848569
0.1601407379,0.2521686852,0.01967764273,-0.001520211576,1,-1.198269606,0.01973627694,0.3262295425,21.46502304,0.6030612588,0.5331785083,-4.417654991
0.1601407379,0.257012248,0.01576993242,-0.001295780181,1,-2.276972055,0.01582307927,0.1379330158,49.60214996,0.09248161316,-0.03198449314,-4.697314262
0.1601407379,0.2618558407,0.009096893482,-0.0006972029223,1,-2.635601044,0.009123571217,0.06271027029,57.50724792,0.1034607887,0.04753955454,-4.382688046
0.1601407379,0.2666994035,0.003505314467,-0.001222299645,1,-1.82216692,0.00371230999,0.00767070055,39.57477951,0.1936594248,0.1820412874,-19.22361183
0.1601407379,0.2715429962,0.001209090697,-0.001541780424,1,-1.274383545,0.001959333429,-0.1627278924,23.89307213,0.6332393885,-0.238107115,-51.89585114
0.1601407379,0.276386559,0.000399882847,-0.0008571944782,1,-0.95901227,0.0009458798449,-0.3588580191,0,0.9349497557,-0.5379192233,-64.99086761
0.1601407379,0.2812301517,0.001092542312,-0.0006744836573,1,-0.2877321541,0.001283969264,-0.2792907357,0,1.007829666,-0.5247098804,-31.68920898
0.1601407379,0.2860737145,0.003887730883,0.0003315123322,1,0.03438878059,0.003901839489,0.1443088353,0,1.055958509,-0.2519188821,4.873902321
0.1601407379,0.2909172773,0.006373708136,0.001244670129,1,-0.1056402922,0.006494102068,0.196647048,0,1.192210197,-0.03106666356,11.04977036
0.1601407379,0.29576087,0.009150616825,0.00143446133,1,-0.1230834126,0.009262368083,-0.003896899521,0,1.409567118,-0.0843161121,8.909246445
0.1601407379,0.3006044328,0.01260489225,0.001634186832,1,-0.2297397256,0.01271038502,-0.1281400323,0,1.710759878,-0.1888812482,7.387023926
0.1601407379,0.3054480255,0.01632405259,0.001728666131,1,-0.3699362874,0.01641532779,-0.1356657147,0,2.028241873,-0.1785634458,6.044914722
0.1601407379,0.3102915883,0.02063702419,0.001841965364,1,-0.7191172838,0.0207190644,0.4351303577,0,2.74358511,0.3428886533,5.100440979
0.1601407379,0.315135181,0.02612971887,0.002175446134,1,-2.376066446,0.02622012049,-0.2644349635,0,3.020329952,-0.2278242409,4.759220123
0.1601407379,0.3199787438,0.0237575639,0.001664638519,1,-7.456357956,0.02381581068,0.6981941462,160.7056122,0.9884483814,-1.860399008,4.008034706
0.1601407379,0.3248223364,-0.005198101513,0.01456819102,1,-11.76372051,0.01546778716,0.5507521629,255,1.336878777,0.3544215858,109.6369934
0.1601407379,0.3296658993,-0.02674565278,0.002615580801,1,-7.314123631,0.02687324397,-0.77031672,158.2234802,0.6553795338,1.453688264,174.4145355
0.1601407379,0.3345094621,-0.03745014593,0.003796082921,1,-3.525509119,0.03764204681,-0.1456567794,52.08427048,2.592670679,0.1121454686,174.2120667
0.1601407379,0.3393530548,-0.03126392886,0.001366895624,1,-0.5161186457,0.03129379451,-0.2940331399,0,2.23759222,0.559913516,177.4965515
0.1601407379,0.3441966176,-0.02911205404,-0.0003400741261,1,0.3355489373,0.02911403961,-0.2718617022,0,2.24727869,0.04998147488,-179.330719
0.1601407379,0.3490402102,-0.0187538024,-0.0001919768401,1,1.132522106,0.01875478402,0.5003105998,0,3.144572258,0.4391587377,-179.4134979
0.1649843156,0.237637952,0.01143191848,0.003386022057,1,1.355193853,0.01192283165,0.0905085355,0,1.585394382,0.3453447819,16.49877167
0.1649843156,0.2424815297,0.01855340227,0.002768862527,1,0.4119851887,0.01875887252,-0.1404598504,0,1.141324997,-0.1586534232,8.488031387
0.1649843156,0.2473251075,0.01895549707,0.003474144032,1,-0.3063156307,0.01927123591,0.09140916169,0,0.9976079464,-0.05088502169,10.38584518
0.1649843156,0.2521686852,0.02190173045,0.003458075458,1,-1.201294661,0.02217304893,0.1161863282,22.06043053,0.6399599314,-0.1709718704,8.972391129
0.1649843156,0.257012248,0.01623663306,0.004865014926,1,-2.252240181,0.01694982685,0.277090013,48.61107635,-0.2068929672,-0.02309942245,16.67989922
0.1649843156,0.2618558407,0.009990727529,0.004912066273,1,-2.044687986,0.01113297045,0.1945860237,44.22229767,-0.2094252706,0.5709072948,26.18161774
0.1649843156,0.2666994035,0.005318660289,0.003042273456,1,-1.956945896,0.006127281114,0.2350782901,42.39028549,0.0890955925,0.7067360878,29.76955414
0.1649843156,0.2715429962,0.0009436493274,0.002627554815,1,-1.631697416,0.002791866427,0.014669789,35.28854752,0.2281894684,0.046745345,70.2449646
0.1649843156,0.276386559,-0.001479340252,0.002886913018,1,-0.9381718636,0.003243873361,-0.2597634792,15.41569996,0.5608744621,-0.2012407631,117.1319504
0.1649843156,0.2812301517,-0.0008838199428,0.002344095381,1,-0.1806497574,0.002505178796,-0.3981112242,0,1.21507144,-0.3434068561,110.6585007
0.1649843156,0.2860737145,0.003530960763,0.002621948021,1,0.2452828884,0.004397987388,0.1305974275,0,1.3153795,-0.3075863719,36.59608078
0.1649843156,0.2909172773,0.006675346289,0.00446646614,1,-0.1623607874,0.008031785488,0.2594557703,0,1.243998885,-0.3669430315,33.78643417
0.1649843156,0.29576087,0.008769959211,0.005655959249,1,-0.3952433765,0.01043561473,0.08931602538,0,1.322239399,-0.3685207367,32.81895065
0.1649843156,0.3006044328,0.01116532367,0.006684034131,1,-0.3551061749,0.01301310025,-0.1416919678,0,1.507056475,-0.5096713305,30.90652084
0.1649843156,0.3054480255,0.01434952021,0.007438295987,1,0.2114127874,0.01616282761,-0.1081843376,0,2.306684971,-0.8931567669,27.40066528
0.1649843156,0.3102915883,0.0233619269,0.01048610918,1,-0.6022473574,0.02560738474,0.5338196754,0,2.741527557,-1.037996769,24.1731472
0.1649843156,0.315135181,0.02471129037,0.01505151112,1,-2.947190762,0.0289343372,0.5141620636,51.07162857,1.718855858,-2.26087904,31.34536362
0.1649843156,0.3199787438,0.01741239056,0.02392723598,1,-5.990709305,0.02959229611,0.8923265934,126.2915344,1.289019346,-3.228816509,53.9557724
0.1649843156,0.3248223364,0.001938289497,0.0350125879,1,-7.096541405,0.03506619856,0.2689800858,151.9449005,-1.377283573,0.482734561,86.83135223
0.1649843156,0.3296658993,-0.02363123931,0.02289189957,1,-7.241202831,0.03290098161,-0.705812335,157.3572388,-0.1906330585,2.835068226,135.9104767
0.1649843156,0.3345094621,-0.03405827284,0.01786210947,1,-2.263034105,0.03845804185,0.02715194225,37.20159531,1.489886522,2.911555767,152.3249207
0.1649843156,0.3393530548,-0.02737603895,0.008921065368,1,-0.5672000647,0.02879293077,-0.3326583505,0,1.801560044,2.296268702,161.9506989
0.1649843156,0.3441966176,-0.02807955444,0.005128697492,1,0.5985505581,0.02854408696,0.2189104855,0,2.21777153,0.8810354471,169.6490784
0.1649843156,0.3490402102,-0.01373496372,0.005714011844,1,1.802492976,0.01487612724,0.5183038712,0,4.120626926,0.2766178548,157.4117432
0.1698278934,0.237637952,0.01273323782,0.003470814088,1,0.9201833606,0.01319779921,0.3933073282,0,1.184350729,-0.08408351243,15.24721527
0.1698278934,0.2424815297,0.01782997511,0.004626953974,1,0.2110736072,0.01842055097,0.1309881806,0,1.051610708,-0.3957780004,14.54760647
0.1698278934,0.2473251075,0.01884914748,0.00602224702,1,-0.4664355516,0.01978782006,0.2544515729,0,0.7931175232,-0.3176655769,17.71852684
0.1698278934,0.2521686852,0.01941228472,0.00739804795,1,-0.9887229204,0.0207742136,-0.06690394878,16.98479652,0.6069814563,-0.6013796926,20.86191177
0.1698278934,0.257012248,0.01700015552,0.008611017838,1,-1.368089914,0.0190566238,0.1794390529,29.62413788,0.003878295422,0.01551343501,26.86339188
0.1698278934,0.2618558407,0.01280461997,0.008192034438,1,-1.720803738,0.01520091202,0.3397200406,36.74790573,-0.1235126257,0.3238550127,32.60996628
0.1698278934,0.2666994035,0.00806706585,0.008687861264,1,-2.354041576,0.01185565162,0.2172166854,51.19647598,0.02145576477,0.3669630289,47.12192154
0.1698278934,0.2715429962,0.001506559667,0.007466726471,1,-2.192644119,0.007617199328,-0.03303678334,47.7769928,0.1486811638,0.4385791421,78.59260559
0.1698278934,0.276386559,-0.001833026996,0.006403552834,1,-1.396554828,0.006660741288,-0.01107242703,27.85098457,0.5695592165,0.2740322053,105.9738541
0.1698278934,0.2812301517,-0.002499058144,0.006085800007,1,-0.4614776969,0.006578925066,0.01873189211,0,1.465590477,0.2022624612,112.3248978
0.1698278934,0.2860737145,0.003030471271,0.00551460823,1,0.1594574451,0.006292428821,0.203553319,0,1.56492269,-0.2033129334,61.20965576
0.1698278934,0.2909172773,0.005853085313,0.0080564823,1,-0.2429901958,0.009958188049,0.367335856,0,1.227344394,-0.5077640414,54.00135803
0.1698278934,0.29576087,0.007798267063,0.009753222577,1,-0.4073341489,0.01248752698,0.1419219375,0,1.149941921,-0.3943003416,51.35564041
0.1698278934,0.3006044328,0.009449963458,0.01065371651,1,-0.3753266335,0.01424090937,-0.1017240584,0,1.134210229,-0.5402548313,48.42662048
0.1698278934,0.3054480255,0.01147397887,0.01187728066,1,0.1244804859,0.01651429571,0.1985304356,0,1.681011319,-1.32597971,45.98945999
0.1698278934,0.3102915883,0.01819500327,0.01803779975,1,-0.002267718315,0.02562070265,-0.103503108,0,1.281359434,-2.766519547,44.75141144
0.1698278934,0.315135181,0.01766935922,0.02477580681,1,-1.303343773,0.03043101728,0.1854516268,28.06578064,0.1152945757,-3.713891506,54.50467682
0.1698278934,0.3199787438,0.01244059484,0.0369245708,1,-2.517939806,0.0389639847,0.3254150152,44.37382126,-1.451537609,-3.286389589,71.38034821
0.1698278934,0.3248223364,-0.001557113254,0.04226986319,1,-2.716825247,0.04229853302,-0.5313699245,0,-3.244270563,-0.4985415936,92.10966492
0.1698278934,0.3296658993,-0.01643243618,0.03676556423,1,-2.795215607,0.04027073085,-0.7284034491,46.18994904,-1.676528573,3.461945057,114.0823441
0.1698278934,0.3345094621,-0.02321628667,0.02197364531,1,-0.8714598417,0.03196618706,-0.446600914,15.57489204,-0.2270244062,4.493010998,136.5751495
0.1698278934,0.3393530548,-0.0217530299,0.01284016948,1,-0.7152349353,0.02525993437,-0.4484206438,0,0.5979469419,2.539225578,149.4479065
0.1698278934,0.3441966176,-0.02378438041,0.007502748631,1,-0.09280860424,0.02493968606,0.8254230022,0,1.506947756,1.197892189,162.4921875
0.1698278934,0.3490402102,-0.014903537,0.0110360859,1,1.38345933,0.01854482666,0.6725655794,0,2.283588648,-0.786408186,143.480011
0.1746714562,0.237637952,0.01292966586,0.004665535409,1,0.6605238914,0.01374567114,0.3902562559,0,1.132038832,-0.5076452494,19.84145164
0.1746714562,0.2424815297,0.01727087423,0.006840063259,1,0.1579880416,0.01857604831,0.3188626766,0,1.022884846,-0.694715023,21.60585213
0.1746714562,0.2473251075,0.01864931546,0.00957487803,1,-0.494785428,0.0209636651,0.243270278,0,0.782584548,-0.6541899443,27.17674065
0.1746714562,0.2521686852,0.01866485178,0.01118698157,1,-0.8207677007,0.02176063508,-0.04476417601,13.87890911,0.5175995231,-0.444337368,30.93682289
0.1746714562,0.257012248,0.01718089916,0.01151023898,1,-1.264135122,0.02068015747,0.02452501655,27.44426155,0.1368585229,-0.2772511542,33.81986618
0.1746714562,0.2618558407,0.01320479997,0.0126486579,1,-2.003782272,0.0182853844,0.1703179181,43.50342941,0.1388956904,-0.4568884671,43.76768112
0.1746714562,0.2666994035,0.008148175664,0.014548162,1,-2.195576906,0.01667458564,0.04468286037,47.92263031,0.06969428062,-0.2276925445,60.74755859
0.1746714562,0.2715429962,0.002907922259,0.01396792941,1,-2.082854748,0.01426741295,0.01302418113,44.81616592,0.3581271768,0.4544824958,78.23982239
0.1746714562,0.276386559,-0.0002056760131,0.01240992453,1,-1.400635123,0.01241162885,0.08805561066,24.42503738,0.8387901783,0.5608351231,90.94950104
0.1746714562,0.2812301517,0.0001865817467,0.01167798508,1,-0.5963774323,0.0116794752,0.1915825307,0,1.368079901,0.8069348335,89.08464813
0.1746714562,0.2860737145,0.003532125149,0.009429417551,1,-0.2399832606,0.01006925106,0.04569513351,0,1.439222574,0.06424558163,69.46476746
0.1746714562,0.2909172773,0.005995172542,0.0115881348,1,-0.2239761055,0.01304710563,0.3719803095,0,1.052995801,-0.4062290788,62.6450119
0.1746714562,0.29576087,0.007547546644,0.01319873519,1,-0.3613347411,0.01520434394,0.1675448269,0,0.7867807746,-0.3294942379,60.2374115
0.1746714562,0.3006044328,0.008055853657,0.01399558224,1,-0.3895077705,0.01614847034,-0.02656956017,0,0.6663886309,-0.3938037753,60.07527924
0.1746714562,0.3054480255,0.008888640441,0.01497746259,1,-0.3807972074,0.01741643809,-0.08772113919,0,0.6708548665,-0.6467841864,59.31223679
0.1746714562,0.3102915883,0.009460770525,0.01670344733,1,-0.2752088308,0.01919664815,-0.3680415154,0,0.01350216568,-1.801965714,60.47294617
0.1746714562,0.315135181,0.007621043827,0.02192278579,1,-0.4028440118,0.02320967242,0.01817560196,0,-0.9164428711,-2.539640665,70.83095551
0.1746714562,0.3199787438,0.003070702078,0.02909242921,1,0.1712936163,0.02925403602,0.007739186287,0,-2.374459267,-2.167323112,83.9747467
0.1746714562,0.3248223364,-0.003050159197,0.0324578695,1,0.3650114536,0.03260086849,-0.1567310244,0,-3.144328833,0.00473870337,95.3684845
0.1746714562,0.3296658993,-0.01039113756,0.02831033804,1,0.234863162,0.030157106,-0.126863122,0,-2.590369225,2.242135048,110.1553497
0.1746714562,0.3345094621,-0.0144592002,0.02098347805,1,-0.4946903586,0.02548283339,0.08315324783,0,-0.9211931825,2.773062229,124.5697784
0.1746714562,0.3393530548,-0.01724907942,0.01528155431,1,-0.7126209736,0.02304466628,0.1258069277,15.23043156,-0.07611110806,1.799414515,138.4611664
0.1746714562,0.3441966176,-0.0182794854,0.0128772296,1,-0.148447305,0.0223598443,0.440064013,0,0.7601256371,1.515240908,144.8367004
0.1746714562,0.3490402102,-0.01428636815,0.01007385179,1,1.399855256,0.01748092659,-0.5136640072,0,0.2489693165,0.643897295,144.8109131
0.179515034,0.237637952,0.01216465607,0.005754629616,1,0.2727842331,0.01345713995,0.2412387431,0,1.314823866,-1.022914767,25.31702614
0.179515034,0.2424815297,0.0160095077,0.008816142567,1,0.07463207841,0.01827645302,0.2914592326,0,0.8945219517,-1.041160822,28.84077072
0.179515034,0.2473251075,0.01685882919,0.01220927853,1,-0.2704916596,0.02081553824,0.0937551558,0,0.4839246273,-0.9518316984,35.91231155
0.179515034,0.2521686852,0.01704328693,0.01388052385,1,-0.5163754821,0.02198050357,-0.06228020787,9.189846992,0.292827487,-0.7203794718,39.1603241
0.179515034,0.257012248,0.01577605866,0.01539682876,1,-1.266027927,0.02204419114,0.1422817409,27.38325119,0.1043471098,-0.8259534836,44.30300903
0.179515034,0.2618558407,0.01141659543,0.01857024617,1,-1.820990086,0.0217989143,0.1123717427,39.68611145,0.04639011621,-0.7677696347,58.41767883
0.179515034,0.2666994035,0.007180645596,0.01965986192,1,-1.6398592,0.02093016542,-0.01652631164,35.79161072,0.06134945154,-0.1650832891,69.93558502
0.179515034,0.2715429962,0.003770960961,0.01928979345,1,-1.3937397,0.01965492964,-0.08389472961,30.12724304,0.1816759706,0.4135671854,78.93875122
0.179515034,0.276386559,0.001309920917,0.01725036651,1,-0.9806140661,0.01730003022,-0.1328129917,15.05779648,0.6846283674,0.6288153529,85.65753174
0.179515034,0.2812301517,0.002337330952,0.01560078748,1,-0.321383357,0.01577490568,-0.08892339468,0,0.7865469456,0.6548258066,81.47924805
0.179515034,0.2860737145,0.003562976839,0.01364795957,1,-0.2438324392,0.01410537492,-0.119210735,0,0.9354448318,0.161409542,75.36875153
0.179515034,0.2909172773,0.005687199067,0.01424158551,1,-0.03679788113,0.01533515565,0.1582378447,0,0.7492622733,-0.1857725978,68.23132324
0.179515034,0.29576087,0.007013853639,0.01531420089,1,-0.09873865545,0.01684395783,0.09976000339,0,0.4552223682,-0.2153871357,65.39237976
0.179515034,0.3006044328,0.007413855754,0.01576802507,1,-0.1331729591,0.01742400229,0.05339429528,0,0.3195015788,-0.2886731625,64.81789398
0.179515034,0.3054480255,0.007916350849,0.0169710312,1,-0.2169930935,0.01872657239,0.1621596813,0,0.2728537619,-0.5951662064,64.99271393
0.179515034,0.3102915883,0.00768442126,0.01943619177,1,-0.5655652285,0.02090013959,0.2329922318,11.18557072,0.05770003796,-0.864775598,68.4278183
0.179515034,0.315135181,0.005456466228,0.02228815481,1,-0.511392355,0.02294634841,0.1981489956,0,-0.6662338376,-0.8667347431,76.24372101
0.179515034,0.3199787438,0.001980497269,0.02459403872,1,0.1114292145,0.0246736519,0.1272306442,0,-1.711437583,-0.4888371825,85.39604187
0.179515034,0.3248223364,-0.002293298719,0.02527212724,1,0.534150064,0.02537596598,-0.02440792322,0,-2.220396519,0.2878996134,95.18505859
0.179515034,0.3296658993,-0.006186968647,0.02308135293,1,0.3108769059,0.02389618009,0.1061061621,0,-1.77440846,1.213612914,105.0054169
0.179515034,0.3345094621,-0.009382005781,0.01990784891,1,-0.2704634964,0.02200782858,0.06937754154,0,-1.018070817,1.547252655,115.2331772
0.179515034,0.3393530548,-0.01242808439,0.01592314988,1,-0.5349702835,0.02019910887,0.02959036827,4.971689224,-0.4832271636,1.682162881,127.9721832
0.179515034,0.3441966176,-0.01431372389,0.01190348528,1,-0.08703193069,0.01861654222,-0.3779559135,0,-0.2938143313,1.781906366,140.2526398
0.179515034,0.3490402102,-0.0142727429,0.005461689085,1,0.6782968044,0.01528205536,-1.397313833,0,-0.6613750458,1.262610912,159.0598602
0.1843586117,0.237637952,0.0091435574,0.009712735191,1,0.2649189234,0.01333948504,-0.5162119269,0,1.59159255,-0.9698140025,46.7289505
0.1843586117,0.2424815297,0.01363963634,0.0108112637,1,0.1954329908,0.01740468666,-0.2099630833,0,0.9090393782,-0.9359174967,38.4016037
0.1843586117,0.2473251075,0.01449315529,0.01322895195,1,0.02673334628,0.01962286234,0.03826868534,0,0.2281076908,-0.8485046029,42.38896561
0.1843586117,0.2521686852,0.01487397868,0.0151064191,1,-0.1847777069,0.02119997889,0.02215883136,3.815501213,0.05601458997,-0.9933741093,45.44421005
0.1843586117,0.257012248,0.01386948209,0.01814775728,1,-0.6736677885,0.02284083329,0.2598488331,11.55389023,-0.3263470232,-1.100104451,52.61101151
0.1843586117,0.2618558407,0.01003032923,0.02169345878,1,-0.7882397175,0.02390007675,0.3098886609,9.648895264,-0.5745848417,-0.6481512785,65.18576813
0.1843586117,0.2666994035,0.007268535439,0.02278809808,1,-0.6492295265,0.02391921915,0.04822235554,9.202898026,-0.4915827215,0.0678114444,72.30930328
0.1843586117,0.2715429962,0.004504716489,0.0215985775,1,-0.652782917,0.02206334099,0.03820548952,11.33215237,-0.3943325579,0.5156298876,78.21897125
0.1843586117,0.276386559,0.002196749905,0.02047565579,1,-0.4315829575,0.0205931589,-0.03797149658,9.100533485,0.1059677899,0.9022933245,83.87638855
0.1843586117,0.2812301517,0.002927574096,0.01704433188,1,-0.06710781157,0.01729392819,-0.3282978237,0,0.3850067854,0.7730195522,80.25384521
0.1843586117,0.2860737145,0.003736518323,0.01514133904,1,0.05805967748,0.01559556741,-0.06356336921,0,0.5477405787,0.2768582404,76.13774872
0.1843586117,0.2909172773,0.005861805752,0.01539547835,1,0.1861267686,0.01647366211,0.07115119696,0,0.4850670099,-0.08174188435,69.15574646
0.1843586117,0.29576087,0.006987497676,0.01588188857,1,0.04472987354,0.01735106669,0.04204194993,0,0.172972098,-0.1216114983,66.25212097
0.1843586117,0.3006044328,0.006916262209,0.01618814655,1,-0.08163040876,0.01760371402,0.1067584604,0,0.04113183916,-0.1963615566,66.86577606
0.1843586117,0.3054480255,0.006791339722,0.0173500739,1,-0.05832286179,0.01863189042,0.2640527189,0,-0.04812395573,-0.4656009972,68.62313843
0.1843586117,0.3102915883,0.006400678772,0.01972228102,1,-0.04432094097,0.02073492296,0.1717652231,0,-0.4529649317,-0.6174706817,72.01965332
0.1843586117,0.315135181,0.004382696934,0.02117279917,1,-0.1312578619,0.02162164263,-0.1315611005,0,-0.9178521633,-0.2432453334,78.30513763
0.1843586117,0.3199787438,0.00131923263,0.02026323229,1,0.03629481792,0.02030613087,-0.3150669038,0,-1.307382822,0.1095759273,86.27502441
0.1843586117,0.3248223364,-0.001773916767,0.01911600865,1,0.2681436539,0.01919814013,-0.1451235414,0,-1.366135359,0.2787647843,95.30171204
0.1843586117,0.3296658993,-0.003998975735,0.01821009628,1,0.169724226,0.0186440181,0.07315246761,0,-1.17208755,0.4352050424,102.3856735
0.1843586117,0.3345094621,-0.006628926378,0.01736238413,1,-0.00824368,0.01858480647,0.06115034223,0,-1.015605688,0.6140309572,110.8967667
0.1843586117,0.3393530548,-0.008958069608,0.01553217601,1,-0.3087696135,0.01793029532,-0.1318168938,0,-0.6926422119,1.000965834,119.9738846
0.1843586117,0.3441966176,-0.01147934236,0.01187566295,1,-0.7565275431,0.01651686057,-0.7308456898,0,-0.4782502651,1.735746026,134.0278168
0.1843586117,0.3490402102,-0.01493881177,0.003585047321,1,0.6204336882,0.01536296401,-1.281164169,0,-2.048906088,2.142168999,166.5052338
0.1892021894,0.237637952,0.004966973793,0.01218047645,1,0.6941752434,0.01315427013,-0.2058244199,0,1.573723555,-0.2438435405,67.81526947
0.1892021894,0.2424815297,0.01045934577,0.01227255072,1,0.755872488,0.0161249321,-0.262001127,0,0.8890716434,-0.4693219364,49.5605278
0.1892021894,0.2473251075,0.01293438859,0.0131846508,1,0.4143615365,0.01846979745,0.1384898722,8.510878563,-0.0262632221,-0.4342828691,45.54896927
0.1892021894,0.2521686852,0.01233913004,0.01504682004,1,0.1543454528,0.0194592122,0.1213260591,0,-0.407913208,-0.6827198267,50.64656448
0.1892021894,0.257012248,0.01170621533,0.01707910374,1,0.1418969929,0.02070582658,0.1174359918,0,-0.6706250906,-0.8236617446,55.57281113
0.1892021894,0.2618558407,0.009778194129,0.01960510015,1,0.195205152,0.02190828696,0.2560714483,0,-1.013515711,-0.4343960285,63.49192047
0.1892021894,0.2666994035,0.007742664311,0.02042343654,1,0.3390547335,0.02184183151,0.1875947416,0,-1.025466442,-0.005757674575,69.23794556
0.1892021894,0.2715429962,0.006453505717,0.02054161765,1,0.2464895546,0.02153150737,0.2039025724,0,-0.7102651596,0.3214605749,72.55898285
0.1892021894,0.276386559,0.005496331025,0.01985403523,1,0.1373280883,0.02060078643,0.1289678514,0,-0.5424274802,0.6969318986,74.52594757
0.1892021894,0.2812301517,0.004491375294,0.01779063977,1,0.03166816384,0.01834882237,-0.06089055538,0,-0.2175315619,0.7307284474,75.83132935
0.1892021894,0.2860737145,0.00459608715,0.01601976715,1,0.1959625483,0.01666604169,-0.03339517117,4.124640465,0.04033602029,0.4003999829,73.99176025
0.1892021894,0.2909172773,0.005635902286,0.01568952575,1,0.3530225456,0.01667107083,-0.1065002233,7.206349373,0.06657743454,-0.08907197416,70.24098206
0.1892021894,0.29576087,0.006628452335,0.01593535207,1,0.2664308548,0.01725896448,-0.1968395114,3.914472103,0.01104046404,-0.3358086348,67.41470337
0.1892021894,0.3006044328,0.006979856174,0.01636263356,1,0.07985402644,0.01778915897,-0.1347774267,0,-0.01550410315,-0.3588015735,66.89822388
0.1892021894,0.3054480255,0.006940136198,0.01702043042,1,0.142717585,0.0183809828,-0.1514845341,0,-0.442959249,-0.3774041533,67.81666565
0.1892021894,0.3102915883,0.005525612272,0.01745689288,1,0.4019429684,0.01831053011,-0.05800117552,0,-1.083066344,-0.3589757085,72.43591309
0.1892021894,0.315135181,0.003641062183,0.01847822405,1,0.1771858037,0.01883353665,0.009442508221,0,-1.114597559,-0.1204075664,78.85289764
0.1892021894,0.3199787438,0.0009851857321,0.01808583178,1,-0.7531722784,0.01811264455,0.06678080559,14.62467861,-0.338388443,0.2983976901,86.88201904
0.1892021894,0.3248223364,-0.00164599705,0.01735636964,1,-1.129342556,0.01743424498,0.04607704282,24.40748215,0.1569445729,0.3565186858,95.41745758
0.1892021894,0.3296658993,-0.003724699374,0.01658218354,1,-0.7030083537,0.01699535735,-0.199213326,13.9275589,-0.2189814299,0.2813744247,102.6596909
0.1892021894,0.3345094621,-0.006111712661,0.01502861269,1,-0.08127319813,0.0162238162,-0.3178251386,0,-0.8464696407,0.202110827,112.130188
0.1892021894,0.3393530548,-0.00821829401,0.01406383328,1,0.02268704772,0.01628900692,-0.1847490519,0,-0.7111654282,0.1821842343,120.3001633
0.1892021894,0.3441966176,-0.009446411394,0.01325134281,1,-0.7577657104,0.01627368294,-1.630438447,0,0.3687751889,2.814891338,125.4837189
0.1892021894,0.3490402102,-0.01010239962,-0.007467465941,1,-1.694514394,0.01256270334,-2.967946053,0,1.423645973,5.58719492,-143.5290222
0.1940457672,0.237637952,0.006965555716,0.01397289615,1,0.2765395045,0.01561284065,-0.1069229841,0,1.016661644,0.9321732521,63.50352478
0.1940457672,0.2424815297,0.01009741612,0.01145642437,1,0.7976703048,0.01527113188,-0.3718329668,0,0.4606770873,0.2223857194,48.60782242
0.1940457672,0.2473251075,0.01306045894,0.01109475177,1,0.6438635588,0.01713677682,0.1216860563,0,-0.2190932333,-0.06962935627,40.34762573
0.1940457672,0.2521686852,0.0121548241,0.01238307543,1,0.2803556919,0.0173516646,0.2837659121,0,-0.8195521832,-0.3598691225,45.53295135
0.1940457672,0.257012248,0.01044882275,0.01421224326,1,0.2834162414,0.01763989031,0.0971455574,0,-0.9003617764,-0.6163454652,53.67672729
0.1940457672,0.2618558407,0.009166600183,0.0158389248,1,0.5401797891,0.01830022037,0.07675141096,0,-1.014941454,-0.3292894959,59.94036865
0.1940457672,0.2666994035,0.008149277419,0.0161789339,1,0.6577533484,0.01811542548,0.200137496,0,-1.094877839,-0.03223966062,63.26574707
0.1940457672,0.2715429962,0.007049353793,0.01696446165,1,0.5370094776,0.01837080158,0.2266887426,0,-0.9400622845,0.01934758574,67.43533325
0.1940457672,0.276386559,0.006197059527,0.01718320698,1,0.4608461857,0.01826653071,0.02831677347,0,-0.6419866085,0.2610265911,70.16835022
0.1940457672,0.2812301517,0.006171985995,0.01583731361,1,0.332783699,0.01699746773,0.05838289857,0,-0.4737796783,0.6355713606,68.70855713
0.1940457672,0.2860737145,0.005514134653,0.01438754983,1,0.2071796507,0.01540802605,0.0007055699825,0,-0.4667921066,0.378372699,69.03030396
0.1940457672,0.2909172773,0.004914536607,0.01400805917,1,0.2329242527,0.0148451468,-0.1223677769,0,-0.4613834321,-0.1754970253,70.66727448
0.1940457672,0.29576087,0.004407574888,0.01464488544,1,0.2262759656,0.01529376954,-0.2811498046,0,-0.3065807819,-0.6358902454,73.2501297
0.1940457672,0.3006044328,0.004525573924,0.01572627202,1,0.1130129844,0.01636448689,-0.5202918053,0,-0.1497520953,-0.4931253195,73.94568634
0.1940457672,0.3054480255,0.004229626153,0.01451330259,1,0.5026966333,0.01511706598,-0.8896077871,0,-0.5325413942,-0.2296103239,73.75224304
0.1940457672,0.3102915883,0.004381018691,0.01252952311,1,0.9776185155,0.01327336673,-0.1947469413,0,-1.056980729,-0.2778762579,70.72753143
0.1940457672,0.315135181,0.003845229046,0.01491594594,1,0.6019868851,0.01540361065,1.047890782,0,-0.8689415455,-0.963586688,75.54428101
0.1940457672,0.3199787438,0.003088003024,0.02227227017,1,-1.243091345,0.02248532325,1.510859251,0,0.4855640531,-0.6425683498,82.10638428
0.1940457672,0.3248223364,0.00017608692,0.02534624003,1,-2.340084791,0.02534685284,0.1988629401,0,0.9590756893,0.5535081625,89.60195923
0.1940457672,0.3296658993,-0.003601022065,0.02055451833,1,-1.580461502,0.0208675731,-1.181236982,0,0.05978661776,1.232305527,99.93701172
0.1940457672,0.3345094621,-0.0071893977,0.0136560956,1,-0.270919174,0.01543296408,-1.107877731,0,-0.8376560211,0.662882328,117.7650452
0.1940457672,0.3393530548,-0.008970492519,0.01197770424,1,0.5800776482,0.01496446226,0.2241792083,0,-0.2813224196,-0.5347754359,126.8307343
0.1940457672,0.3441966176,-0.005742353387,0.01733215153,1,-0.149001658,0.01825864427,1.457446575,0,1.536037445,0.07202535868,108.3306656
0.1940457672,0.3490402102,-0.002252276987,0.01868809946,1,-4.679495335,0.01882333122,1.90067482,0,6.120605946,1.34078145,96.87210083
