PIVlab, ASCII chart output - 13-Mar-2024
FRAME: 146, filenames: MEAN of frames 1:145 & MEAN of frames 1:145, conversion factor xy (px -> m): 0.00036954, conversion factor uv (px/frame -> m/s): 0.011086
x [m],y [m],u [m/s],v [m/s],Vector type [-]
0.1965938807,0.2915649712,-0.01285475213,0.01845602319,1
0.1965938807,0.2974775732,-0.0104983449,0.02389627136,1
0.1965938807,0.3033901751,-0.005646828562,0.0258592926,1
0.1965938807,0.3093027771,-0.0003384611337,0.02572294138,1
0.1965938807,0.315215379,0.003975654487,0.02734163217,1
0.1965938807,0.3211279809,0.005018432625,0.02284529805,1
0.1965938807,0.3270405531,0.00511498563,0.02237807401,1
0.1965938807,0.332953155,0.004793682601,0.02434564382,1
0.1965938807,0.338865757,0.00441132579,0.02650757879,1
0.1965938807,0.3447783589,0.003788904985,0.02869207785,1
0.1965938807,0.3506909609,0.003626577556,0.03268428147,1
0.1965938807,0.3566035628,0.005615220405,0.03649838269,1
0.1965938807,0.3625161648,0.01082779653,0.03623437136,1
0.1965938807,0.3684287369,0.01808538847,0.03770948946,1
0.1965938807,0.3743413389,0.02176703699,0.03120937385,1
0.1965938807,0.3802539408,0.02107710019,0.02234032564,1
0.1965938807,0.3861665428,0.0208586175,0.01527161431,1
0.1965938807,0.3920791447,0.02231734619,0.009756339714,1
0.1965938807,0.3979917467,0.02711210027,0.01081343181,1
0.2025064826,0.2915649712,-0.01026510168,0.01519981306,1
0.2025064826,0.2974775732,-0.01137792412,0.02271707356,1
0.2025064826,0.3033901751,-0.004176412709,0.02226252668,1
0.2025064826,0.3093027771,0.002768950537,0.0233341381,1
0.2025064826,0.315215379,0.009823926724,0.02620070241,1
0.2025064826,0.3211279809,0.007898821495,0.01683137007,1
0.2025064826,0.3270405531,0.00627886923,0.01601238362,1
0.2025064826,0.332953155,0.003915638663,0.01908545196,1
0.2025064826,0.338865757,0.001285385806,0.02231732197,1
0.2025064826,0.3447783589,-0.0008724258514,0.02545811422,1
0.2025064826,0.3506909609,-0.001318147872,0.03021579608,1
0.2025064826,0.3566035628,0.0009940216551,0.03549258038,1
0.2025064826,0.3625161648,0.008342876099,0.03842861578,1
0.2025064826,0.3684287369,0.01979406923,0.03922691941,1
0.2025064826,0.3743413389,0.02424968965,0.02884993143,1
0.2025064826,0.3802539408,0.0251118876,0.01983067766,1
0.2025064826,0.3861665428,0.0297543034,0.01532641705,1
0.2025064826,0.3920791447,0.02873397805,0.01089523081,1
0.2025064826,0.3979917467,0.0218868833,0.006899072789,1
0.2084190696,0.2915649712,-0.01398018375,0.01268543024,1
0.2084190696,0.2974775732,-0.02070716955,0.0214827396,1
0.2084190696,0.3033901751,-0.004979331978,0.01152892224,1
0.2084190696,0.3093027771,0.002220765688,0.009849446826,1
0.2084190696,0.315215379,0.01585913077,0.01951467805,1
0.2084190696,0.3211279809,0.01575739123,0.01722923666,1
0.2084190696,0.3270405531,0.008953004144,0.01534243859,1
0.2084190696,0.332953155,0.003992461599,0.01645827107,1
0.2084190696,0.338865757,-0.000972717593,0.01945061982,1
0.2084190696,0.3447783589,-0.005539710633,0.02297873423,1
0.2084190696,0.3506909609,-0.007570262998,0.02726041712,1
0.2084190696,0.3566035628,-0.006923115347,0.03472233564,1
0.2084190696,0.3625161648,0.0008552379441,0.04006568715,1
0.2084190696,0.3684287369,0.01766216755,0.03701395914,1
0.2084190696,0.3743413389,0.03067304008,0.02733753808,1
0.2084190696,0.3802539408,0.03447792307,0.01858535223,1
0.2084190696,0.3861665428,0.03702965379,0.01255942881,1
0.2084190696,0.3920791447,0.02532788739,0.007690438535,1
0.2084190696,0.3979917467,0.01779996604,0.004076506011,1
0.2143316716,0.2915649712,-0.02452264726,0.009337414987,1
0.2143316716,0.2974775732,-0.02698843926,0.01087873615,1
0.2143316716,0.3033901751,-0.002626750153,0.0006150558474,1
0.2143316716,0.3093027771,0.001418367145,0.0009575893055,1
0.2143316716,0.315215379,0.008488629945,0.001914327615,1
0.2143316716,0.3211279809,0.01518727839,0.005855853669,1
0.2143316716,0.3270405531,0.008298887871,0.007809402421,1
0.2143316716,0.332953155,0.001906293561,0.009912563488,1
0.2143316716,0.338865757,-0.003635984147,0.01243412774,1
0.2143316716,0.3447783589,-0.0093393391,0.01507700048,1
0.2143316716,0.3506909609,-0.01507278252,0.02060221694,1
0.2143316716,0.3566035628,-0.01760882512,0.02574248239,1
0.2143316716,0.3625161648,-0.004562192596,0.01038792077,1
0.2143316716,0.3684287369,0.00277212495,0.004693384748,1
0.2143316716,0.3743413389,0.02246066928,0.008813217282,1
0.2143316716,0.3802539408,0.0430383496,0.01003079489,1
0.2143316716,0.3861665428,0.04149651527,0.005943092052,1
0.2143316716,0.3920791447,0.02691307291,0.003571436042,1
0.2143316716,0.3979917467,0.02005125582,0.001242769882,1
0.2202442735,0.2915649712,-0.03566138446,0.003385912394,1
0.2202442735,0.2974775732,-0.03968890756,-0.001662190538,1
0.2202442735,0.3033901751,-0.005862287711,-0.003419087967,1
0.2202442735,0.3093027771,-0.0003015678958,-0.004354937468,1
0.2202442735,0.315215379,0.005286394153,-0.004991623573,1
0.2202442735,0.3211279809,0.008723950945,-0.004087755922,1
0.2202442735,0.3270405531,0.005379719194,-0.0002276248269,1
0.2202442735,0.332953155,8.721377526e-05,0.003057390451,1
0.2202442735,0.338865757,-0.005486445967,0.004849636462,1
0.2202442735,0.3447783589,-0.01079872902,0.00569791114,1
0.2202442735,0.3506909609,-0.01919673197,0.007443054579,1
0.2202442735,0.3566035628,-0.02501196973,0.005533510819,1
0.2202442735,0.3625161648,-0.008411573246,-0.0007001071353,1
0.2202442735,0.3684287369,0.0007903770311,-0.002421335317,1
0.2202442735,0.3743413389,0.01718256436,-0.00275258394,1
0.2202442735,0.3802539408,0.04075857252,-0.004408916924,1
0.2202442735,0.3861665428,0.04209792987,-0.003240776947,1
0.2202442735,0.3920791447,0.03645439446,-0.002860410605,1
0.2202442735,0.3979917467,0.02690948732,-0.002566617448,1
0.2261568606,0.2915649712,-0.03411398828,-0.002842210466,1
0.2261568606,0.2974775732,-0.03351672739,-0.01062488183,1
0.2261568606,0.3033901751,-0.02362097241,-0.01945318468,1
0.2261568606,0.3093027771,-0.009859347716,-0.0261129234,1
0.2261568606,0.315215379,0.0009113481501,-0.01898593456,1
0.2261568606,0.3211279809,0.003156328574,-0.01092242636,1
0.2261568606,0.3270405531,0.001324291108,-0.006686842535,1
0.2261568606,0.332953155,-0.002438467694,-0.003825820051,1
0.2261568606,0.338865757,-0.006967563648,-0.002362775151,1
0.2261568606,0.3447783589,-0.01149053127,-0.003035405884,1
0.2261568606,0.3506909609,-0.01715745777,-0.005515936296,1
0.2261568606,0.3566035628,-0.0209975075,-0.01121508703,1
0.2261568606,0.3625161648,-0.01047453936,-0.01699247025,1
0.2261568606,0.3684287369,0.002639445011,-0.02037025802,1
0.2261568606,0.3743413389,0.02094297856,-0.01946502738,1
0.2261568606,0.3802539408,0.02882528491,-0.0134722488,1
0.2261568606,0.3861665428,0.03640928492,-0.01169444621,1
0.2261568606,0.3920791447,0.03312138095,-0.008325836621,1
0.2261568606,0.3979917467,0.02783150412,-0.005777407903,1
0.2320694625,0.2915649712,-0.02876349352,-0.005655931309,1
0.2320694625,0.2974775732,-0.02617870644,-0.01278867852,1
0.2320694625,0.3033901751,-0.0233701542,-0.01985080354,1
0.2320694625,0.3093027771,-0.0146354856,-0.02423368767,1
0.2320694625,0.315215379,-0.006659701932,-0.02165699936,1
0.2320694625,0.3211279809,-0.003198258346,-0.01670714654,1
0.2320694625,0.3270405531,-0.003245278262,-0.01238916442,1
0.2320694625,0.332953155,-0.005116525572,-0.009708402678,1
0.2320694625,0.338865757,-0.007626353297,-0.008903142065,1
0.2320694625,0.3447783589,-0.01042826194,-0.01046233531,1
0.2320694625,0.3506909609,-0.0124377897,-0.01409284398,1
0.2320694625,0.3566035628,-0.01238443609,-0.02055576816,1
0.2320694625,0.3625161648,-0.006836970802,-0.02913890406,1
0.2320694625,0.3684287369,0.006185208447,-0.03177598864,1
0.2320694625,0.3743413389,0.01720609888,-0.02493592352,1
0.2320694625,0.3802539408,0.02302860655,-0.01822844706,1
0.2320694625,0.3861665428,0.0291403532,-0.01536302175,1
0.2320694625,0.3920791447,0.02725826949,-0.01094329171,1
0.2320694625,0.3979917467,0.0261407271,-0.008223361336,1
0.2379820645,0.2915649712,-0.02428119443,-0.007498604245,1
0.2379820645,0.2974775732,-0.0253322795,-0.0153802922,1
0.2379820645,0.3033901751,-0.02234157361,-0.01922259852,1
0.2379820645,0.3093027771,-0.01572260261,-0.01989970729,1
0.2379820645,0.315215379,-0.0108718751,-0.02025585994,1
0.2379820645,0.3211279809,-0.007773680612,-0.01792378724,1
0.2379820645,0.3270405531,-0.006394435652,-0.01530838571,1
0.2379820645,0.332953155,-0.006492454559,-0.01395063847,1
0.2379820645,0.338865757,-0.007416257169,-0.01366313267,1
0.2379820645,0.3447783589,-0.008421481587,-0.01513609383,1
0.2379820645,0.3506909609,-0.008421306498,-0.01854459569,1
0.2379820645,0.3566035628,-0.006176384632,-0.02332989126,1
0.2379820645,0.3625161648,-0.00125831156,-0.02782073244,1
0.2379820645,0.3684287369,0.007694393396,-0.03027491271,1
0.2379820645,0.3743413389,0.01660151966,-0.02785760537,1
0.2379820645,0.3802539408,0.02221867815,-0.02248220704,1
0.2379820645,0.3861665428,0.02430032007,-0.01728614978,1
0.2379820645,0.3920791447,0.02348246053,-0.01226508897,1
0.2379820645,0.3979917467,0.02045508474,-0.008846666664,1
0.2438946664,0.2915649712,-0.01455155108,-0.009268186055,1
0.2438946664,0.2974775732,-0.01868428104,-0.01585747115,1
0.2438946664,0.3033901751,-0.01793642901,-0.01739983261,1
0.2438946664,0.3093027771,-0.01658161171,-0.0209592022,1
0.2438946664,0.315215379,-0.01438091137,-0.02241077274,1
0.2438946664,0.3211279809,-0.01117882691,-0.02120839059,1
0.2438946664,0.3270405531,-0.009207851253,-0.01957606338,1
0.2438946664,0.332953155,-0.0077059553,-0.01804645918,1
0.2438946664,0.338865757,-0.006737832446,-0.01728823781,1
0.2438946664,0.3447783589,-0.006312016398,-0.01824004389,1
0.2438946664,0.3506909609,-0.004859360866,-0.02151683159,1
0.2438946664,0.3566035628,-0.001746749389,-0.02557572164,1
0.2438946664,0.3625161648,0.002673116047,-0.02991375886,1
0.2438946664,0.3684287369,0.00849547796,-0.03026716225,1
0.2438946664,0.3743413389,0.01473919675,-0.02842624485,1
0.2438946664,0.3802539408,0.01940401085,-0.02394654043,1
0.2438946664,0.3861665428,0.02175987139,-0.01745707355,1
0.2438946664,0.3920791447,0.01864171959,-0.01218272559,1
0.2438946664,0.3979917467,0.006909283344,-0.006224458106,1
